0,1,2,3,4,5,6,7,8,9,10,11,12,13,14,15,16,17,18,19,20,21,22,23,24,25,26,27,28,29,30,31,32,33,34,35,36,37,38,39,40,41,42,43,44,45,46,47,48,49,50,51,52,53,54,55,56,57,58,59,60,61,62,63,64,65,66,67,68,69,70,71,72,73,74,75,76,77,78,79,80,81,82,83,84,85,86,87,88,89,90,91,92,93,94,95,96,97,98,99,100,101,102,103,104,105,106,107,108,109,110,111,112,113,114,115,116,117,118,119,120,121,122,123,124,125,126,127,128,129,130,131,132,133,134,135,136,137,138,139,140,141,142,143,144,145,146,147,148,149,150,151,152,153,154,155,156,157,158,159,160,161,162,163,164,165,166,167,168,169,170,171,172,173,174,175,176,177,178,179,180,181,182,183,184,185,186,187,188,189,190,191,192,193,194,195,196,197,198,199,200,201,202,203,204,205,206,207,208,209,210,211,212,213,214,215,216,217,218,219,220,221,222,223,224,225,226,227,228,229,230,231,232,233,234,235,236,237,238,239,240,241,242,243,244,245,246,247,248,249,250
12.657179,12.384802,12.705874,12.821981,12.735378,12.554114,12.13667,10.948099,8.285269,5.424692,2.6961997,1.425257,0.9812442,0.4694695,-0.73018855,-1.5540391,-1.5720587,-1.7622727,-1.6914569,-1.581562,-1.3167889,-0.98279166,-0.80441374,-0.7314128,-0.6800532,-0.72836125,-0.852824,-0.96112716,-1.0361353,-1.1842983,-1.325722,-1.2367804,-0.9927069,-0.91621804,-0.9080428,-1.0291892,-1.1401825,-1.3221189,-1.5533191,-1.7152469,-1.7979448,-1.6264806,-1.3692776,-1.4048584,-0.7728813,0.12819435,0.6834446,1.1727436,1.3491412,1.6798415,2.491462,3.519051,4.825637,5.9329386,6.7695904,7.056816,6.9539657,6.70095,5.4032445,4.230173,3.8704433,3.658408,3.1371722,2.6295424,1.8090249,0.15818964,-0.50110996,-0.7024895,-0.7429693,-0.60305876,-0.43406397,-0.20377705,0.11820772,0.48584974,0.81972146,0.9972575,0.8819015,0.7845316,0.8800027,1.1672163,1.9054548,3.069073,4.9184704,6.5841513,7.9586706,8.473254,8.52771,8.579698,8.280733,8.16792,9.9815445,7.6881876,7.357235,6.91123,6.5766783,4.564411,3.0147526,2.030531,2.1461792,2.1900928,2.4609437,2.5683496,2.317623,1.3572011,0.46042812,0.2509061,0.32035154,0.64531076,0.8507547,0.91448605,0.97240573,1.038898,1.0116233,0.9451245,0.9984239,0.91219157,0.9178677,0.8790948,0.7478546,0.73034614,0.7246887,0.7119815,0.7458911,0.7134273,0.67348075,0.41858104,0.33176962,0.45971978,1.8862681,2.9851394,3.7386284,4.473628,6.1435437,8.123589,8.9695425,8.932903,6.437808,3.6694415,2.6671977,2.5688632,2.6353393,2.8104537,2.7082274,2.6476302,2.361741,2.2551062,2.4932818,2.790864,3.2113566,4.2098703,5.872248,7.6384764,8.693288,9.411608,9.788617,9.453069,8.5490465,6.764785,4.537665,3.7360287,4.4865913,4.8016577,4.651746,4.731558,4.21267,4.0535064,3.8783667,2.528965,1.2885917,0.42588967,0.4373556,0.68719393,0.21906754,0.13935967,0.24083887,0.35670805,0.35676366,0.29675424,0.32524544,0.4275706,0.6066346,0.77896005,0.80083466,0.83614564,0.828613,0.93033093,1.0857658,1.2950217,1.417986,1.6766772,1.8863578,2.276557,2.9418547,3.4268546,3.6943858,3.9637856,3.9118834,3.9639688,3.7484498,3.5763793,3.6317077,3.058583,2.3548088,1.2181301,0.6241368,0.22529478,-0.3126865,-0.52698046,-0.5104382,-0.57868946,-0.83760923,-1.0941335,-1.3324797,-1.4536582,-1.4562296,-1.428515,-1.3004302,-0.995263,-0.68864405,-0.26130676,0.29759145,1.5975626,2.2725244,2.2272177,1.5318011,0.9003031,0.538255,0.946613,1.6492711,2.0581317,2.356005,3.0713167,3.792531,4.567218,5.661831,6.4900064,7.3080187,7.9237957,8.16885,8.10432,8.18026,8.331632,8.623297,9.023762,9.403025,9.60713,9.991435,10.088975,9.972532,9.972577,9.972536
-2.8233209,-3.0485072,-2.9749641,-2.8723607,-2.8534632,-2.8745863,-2.9947433,-3.166407,-3.369391,-3.4448748,-2.9468122,-2.6360784,-2.467052,-2.3373451,-2.4448953,-3.2478406,-3.74152,-3.6162734,-3.3069434,-3.0972922,-2.763607,-2.4329362,-2.1504827,-1.9701596,-1.6982512,-1.4840142,-1.1822298,-1.0416136,-0.7953571,-0.4434871,-0.081827074,0.262882,0.28641397,0.15584709,0.030331979,-0.17166848,-0.35841763,-0.4914317,-0.48610985,-0.56625295,-0.7431525,-0.90096676,-1.1764652,-1.836941,-2.0795069,-2.2167544,-2.3315315,-2.5182276,-2.6341493,-2.7018206,-2.8315506,-2.9098907,-3.0119913,-3.0866513,-3.2083554,-3.3284779,-3.4418864,-3.4059634,-3.1184015,-2.9171352,-2.7471926,-2.7367873,-2.5338027,-2.1692162,-1.816889,-1.3974761,-0.74294245,0.9235604,2.825676,4.147812,5.411684,7.352129,8.718975,9.486916,9.90954,9.984465,9.982195,9.890742,9.714749,9.34975,8.572024,7.3823895,5.700774,4.136374,2.8062172,1.5656348,0.55847156,0.22051133,-0.089616135,-0.56081367,-1.5013992,-0.5825887,-0.8925183,-0.9517697,-1.7143824,-2.0147839,-2.1152155,-2.2450635,-2.1395924,-2.1544356,-2.2228842,-2.1537385,-1.9445987,-1.8912514,-2.1026144,-2.2691405,-2.1037617,-1.8463137,-1.7710152,-1.7410758,-1.7327466,-1.7537037,-1.7348058,-1.5951505,-1.4993567,-1.4200041,-1.4688938,-1.502876,-1.5102357,-1.5692508,-1.6266348,-1.6501211,-1.6703167,-1.6599894,-1.5137718,-1.0064449,-0.51962143,0.16192278,0.4051972,0.5405829,0.2763418,-0.16610205,-0.5541432,-1.0207067,-1.3335495,-1.7115389,-2.2304664,-2.5117006,-2.6134095,-2.3371253,-2.2757745,-2.3485646,-2.48703,-2.6703305,-2.7273145,-2.5466573,-2.2581716,-2.003773,-1.8517032,-1.9986005,-2.1971486,-2.1950285,-2.2929075,-2.4313428,-2.3996997,-2.4923482,-2.4860535,-2.5244107,-2.482862,-2.379639,-2.4262862,-2.473907,-2.4124615,-2.2164626,-1.9796224,-1.8649061,-1.7230362,-1.5892388,-1.5092773,-1.462932,-1.6024938,-1.6475599,-1.5893911,-1.6853764,-1.5099039,-1.1093762,-0.84724724,-0.7360369,-0.6993137,-0.6766115,-0.6118815,-0.47086996,-0.3331845,-0.33080575,-0.2902936,-0.28576085,-0.13316926,0.333166,0.56717896,0.8274962,0.8884541,0.90604955,0.44793072,-0.02697365,-0.57098866,-1.6591122,-2.2658753,-2.4097743,-2.5129428,-2.650323,-2.5606909,-2.552946,-2.4762175,-2.425156,-2.4949183,-2.5310607,-2.2263293,-1.8160825,-1.6733556,-1.6559625,-1.6469593,-1.6082127,-1.5376986,-1.5777452,-1.7035575,-1.8705373,-2.1653085,-2.4595037,-2.6605844,-2.7807121,-2.8646803,-2.5571713,-2.2086208,-2.4166298,-2.7778468,-3.1465378,-3.53188,-3.6669579,-3.39926,-3.2436657,-3.2138538,-3.1851995,-3.1623282,-3.2352693,-3.2581725,-3.0782661,-2.9138656,-3.0039282,-3.1464524,-3.1830935,-3.140543,-3.18522,-3.35502,-3.398766,-3.3483074,-3.2114053,-3.1464827,-3.0839293,-1.4972672,-1.4972668,-1.4972644
-1.6604397,-1.482624,-1.2854223,-1.4270306,-1.4877418,-1.5392926,-1.5866511,-1.4499878,-0.95921046,-0.63995194,-0.38386244,-0.16208157,-0.18471113,-0.32142884,-0.9766324,-2.1614227,-3.221928,-4.058388,-4.260302,-4.2573977,-4.204449,-4.118749,-4.018858,-3.940593,-3.7716708,-3.6359465,-3.3765912,-3.12783,-2.8672075,-2.6149552,-2.5624807,-2.5102432,-2.5654812,-2.6306503,-2.5866885,-2.4860272,-2.4587069,-2.618216,-3.0239196,-3.2260914,-3.251615,-3.0889187,-2.5777848,-1.3025548,-0.25794616,0.19940814,0.37748474,0.11768454,-0.19851191,-0.3774713,-0.85008556,-0.79834956,-0.55830985,-0.35124242,-0.34460315,-0.24727578,-0.021149471,0.09750581,0.30195174,0.36425725,0.21800886,0.09613918,0.12804586,0.101118475,-0.0861083,-0.6859178,-1.1969101,-2.1105967,-2.6845787,-2.809914,-2.8336487,-2.7782195,-2.720409,-2.6866553,-2.601696,-2.5877209,-2.6488848,-2.7212281,-2.67517,-2.427321,-2.0447664,-1.8714633,-1.6600618,-1.3756946,-1.1935345,-1.1614361,-1.1435452,-1.1330173,-1.1236331,-1.1782875,-0.12679692,-1.316411,-1.2367184,-1.1477816,-0.77360547,0.37029123,0.57881427,0.14719453,0.07636686,-0.120047286,-0.22920343,-0.34241062,-0.54367065,-0.9684262,-1.3395476,-1.741457,-2.241992,-2.8007526,-2.9966085,-3.0329833,-3.0825524,-3.0920367,-3.15243,-3.2278156,-3.2872868,-3.322917,-3.328485,-3.3175669,-3.3615136,-3.3541508,-3.399961,-3.4204707,-3.406395,-3.434509,-3.5212245,-3.6914768,-3.6040998,-3.310544,-2.8164415,-2.4066453,-2.3794205,-2.519762,-2.3462818,-2.3248267,-2.4669476,-2.372496,-1.7529159,-1.4410286,-1.2809341,-1.5713968,-1.7198584,-1.6684551,-1.6125011,-1.71088,-1.9925449,-2.1197371,-2.1096878,-2.1324441,-2.1155753,-2.0325484,-1.907974,-1.9586513,-1.7011511,-1.4109524,-1.0897202,-0.9799925,-0.7498231,-0.34456912,-0.2244734,-0.3801267,-0.88135225,-1.1600299,-1.0560544,-1.0200882,-0.9598285,-1.0304825,-0.86156195,-0.61858594,-0.2944,-0.98675466,-1.5218763,-1.8649505,-1.9634928,-1.9949069,-2.1853762,-2.2555149,-2.2352417,-2.2651832,-2.2968345,-2.3338785,-2.4338257,-2.6425629,-2.8757505,-2.9505086,-2.9147022,-3.0150928,-3.062306,-3.039702,-3.0114238,-2.941979,-2.9181757,-2.8187842,-2.4347653,-1.7145422,-1.1584387,-0.5269783,-0.1420804,-0.2790815,-0.49556565,-0.32162794,-0.35105067,-0.011235923,-0.008193463,-0.25569585,-0.2895519,-0.12450224,-0.21733272,-0.8023734,-1.087352,-1.267304,-1.3765945,-1.426259,-1.4566242,-1.5368855,-1.6668143,-1.8341244,-1.9934313,-2.0845423,-2.040156,-1.6498685,-1.270663,-0.894223,-0.8886223,-0.8837502,-1.3226829,-1.7943758,-2.201138,-2.8660183,-3.4211764,-3.5930724,-3.633666,-3.6189668,-3.458551,-3.151667,-2.8887959,-2.72059,-2.444698,-2.2993205,-2.2452135,-2.17618,-2.077743,-1.9828559,-1.8455176,-1.7146435,-1.4427927,-1.3960848,-1.4353858,-1.4394813,-0.12681225,-0.12681377,-0.12680623
-2.314159,-2.3112452,-2.4566014,-2.3648813,-2.2336373,-2.1383433,-2.0374026,-1.8036559,-1.337893,-1.0418432,-0.5546778,-0.38959274,-0.3382083,-0.2593123,-0.13870642,-0.6663352,-1.3124233,-1.9509357,-2.3658667,-2.5634918,-2.5698836,-2.4539306,-2.244901,-2.0653107,-1.8227882,-1.6186574,-1.2638404,-0.89079833,-0.54155535,-0.032257468,0.22141063,0.1880705,0.025819272,-0.25382662,-0.5497924,-0.852729,-1.1864277,-1.524744,-1.8911116,-1.9904623,-2.0017798,-1.8811772,-1.7754128,-1.7346252,-2.1335897,-2.460525,-2.5612879,-2.673666,-2.660061,-2.4889805,-2.2762423,-1.9097725,-1.6439422,-1.5334156,-1.5807894,-1.5653043,-1.5016731,-1.3556309,-1.047197,-0.9281794,-1.0222285,-1.176702,-0.9693722,-0.5016501,-0.0022547022,0.14290929,-0.038983855,-0.41599804,-0.93708634,-1.1716086,-1.1990869,-1.124406,-0.93678385,-0.4977872,-0.017285347,0.25042108,0.4233612,0.48731366,0.37033102,0.08903283,-0.2879427,-0.6673652,-1.0875865,-1.2721885,-1.3062041,-1.6572659,-2.0071254,-2.031623,-2.3010163,-2.4307265,-0.34952238,-2.3984995,-2.4864807,-2.4671223,-2.6042476,-2.4682631,-2.2032218,-2.0643973,-2.0721622,-2.2078822,-2.395511,-2.4528303,-2.271419,-2.1767428,-2.2532625,-2.251408,-2.0772753,-2.0065928,-2.0949087,-2.1872983,-2.2482293,-2.288699,-2.3556104,-2.351668,-2.3463898,-2.323277,-2.3558443,-2.393672,-2.397366,-2.4383247,-2.4567986,-2.4441314,-2.4530075,-2.4138174,-2.2487695,-1.751708,-1.0973479,-0.26174736,1.0472884,1.0656631,0.69626194,0.22713424,0.036501534,-0.37411025,-0.79861796,-1.1923684,-1.237173,-1.051007,-0.78767437,-0.47672674,-0.13165313,-0.18118009,-0.389493,-0.64714783,-0.8792317,-0.869189,-0.71602404,-0.54966474,-0.4583188,-0.5350754,-0.72838056,-0.9890944,-1.19139,-1.6578491,-1.8337502,-1.5341321,-1.58521,-1.9288919,-2.2106712,-2.2393155,-2.6379614,-2.809187,-2.7840598,-2.825037,-2.7563999,-2.7260365,-2.5385697,-2.1312118,-1.7894714,-0.92277175,-0.4542184,-0.41692454,-0.6172671,-0.98275346,-1.2390379,-1.2676723,-1.1244246,-0.9970692,-0.9170792,-0.8468564,-0.5929998,0.015074313,1.2897202,3.6812458,6.689522,9.182047,10.5213375,11.279713,11.274733,11.142484,11.030284,10.715883,9.989249,8.921354,7.1016064,4.1140094,1.9977462,0.8837038,-0.26629254,-1.3082156,-1.5962977,-1.6714511,-1.4574811,-1.3520813,-1.5458559,-1.383902,-1.076318,-0.8841504,-0.89330167,-1.0252783,-1.0588032,-1.0766585,-1.0746225,-1.11365,-1.1688025,-1.222398,-1.4125166,-1.6694591,-1.8857088,-2.1568494,-2.4674187,-2.4872675,-2.2822618,-2.374988,-2.6646204,-2.7625191,-2.8192885,-2.9140792,-3.1400375,-3.2182226,-3.1930566,-3.1149883,-3.0561712,-3.1035194,-3.2255628,-3.2865775,-3.178144,-3.1718984,-3.1606917,-3.0117455,-2.7276337,-2.4952636,-2.211443,-2.085744,-1.7698159,-1.504141,-1.4604839,-1.378059,-0.337944,-0.33800817,-0.33794928
0.8634273,0.8521681,0.45713055,0.26613745,0.12082513,-0.01428844,-0.0039682314,-0.0058989264,0.0397968,0.15151966,-0.15542209,-0.6900543,-0.8619609,-1.0381638,-1.2155952,0.15972981,2.1213846,3.0459118,2.9660442,2.7456517,2.3283653,1.5936813,0.7707387,0.22910647,-0.41092384,-0.80401784,-1.2787571,-1.4227736,-1.3265917,-1.0858634,-0.7737158,-0.43161193,-0.33241656,-0.30700403,-0.3113353,-0.32534587,-0.2147177,-0.0011078268,0.45729446,0.6969954,0.8693469,0.9817526,0.76761425,-0.6566961,-2.074125,-2.5489283,-2.6145446,-2.5339656,-2.4642015,-2.5530884,-2.5892777,-2.7586212,-3.0384607,-3.0112185,-2.835731,-2.708653,-2.536997,-2.1046443,-1.5597913,-1.2454758,-1.167953,-1.249236,-1.3521302,-1.3153775,-1.1173668,0.28694385,1.5859075,2.700163,3.0911465,3.0121198,2.6544805,1.7112849,0.26622367,-0.8244975,-1.3950095,-1.5237358,-1.5423026,-1.5129007,-1.4455271,-1.44789,-1.6438614,-1.9784501,-2.2542453,-2.1654458,-2.029182,-1.7165186,-1.4876719,-1.312926,-1.334909,-1.2144011,-0.028807562,-1.0538409,-0.97022814,-0.98226225,-0.9008502,-0.6178018,-0.37604275,-0.19302586,-0.1470856,0.023238644,-0.0039944425,0.14027016,1.2990417,2.8162253,3.737037,4.7552047,5.5709095,6.3250213,6.620345,6.7675576,6.9015045,6.9467196,7.0689306,7.070818,7.085286,7.1463213,7.2440186,7.3503766,7.3990955,7.467516,7.5453205,7.5887957,7.60752,7.6039023,7.634043,7.618755,7.3875313,5.994019,2.7184763,1.3195301,0.9730922,0.89433527,0.6407492,0.42256743,0.3431359,0.1446472,-0.5689667,-0.5550709,-0.33173624,-0.16121939,-0.12060535,-0.115002826,0.04799071,0.30834943,0.5958303,0.37961006,-0.09142329,-0.43382663,-0.916723,-1.6510317,-2.2978318,-1.98709,-1.607069,-1.276193,-1.0980077,-0.9753048,-0.6087433,-0.20345587,-0.04105231,0.054670185,-0.02897662,-0.08637285,-0.21166313,-0.6814525,-0.8140513,-0.8432162,-1.0468686,-1.3644694,-1.5917765,-1.052984,-0.42510515,-0.29772562,-0.11014263,-0.12940092,0.11534606,0.3885967,0.47689322,0.520744,0.57393265,0.66606486,0.7481421,0.7454716,0.5873842,0.108078375,-0.7126657,-1.827467,-2.4238768,-2.2632756,-1.9395338,-1.5301359,-1.3952096,-1.2819159,-1.2751186,-1.2763035,-1.16048,-1.3174882,-1.2186878,-0.84991455,-0.28142715,0.123811916,0.35497716,-0.38753214,-1.056127,-1.3028119,-0.83110905,0.015175045,1.1369822,1.8929181,2.1737273,2.286359,2.146491,1.8995117,1.5761611,1.3453131,1.2479798,1.2669209,1.3042018,1.2856449,1.1626898,0.69270915,0.013847489,-1.2359264,-1.6727849,-1.6570945,-1.5396096,-1.2062376,-0.5894588,0.3478408,1.2554821,1.6282214,1.715194,1.7777655,1.7813029,1.5365217,1.2006906,1.018448,0.73722655,0.50501573,0.239881,-0.10124313,-0.57111156,-0.6625354,-0.941399,-0.9092596,-1.0393012,-1.0599649,-0.83077294,-0.7749435,-0.033524517,-0.033537477,-0.033524245
-2.3767195,-2.5509624,-2.4116974,-2.527025,-2.589912,-2.6409435,-2.5478072,-2.4343405,-1.6691325,-0.99729437,-0.44066745,-0.36878002,-0.24444626,-0.016908884,0.63730055,0.2098246,-0.29635736,1.1974177,2.4452825,2.781353,3.007493,3.184435,3.1369522,2.9442492,2.4497776,1.9082879,0.85260355,-0.32642448,-1.0280206,-1.4423437,-1.5178353,-1.3174415,-1.2281868,-1.2476968,-1.1918244,-1.0910735,-0.9732486,-0.81497264,-0.624911,-0.51988477,-0.44157827,-0.51346916,-0.8900458,-1.6238041,-1.9840949,-2.4283361,-2.7686262,-2.9744482,-2.9573157,-2.8812213,-2.8468332,-2.8419409,-2.632418,-2.4963932,-2.416965,-2.327465,-2.1856363,-1.9640973,-1.2952825,-0.91033494,-0.8316961,-0.77459353,-0.49726796,-0.32041723,-0.25301465,-0.9113767,-1.5297651,-1.7134733,-1.6777705,-1.7646433,-1.8381808,-1.8471668,-1.6756228,-1.303208,-0.96790236,-0.77555263,-0.593206,-0.40774375,-0.37025312,-0.5423625,-0.75494117,-0.93296653,-1.3186622,-1.7324133,-1.850802,-1.8942151,-1.8929033,-1.874627,-1.9006879,-1.8205926,-0.8196286,-1.6194506,-1.719553,-1.662364,-1.7217727,-2.0952518,-2.0504599,-1.848988,-1.7245423,-1.6603643,-1.6519108,-1.590764,-1.5217099,-1.5655284,-1.6825286,-2.00502,-2.3398483,-2.5266042,-2.5631702,-2.6137638,-2.6652021,-2.7173877,-2.6898556,-2.6227198,-2.5443401,-2.4189167,-2.2883883,-2.119225,-1.9629313,-1.851702,-1.6795219,-1.5502639,-1.5127101,-1.373275,-1.12081,-0.5379304,-0.2440952,0.14976926,0.43750072,-0.083283514,-0.6923192,-1.0927916,-1.847311,-2.4026165,-2.5066442,-2.2775195,-0.7751175,0.16926199,0.71455884,0.894056,1.2685527,1.5346663,1.8622897,2.295249,3.182113,3.8620014,4.3178463,4.3102036,4.0963182,3.7114248,3.0505943,1.6796157,0.47765177,-0.21298647,-0.7434904,-0.6316695,-0.84870493,-0.9828791,-0.95183706,-0.79927516,-0.7117486,-0.3364226,0.31608233,1.4539281,2.4752793,3.2689614,4.926482,7.549597,9.311932,10.77264,10.99405,10.638983,9.134193,6.722412,2.878636,0.38747847,-0.44252837,-0.6436529,-0.7461918,-0.8484781,-0.91157573,-0.8282727,-0.62430567,-0.45420402,-0.19270618,0.57474536,1.1689236,1.3695123,1.2645121,0.88518417,0.82234156,1.0018282,0.79966295,0.46602422,-0.04046215,-0.46019658,-0.4623432,-0.41957754,-0.6496704,-1.1223035,-1.1431059,-0.43543702,0.44103962,1.1332151,0.616096,0.08672103,-0.54145974,-0.57050586,-0.553252,-0.6175423,-0.59612966,-0.59790075,-0.599275,-0.58827174,-0.586714,-0.44162005,-0.4421,-0.55433434,-0.73940796,-1.2076936,-1.569118,-1.8008313,-1.6035037,-0.96936464,0.017405272,0.8355782,0.85235274,-0.049145952,-0.50793505,-0.56849277,-0.6146942,-0.8195553,-1.1567914,-1.3937601,-1.318258,-1.2087119,-1.3098568,-1.4776174,-1.4860423,-1.4866468,-1.2246708,-0.83696914,-0.403323,-0.15379359,0.069271326,0.25152937,0.18681611,0.16117184,-0.8166412,-0.8166714,-0.8166412
-2.983388,-3.224772,-3.1950564,-3.0853748,-3.0513155,-3.0257826,-3.0530672,-3.2425296,-3.4591658,-3.3648963,-2.9855635,-2.818574,-2.8059473,-2.6384048,-2.0981677,-1.3724461,-0.46345866,0.5814149,1.1394691,1.4234225,1.5848311,1.6369905,1.6852102,1.699069,1.6701965,1.6714394,1.6584418,1.4551282,1.1157665,0.94901025,1.1379261,1.7471353,2.9262838,4.3825893,5.632862,6.8014965,7.6770973,8.187286,8.532366,8.629798,8.610533,8.27623,7.786544,6.7830143,5.232754,3.3799884,1.924118,0.87790513,0.2838357,-0.4560737,-1.168993,-1.6305125,-2.0164382,-2.469175,-2.6780958,-2.7768505,-2.883641,-2.8918445,-2.8587487,-2.735727,-2.7332444,-2.7149978,-2.4586236,-1.9728644,-1.1949502,-0.31820646,-0.31736025,-0.3608691,-0.13645265,-0.14949782,-0.30867845,-0.7080577,-1.0764912,-1.2325717,-1.0893005,-1.0123324,-0.95929605,-0.96572053,-1.1282251,-1.5003213,-1.8817513,-2.0414093,-2.3384109,-2.7740743,-2.95614,-3.0801187,-3.2101994,-3.2715917,-3.3107314,-3.3489442,-3.0007777,-3.2098656,-3.1844702,-3.1702318,-3.3403888,-3.555007,-3.4324658,-3.1094656,-2.9737005,-2.8593678,-2.7310543,-2.449118,-2.113958,-1.5720322,-1.0723526,-0.83725977,-0.60586256,-0.40924853,-0.49449724,-0.6111479,-0.63206726,-0.6565098,-0.5581268,-0.46553802,-0.4324082,-0.39354396,-0.37217554,-0.3375787,-0.2560962,-0.25171295,-0.20767167,-0.17999944,-0.1966092,-0.20010886,-0.21655878,-0.2006156,-0.27149302,-0.5661396,-1.0515174,-1.5258992,-1.8046458,-1.8665457,-1.7671165,-2.132152,-2.4607096,-2.7275317,-3.1542208,-2.83232,-2.3919199,-1.9489205,-1.5629039,-1.4667029,-1.3633277,-1.2988011,-0.97905684,-0.81905466,-0.9285829,-1.0897161,-1.2553742,-1.5277668,-1.7104623,-2.029129,-2.4748764,-2.6190653,-2.7485876,-2.6859431,-2.8204067,-3.0350223,-2.890602,-2.7787385,-2.5953119,-2.4648123,-2.4820902,-2.2668881,-2.2217462,-2.2155313,-2.3241036,-2.1843398,-1.900609,-1.5262228,-1.3150476,-1.1330582,-0.9248451,-1.0987273,-1.3272536,-1.4125439,-1.350129,-1.3165972,-1.3460824,-1.4375373,-1.5626867,-1.6863248,-1.9082928,-2.2852135,-2.1862848,-1.5024788,-0.64496046,0.30523655,0.7422639,0.8910563,0.8458657,0.52003706,0.2681766,-0.46983123,-1.2593098,-2.0403843,-2.4103203,-2.224166,-1.9150381,-1.6568297,-1.4627149,-1.3217652,-0.7948673,0.23894791,0.9935314,0.9955421,0.8769027,0.7441599,0.5579804,0.40494344,0.23591296,0.08491999,-0.09691052,-0.26180863,-0.35994965,-0.41643023,-0.49603832,-0.5753054,-0.6531391,-0.76492834,-0.42689288,-0.30740753,-0.84644175,-1.3878903,-1.2889595,-0.9303973,-0.47994688,-0.27068788,-0.27871507,-0.39118564,-0.4958779,-0.7976973,-1.2038561,-1.7092067,-2.2880888,-2.6879363,-3.1289337,-3.4919963,-3.658196,-3.6631854,-3.7311916,-3.654364,-3.5162966,-3.4666007,-3.4268696,-3.358924,-3.40732,-3.425439,-2.989201,-2.9892664,-2.9891891
-1.4808917,-1.6350433,-1.8020991,-1.7597268,-1.6951156,-1.6453911,-1.5738422,-1.2523117,-0.7348975,-0.20007868,0.23075521,0.29167378,0.43048793,0.6219169,0.96494156,-0.08766067,-1.0613006,-0.8831965,-0.55450416,-0.4175879,-0.119496405,0.28811425,0.5639979,0.7676624,1.1057323,1.4081132,1.8858867,2.1347082,2.1888638,2.1514935,1.9000597,1.4241911,1.0329273,0.72050667,0.4392647,0.1763029,-0.00023922324,-0.04875177,0.15220006,0.35225904,0.51348954,0.6338216,0.5199487,-0.1318607,-0.531327,-0.94405377,-1.2824538,-1.3830391,-1.2844505,-1.0667847,-0.6541876,-0.39016494,-0.41531694,-0.6515992,-0.93313146,-1.0916166,-1.2108289,-1.2189138,-0.64672494,-0.3457101,-0.11137296,0.015403539,0.32885912,0.7100915,1.0102569,0.7430482,0.2225071,-0.051616162,-0.14661044,-0.048667878,0.28355432,1.2525089,2.5427125,3.5881333,4.289291,4.5554295,4.6973295,4.7241964,4.4978256,4.0574026,3.3287315,2.520222,1.7623606,1.4186457,1.2209802,0.9326143,0.7000881,0.6903074,0.54525703,0.37505925,-0.49417168,0.3020414,0.1918491,0.18245126,-0.33975193,-0.6549604,-0.5264553,-0.43251055,-0.3872285,-0.35073426,-0.39668652,-0.31615728,0.045167774,0.27510378,0.26172206,0.08771509,0.15693027,0.37012643,0.39961907,0.37811083,0.40485343,0.3589698,0.2998032,0.37607574,0.464831,0.59376323,0.6331799,0.6804175,0.791693,0.82066834,0.94774747,1.1038753,1.1660379,1.5315098,2.2605815,3.9404573,5.6068034,7.462009,8.777866,9.044516,8.94563,8.775958,8.741671,8.101637,7.3529444,6.5097246,5.20579,4.654106,4.314794,4.7649627,4.377187,3.8314922,3.2852798,2.5494936,1.4638377,1.0412527,1.0503074,1.2219017,1.1678584,0.40638122,-0.8432863,-1.900033,-2.1036367,-2.2679696,-2.1135736,-2.2419844,-2.2386835,-2.2223759,-2.4158583,-2.4085448,-2.5548143,-2.6428945,-2.6982772,-2.9476304,-2.8916206,-2.7824476,-2.457043,-1.9275699,-1.2397773,-0.16924056,0.24835593,0.16945423,-0.44663048,-0.34603626,0.015392825,0.2555652,0.4015987,0.42708108,0.406667,0.39903295,0.55297285,1.001519,1.8297817,2.7190516,3.2405534,2.975239,2.9886234,3.640078,4.168211,5.1764994,5.5702705,5.8987885,5.6177917,4.744203,3.4802375,1.6928682,0.5329906,0.11971152,-0.061344028,-0.41049773,-0.44384813,-0.26686162,0.07978608,0.24180251,-0.1998931,-0.77689767,-1.0919656,-1.0505195,-0.954143,-0.89086884,-0.7948428,-0.70853347,-0.5560511,-0.4307652,-0.3110417,-0.14800629,0.058157742,0.16110852,0.24703187,0.101424456,-0.3426496,-0.4218928,-0.40667588,-0.7292744,-0.5891487,-0.18087102,0.16068047,0.34117347,0.54409873,0.63010955,0.6742606,0.8064561,1.0276182,0.9633654,0.7177696,0.66833586,0.74109936,0.69713414,0.73632693,0.8895196,1.2664089,1.2191181,0.72233665,0.22531147,-0.19901851,-0.31464866,-0.41017386,-0.37511075,-0.49666312,-0.4966947,-0.49667877
-1.9023063,-2.1293633,-2.0698915,-1.956499,-1.9460012,-1.9079449,-1.9251413,-1.9289286,-2.0500968,-1.9530795,-1.5204886,-1.4334562,-1.4251697,-1.2406394,-0.34435248,1.2165127,2.0879703,2.3147864,2.2959735,2.4185405,2.4804463,2.3810248,2.384674,2.4353404,2.6163344,2.8794746,3.3217707,3.6177912,3.6068773,3.5831842,3.8292382,4.1638594,4.344591,4.300844,4.1466656,3.750892,3.2778795,2.987801,2.7367535,2.5532987,2.2074838,1.7862597,1.3577698,0.93342054,0.17675824,-0.656374,-1.1096983,-1.2528949,-1.165908,-0.9798467,-0.48235512,-0.55357605,-0.8608798,-1.4027809,-1.7896693,-1.9836627,-2.0314116,-2.003639,-1.8921466,-1.7990572,-1.5806469,-1.1661333,-0.6566675,-0.05348067,0.76879615,2.224701,2.9828546,3.396602,3.6108718,3.4302402,3.0790384,2.3371477,1.675266,1.0683827,0.4451065,0.08240536,-0.101759896,-0.2521287,-0.4503368,-0.5775001,-0.6150993,-0.63979334,-1.1745257,-1.7503622,-2.184845,-2.4879262,-2.5785325,-2.5445967,-2.516457,-2.4710817,-2.6871805,-2.2850142,-2.1429842,-2.168948,-2.2260776,-2.255467,-1.8843192,-1.1799192,-0.7873641,-0.103862345,0.59153974,1.2516296,1.9063956,2.5722282,3.2823882,3.7269015,4.001354,4.1665845,4.212008,4.3029985,4.41623,4.5256305,4.6617346,4.723665,4.7657146,4.745231,4.6343923,4.495284,4.4364567,4.3514767,4.2152653,4.102611,4.0398855,3.954669,3.753168,3.3122892,2.7917612,1.9308965,0.4827265,-0.30690652,-0.26521233,-0.161808,-0.5697212,-1.3825486,-1.8740132,-2.237949,-2.7082078,-2.8472304,-3.0874844,-3.2107756,-3.3825176,-3.440207,-3.4337,-3.2548003,-2.8826833,-2.6246767,-2.467665,-2.3702183,-2.2836065,-2.1327343,-1.9973495,-2.1654637,-2.3455002,-2.5497134,-2.6240637,-2.6415446,-2.6903636,-2.6163027,-2.5365524,-2.461244,-2.028866,-1.7974281,-1.8262508,-1.6496123,-1.6375946,-1.6439092,-1.7635603,-1.4662157,-1.1214586,0.27338743,1.8041339,3.9572403,8.577375,10.5443735,11.472714,11.58012,11.686296,11.807835,11.849783,11.854426,11.80422,11.704221,11.49717,11.007122,10.062968,8.469372,6.38515,3.6269295,2.786603,1.9957588,1.4795146,0.5150455,-0.40383402,-0.8069428,-1.3137579,-2.0539834,-2.6492186,-2.7802954,-2.6708279,-2.6812177,-2.5746255,-2.579615,-2.2653925,-1.264039,-0.7903738,-0.993613,-1.4841068,-1.7811873,-1.9136322,-1.9874477,-2.061008,-2.1175175,-2.17581,-2.2991955,-2.4291425,-2.4917645,-2.4466796,-2.334043,-2.16963,-1.9603341,-1.7726756,-1.5186682,-1.3243972,-1.121274,-0.46187246,-0.020266537,0.18988922,-0.037295386,-0.1399072,-0.21222128,-0.33162594,-0.62763965,-1.0451427,-1.432748,-1.6898675,-1.7760023,-1.9749312,-2.0935273,-2.1751924,-2.217672,-2.2061658,-2.361874,-2.5919366,-2.8669686,-3.0684757,-3.02905,-3.0417662,-3.042286,-2.6806116,-2.6806352,-2.6805947
-3.544516,-3.4859693,-3.5642667,-3.6059957,-3.664382,-3.7175293,-3.662312,-3.4109602,-3.0351717,-2.8836896,-2.982097,-3.16835,-3.2685485,-3.4633923,-3.987852,-3.511167,-1.9402995,-0.90809005,-0.73919046,-0.76700026,-1.0061749,-1.4362836,-1.8439665,-2.0716352,-2.383499,-2.6472201,-3.0208745,-3.2014766,-3.2390318,-3.126196,-2.9302158,-2.5508327,-2.3544447,-2.1595917,-1.890843,-1.5478988,-1.2293681,-0.9955056,-0.6570157,-0.42065918,-0.26489687,-0.3403836,-0.74977773,-1.588783,-2.372751,-2.8499084,-3.006207,-3.0673418,-3.1183534,-3.2931437,-3.5038962,-3.6865406,-3.8607492,-3.950631,-4.0317388,-4.11056,-4.197096,-4.1509233,-3.9060822,-3.7139306,-3.7849436,-3.989513,-4.1043677,-4.200888,-4.172177,-3.9221146,-3.7163587,-3.0557876,-2.3739545,-2.0983825,-2.0565267,-2.118687,-2.3215022,-2.3308597,-2.0330894,-1.7186143,-1.4706235,-1.3056055,-1.2752478,-1.6312835,-2.3074043,-2.9812315,-3.3406816,-3.3652477,-3.2338018,-3.1433275,-3.2191038,-3.2461834,-3.3196008,-3.3392973,-2.744275,-3.2537355,-3.244253,-3.2070765,-3.1868315,-3.1758485,-3.1373858,-3.1612573,-3.244925,-3.375688,-3.527903,-3.5556946,-3.6303535,-3.4946518,-3.306252,-2.9028988,-2.5688534,-2.275729,-2.2432642,-2.2841358,-2.326014,-2.3905911,-2.443305,-2.5389009,-2.5744,-2.4945455,-2.3819673,-2.250657,-2.1571407,-2.0819438,-1.9822177,-1.915551,-1.9103518,-1.8804641,-1.8288313,-1.7376668,-1.9429741,-2.4922087,-3.7851043,-3.6675355,-3.3964639,-3.4222941,-3.359757,-2.8687246,-2.3959723,-1.9310237,-0.95097136,-0.5107063,-0.30180997,-0.29958177,-0.16795316,-0.12060116,-0.05966968,-0.09874236,0.029289022,-0.15278062,-0.54320383,-1.0024502,-1.5583558,-2.3357089,-3.1121478,-3.2783945,-3.3622522,-3.3087566,-3.3485188,-3.3709912,-3.343054,-3.0393763,-2.7579687,-2.6143808,-2.5815308,-2.6339414,-2.7232141,-2.938181,-2.8657625,-2.772255,-2.8450117,-2.6391475,-2.3285975,-2.0684414,-2.2194917,-2.6705906,-2.4575896,-1.85378,-1.7723191,-1.8500879,-1.9532344,-2.0147347,-2.0651648,-2.1528966,-2.3220792,-2.524477,-2.6543427,-2.7963758,-2.9833956,-3.3842645,-3.6342661,-3.3830724,-3.2195578,-3.0430844,-2.8483977,-2.5341372,-2.4076004,-2.833981,-3.2455654,-3.2172413,-2.5450788,-1.3080585,0.49342996,1.9476801,3.1495295,3.4698694,4.107731,5.6461024,7.3966503,9.085794,10.892453,11.456966,11.540762,11.594401,11.684526,11.748307,11.764378,11.669725,11.505511,11.289011,10.769585,10.192115,9.511795,7.96175,5.621461,1.7564154,-0.7313333,-1.5129972,-1.6629957,-1.6406431,-1.3789423,-0.875456,-0.65046805,-0.6238159,-0.6542584,-0.79490113,-1.0042452,-1.3442583,-1.6050894,-1.7900088,-2.180695,-2.537036,-2.665187,-2.7497778,-2.8145278,-2.6758182,-2.7754567,-2.6320903,-2.5166314,-2.441671,-2.161609,-2.1088285,-2.7394195,-2.7395062,-2.7394323
-2.196025,-1.7725068,-1.9156519,-1.7124166,-1.5123429,-1.37777,-1.143623,-0.66759914,0.08706772,0.2673743,0.48716426,0.7740232,0.67100537,0.5216913,0.16454831,-0.4332045,-1.5501266,-2.4352784,-2.6578956,-2.6790445,-2.6055396,-2.406636,-2.1739104,-2.0309246,-1.837796,-1.6825922,-1.4703326,-1.3348122,-1.2428627,-1.1001878,-1.1111196,-1.114057,-1.1580783,-1.1756084,-1.1461464,-1.0099825,-0.9364219,-0.9479578,-0.9812007,-0.8308827,-0.46130562,0.06012088,0.49682802,0.7126887,0.3916914,0.43975297,0.35720086,-0.10417864,-0.4929432,-0.66477525,-1.1022915,-1.1537257,-0.8696848,-0.64526844,-0.63693076,-0.6169335,-0.4929253,-0.50984573,-0.58056915,-0.45808354,-0.54345226,-0.78179204,-0.9447101,-1.1584334,-1.5007958,-2.0894518,-2.3876295,-2.8103216,-2.8887758,-2.7896929,-2.6528907,-2.291048,-1.8508594,-1.3873091,-0.8717998,-0.60125124,-0.43786615,-0.29663137,-0.19279131,-0.22460619,-0.5427991,-0.8805376,-0.8988672,-0.93585885,-1.0630933,-1.3334349,-1.5422559,-1.7881808,-1.6105497,-1.6676164,-0.98763776,-1.7963829,-1.753896,-1.6648595,-1.4888147,-1.1369015,-1.0654978,-1.2055215,-1.3271174,-1.5667121,-1.7025839,-1.8410151,-2.039505,-2.3751166,-2.652905,-2.770247,-2.9932594,-3.2857378,-3.3681612,-3.380868,-3.4292536,-3.4579518,-3.5196638,-3.5419927,-3.5159535,-3.4245818,-3.3481872,-3.2623158,-3.2229664,-3.2042894,-3.2343688,-3.2513008,-3.253556,-3.2882757,-3.342173,-3.193356,-2.7083611,-2.0926929,-1.209578,-0.8206599,-1.0109184,-1.4683224,-1.6911051,-1.8515092,-1.8627576,-1.7170404,-1.3175224,-0.9710056,-0.74079883,-0.8026366,-0.80483615,-0.7250538,-0.5807842,-0.5360516,-0.23961231,0.31154725,0.90218866,1.4457242,2.0211182,2.4314144,2.2634392,1.3679032,0.71089727,0.21492499,-0.2593786,-0.2945074,-0.5726697,-0.78102005,-0.593838,-0.61115277,-1.0275532,-1.1693914,-1.0624099,-0.86982155,-0.8258935,-0.8934474,-0.87382174,-0.9436701,-0.8511385,-0.8393609,-0.813995,-0.96665996,-0.87820244,-0.71567476,-0.97317153,-1.2120103,-1.3452648,-1.4725959,-1.5635575,-1.6579584,-1.7446294,-1.7021153,-1.308397,-0.54892725,0.19011603,0.18839271,-0.34578967,-1.0067694,-1.2904135,-1.4864262,-1.4470325,-1.1121092,-0.710009,-0.7367759,-0.8724325,-0.47422466,-0.30376902,-0.4205607,-0.68121517,-0.5457798,-0.59263563,-0.25207502,-0.31277394,-0.8106181,-1.3922448,-1.4776981,-1.4203322,-1.3115892,-1.2107682,-1.1626487,-1.1133803,-1.0696492,-1.0424926,-1.0514892,-1.0660632,-1.1322902,-1.1272827,-1.0499661,-0.90911895,-0.49042493,-0.09191859,0.27717984,0.49800628,0.4192443,-0.12119961,-0.46888584,-0.84764105,-1.687381,-2.2881894,-2.4367208,-2.431625,-2.2441454,-1.9005213,-1.4451673,-1.3364377,-1.4625366,-1.4805098,-1.5178018,-1.499347,-1.341959,-1.2750697,-1.2674775,-1.2114539,-1.2082103,-1.1642954,-1.1358391,-1.1061797,-1.2054195,-0.98074543,-0.98076713,-0.98076075
-3.641325,-3.7858129,-3.8226237,-3.8261812,-3.8443415,-3.8131077,-3.748999,-3.571331,-3.1510673,-3.0663648,-3.1234796,-3.1758323,-3.255497,-3.2438526,-3.0581589,-2.12146,-1.0325557,-0.65250385,-0.7801799,-0.87547004,-1.1598327,-1.588583,-1.9269936,-2.1049933,-2.4028425,-2.6658762,-3.0041637,-3.1137633,-3.0752091,-2.7546186,-2.216134,-1.3735913,-0.78292906,-0.3427447,0.06779595,0.590975,1.0248235,1.282042,1.2789984,1.0901656,0.7702639,0.18190362,-0.50581807,-1.6016705,-2.2157178,-2.5122786,-2.7036257,-2.8466184,-2.879784,-3.0862155,-3.3564527,-3.7999039,-4.219344,-4.273151,-4.2094307,-4.106348,-4.0574284,-4.040205,-4.021445,-3.8374023,-3.845027,-3.9288692,-3.9526026,-3.870863,-3.4777603,-2.4847195,-1.9323611,-1.5351031,-1.350782,-1.328727,-1.4563557,-1.9686201,-2.6665595,-3.1111677,-3.1944838,-3.1469297,-3.0353904,-2.897639,-2.8188365,-2.9209037,-3.049736,-3.070516,-3.2550197,-3.5047755,-3.590043,-3.4800591,-3.3363798,-3.2689955,-3.2288256,-3.145721,-2.94669,-3.0446036,-2.9148533,-2.8415813,-2.7962828,-3.1609135,-3.6070838,-3.6932142,-3.6149306,-3.6081429,-3.6766243,-3.6166365,-3.5413094,-3.1090047,-2.5228963,-2.0848885,-1.7011874,-1.4109621,-1.4167218,-1.5178291,-1.5670239,-1.5753615,-1.4597511,-1.3542736,-1.3936759,-1.4738964,-1.5269604,-1.5262088,-1.4815924,-1.517173,-1.4949257,-1.5013471,-1.532101,-1.5855696,-1.727619,-2.0718765,-2.5192454,-3.504798,-5.0912333,-5.4426994,-5.3993573,-5.2768717,-4.971038,-4.6039944,-4.4307866,-3.9979064,-2.792287,-1.7908664,-1.4284251,-1.3069317,-1.0312812,-0.9430289,-0.8053765,-0.6164584,-0.36521715,-0.46889687,-0.8688325,-1.2482656,-1.5823101,-2.0051434,-2.3951173,-2.6032288,-3.005465,-3.162967,-3.277217,-3.209426,-3.2746072,-3.3487332,-2.9665878,-2.7458515,-2.6728697,-2.604131,-2.6137612,-2.4077957,-2.2554598,-2.2215629,-2.3832767,-2.34328,-2.3775663,-2.5970283,-2.8554673,-3.0390162,-3.161622,-3.5139813,-3.6039324,-3.351696,-2.9457517,-2.6957352,-2.621704,-2.654829,-2.8021274,-3.0943556,-3.5832624,-4.1235714,-4.085213,-3.279759,-2.5812654,-2.1338334,-1.9475579,-2.0891252,-2.163465,-2.304708,-2.6433527,-3.0732741,-3.3281038,-3.5728495,-3.580182,-3.4429703,-3.1233237,-2.8347735,-2.7495286,-2.909775,-2.858127,-2.3818026,-1.8080424,-1.37258,-0.727052,-0.53286725,-0.5948703,-0.64047796,-0.6150006,-0.54832566,-0.45102346,-0.303964,-0.14883514,-0.012122527,0.14142974,0.20419578,0.18956776,0.015231134,-0.48593742,-1.3775704,-1.8384255,-1.8442286,-1.3705485,-0.7925226,-0.09245536,0.36526805,0.34662092,0.25219753,0.17634498,-0.071938396,-0.40694094,-0.8127483,-1.2448105,-1.4376541,-1.5358784,-1.6573784,-1.7206653,-1.6655095,-1.6361463,-1.6990252,-1.8463857,-2.016788,-2.1354208,-2.136527,-2.35536,-2.4171197,-2.938295,-2.9383292,-2.9382832
-1.9995037,-1.9454937,-2.0464184,-1.8131157,-1.7043056,-1.618682,-1.5256077,-1.3713912,-1.2646544,-1.1748372,-1.4925889,-1.7690823,-1.960047,-2.113407,-2.129895,-0.6676107,1.3964769,2.6603029,3.0268178,3.1311207,2.9051313,2.4837997,2.0750675,1.8746233,1.488603,1.0050043,0.15362363,-0.6376989,-1.2732112,-1.7111518,-1.7382753,-1.5128961,-1.1428235,-0.67058104,-0.19102064,0.37424198,0.9826226,1.6161122,2.4353518,2.9291005,3.2184196,3.094315,2.358716,0.7610688,-0.64487976,-1.3155334,-1.6576364,-1.7560891,-1.731354,-1.7194204,-1.5746015,-1.6703897,-1.9615464,-2.1399157,-2.183143,-2.2158625,-2.299837,-2.3059094,-2.3617287,-2.2644415,-2.2722054,-2.377711,-2.5948086,-2.8482141,-2.795918,-2.3541446,-2.0083523,-1.1224538,-0.5028942,-0.36271906,-0.51195896,-0.8500215,-1.077646,-1.0651431,-0.82120895,-0.5939843,-0.40498593,-0.25990915,-0.25186166,-0.6037053,-1.3253131,-2.1338015,-2.8398676,-3.1727006,-3.0774598,-2.9665003,-2.872204,-2.8343003,-2.8361506,-2.7298858,-3.5163867,-2.6052008,-2.5709202,-2.5963936,-2.7394326,-3.1660528,-3.1804414,-3.0192578,-3.000596,-3.095053,-3.1387722,-3.1794207,-3.3797762,-3.3299732,-3.0007036,-2.3791685,-1.7264817,-1.0749232,-0.9283645,-0.9732744,-0.9495274,-0.9874382,-0.97704244,-0.98233634,-0.93900144,-0.8202243,-0.66359574,-0.48456252,-0.37754384,-0.29973054,-0.19181354,-0.13974313,-0.13228576,-0.14438713,-0.15000749,-0.23836648,-0.6358919,-1.4991269,-2.47365,-2.6691175,-2.7165875,-2.7022176,-2.469594,-1.7676492,-1.112783,-0.21493033,1.4489623,2.0437346,2.2292657,2.2725055,2.4808228,2.5442178,2.6818976,2.8527167,3.1799853,3.1898754,3.0025425,2.7549975,2.3815868,1.5140743,0.28313577,-0.6463639,-1.2464811,-1.5704038,-1.9010274,-1.9040529,-2.045106,-2.2572942,-2.1368246,-1.9673421,-1.8402715,-1.7120049,-1.7991805,-1.6627653,-1.5735726,-1.5033771,-1.6498466,-1.5865813,-1.3574281,-0.99055624,-0.9544592,-1.238612,-1.5546805,-1.2701893,-1.0726821,-0.9856781,-0.87864983,-0.8118075,-0.8220868,-0.88560075,-0.9452051,-0.9860621,-0.98689103,-0.9753039,-0.94100386,-0.78565544,-0.48657992,-0.30721778,-0.31255794,-0.43881905,-0.37121564,-0.30601192,-0.006433755,-0.30605918,-0.802467,-1.3345733,-1.469784,-1.0113178,-0.32259732,0.26640296,0.564847,0.07945109,-0.03691429,0.10653715,0.63060015,1.2182218,1.6791092,2.0055516,2.061622,2.1147199,2.1387374,2.1295316,2.066121,2.0777144,2.1079476,2.0898154,1.9544278,1.7856114,1.5730512,1.1249601,0.6654196,-0.17745392,-0.86697185,-1.1404761,-0.91421217,-0.47134608,0.30536562,1.0142694,1.3051077,1.3914212,1.4212219,1.3709611,1.1120538,0.7132685,0.16795936,-0.3304716,-0.9431844,-1.3457165,-1.4737234,-1.5716486,-1.6147295,-1.6955057,-1.8440537,-2.0500827,-2.2867932,-2.3303838,-2.2894254,-2.3370588,-3.5087156,-3.5087543,-3.5087245
-2.8760328,-2.8143673,-3.0162683,-2.9923851,-3.037454,-3.0701718,-3.0529318,-2.862701,-2.4966612,-2.0004041,-2.049895,-2.2306218,-2.272824,-2.397654,-2.4837651,-0.93609375,0.99757665,1.6990182,1.6642151,1.4312441,0.9966707,0.31317002,-0.35361195,-0.77586025,-1.2911308,-1.6287907,-2.0190442,-2.1746778,-2.2389889,-2.2167263,-2.0506668,-1.8190868,-1.7643831,-1.7285297,-1.5762792,-1.3386325,-0.96137613,-0.544875,0.010984719,0.25462824,0.26063937,-0.014039129,-0.64669716,-1.9822063,-2.8460743,-3.1528666,-3.209083,-3.1009674,-2.973195,-2.9762254,-2.969635,-3.1663785,-3.520506,-3.6696663,-3.5992367,-3.4668164,-3.3210623,-2.9749165,-2.4850445,-2.1131465,-2.1710684,-2.327788,-2.5169847,-2.6952522,-2.5361862,-1.2951028,-0.30093756,0.4542899,0.80211234,0.79056895,0.6054984,0.1223169,-0.62032646,-1.1855577,-1.4062831,-1.3870977,-1.3629926,-1.3671224,-1.4394662,-1.7969595,-2.4092193,-3.0615964,-3.6566174,-3.9426355,-4.0042324,-3.7588902,-3.492397,-3.3030567,-3.2997165,-3.1067395,-2.2603035,-2.843616,-2.6890316,-2.5871994,-2.5713446,-2.606401,-2.4954724,-2.3913274,-2.4060378,-2.4758182,-2.5568337,-2.53599,-2.4889755,-2.0924354,-1.4378834,-0.58714306,0.15024957,0.93031394,1.1416663,1.1451652,1.1825161,1.1403081,1.1085116,1.0697488,1.0917625,1.2228491,1.419239,1.593641,1.6748501,1.7650263,1.8852892,1.9384066,1.9486653,1.9247992,1.934838,1.8923255,1.5601375,0.43314403,-1.9584062,-2.9086766,-3.2675097,-3.3759174,-3.179052,-2.6753335,-2.0756269,-1.1955969,0.2349867,1.0170571,1.3481772,1.504734,1.7637618,1.792739,1.8214815,1.8481593,1.8598735,1.4909365,0.78966784,0.08443811,-0.77019036,-2.0012345,-2.9791558,-2.7554479,-2.6044564,-2.5461144,-2.5958955,-2.34059,-1.9217472,-1.4366018,-0.9131433,-0.5820147,-0.6625655,-0.69398946,-0.67283887,-0.8887062,-0.7436564,-0.6161709,-0.5556508,-0.509497,-0.6658275,-0.6979095,-0.7379137,-1.1528378,-0.9848163,-0.6432028,-0.38257468,-0.18042591,-0.06772074,0.05146031,0.096241005,0.073718905,0.016633868,-0.06635353,-0.1170259,-0.20005365,-0.53499466,-1.0492506,-1.3359895,-1.2289205,-1.1514957,-1.1344368,-0.9779341,-0.7598598,-0.69903135,-0.9348872,-1.3986626,-1.7607353,-1.5647147,-1.1387448,-0.6142503,-0.31684828,-0.19780129,-0.54593647,-0.6401272,-0.14605655,0.38539264,0.54619044,0.6675857,1.0214064,1.1377151,1.2298098,1.3851193,1.5486252,1.751818,1.98793,2.1289768,2.2504077,2.240855,2.0980203,1.9875393,1.5913934,0.7213216,-0.6676418,-1.5620984,-1.6941643,-1.5291228,-1.10489,-0.23296304,0.662391,1.0417945,1.106324,1.0539451,0.7936071,0.40764692,-0.15675728,-0.6721406,-0.9662751,-1.3053217,-1.4997444,-1.4707037,-1.5237315,-1.460083,-1.3767314,-1.4255695,-1.2639478,-1.1965326,-1.1739503,-1.089455,-0.9521798,-2.2472122,-2.2473245,-2.2472153
-0.3798695,-0.51029944,-0.6768939,-0.93284726,-1.0604444,-1.1377391,-1.0045675,-0.86079454,-0.6524304,-0.6425128,-0.9264018,-1.3112752,-1.5139066,-1.5192444,-0.8608319,0.32439366,1.4681234,2.271366,2.3580627,2.088081,1.7778797,1.5891745,1.4712516,1.30492,0.91166973,0.4732557,-0.2989776,-1.1231644,-1.7840286,-2.2240448,-2.174757,-1.7049348,-1.2045745,-0.88791287,-0.66489005,-0.46468246,-0.2797675,-0.052970238,0.17004219,0.24976443,0.2514008,0.15659921,-0.18824238,-1.0259371,-1.4918416,-1.8777019,-2.2116244,-2.3746896,-2.2906947,-2.2168982,-2.0938153,-2.2355363,-2.3100936,-2.461874,-2.4836068,-2.3555412,-2.162755,-2.131744,-2.2621353,-2.1255608,-2.0097237,-1.9731271,-2.0505767,-2.2495182,-2.3878949,-2.1328688,-1.732362,-1.2732483,-1.1572931,-1.2913176,-1.5009667,-1.8208822,-2.0571766,-2.1427329,-2.0994253,-1.9767845,-1.8638752,-1.7254615,-1.722204,-1.9970634,-2.2761817,-2.3590088,-2.5573192,-2.7911582,-2.8354888,-2.818678,-2.8367014,-2.8783536,-2.8246818,-2.8338866,4.7495346,-2.807363,-2.9160814,-2.9529479,-3.0504107,-3.1984768,-3.2175734,-3.1312065,-3.135806,-3.1127346,-3.1567833,-3.1950572,-3.336815,-3.3051949,-3.0392098,-2.4388912,-1.9795051,-1.5182979,-1.4282039,-1.4974087,-1.5407137,-1.555556,-1.4314755,-1.359216,-1.2966611,-1.1928341,-1.0446216,-0.8711376,-0.7306537,-0.63031936,-0.48039645,-0.37302345,-0.32600123,-0.22739951,-0.09309654,0.09159742,0.0031741261,-0.27780282,-0.89796364,-1.2523644,-1.201973,-0.99707615,-1.0291635,-0.67721653,-0.1351023,1.0666276,3.970776,5.114662,5.3826017,5.3832064,5.647189,5.8595934,6.0913763,6.35668,6.6077538,6.654949,6.669611,6.481509,6.2324715,5.7103868,4.5980263,2.9534025,1.4987396,0.39641428,-0.49430662,-0.61675113,-0.9476691,-1.3145652,-1.365416,-1.2764134,-1.0397012,-0.8291578,-0.7100346,-0.32318857,-0.23605771,-0.11191878,-0.082932025,-0.024028115,0.097418346,1.0749669,1.608093,1.0376638,-0.24647997,-0.6580881,-1.3587229,-2.1507683,-2.1594155,-2.0864458,-2.0763583,-2.0676384,-2.0672302,-2.0441046,-1.9303391,-1.6609615,-1.0845122,-0.44032323,-0.3823303,-0.62313724,-0.59373844,-0.62090546,-0.47562495,-0.34474608,-0.61792016,-1.253476,-1.5365076,-1.5319273,-1.4167407,-1.2573584,-1.2246494,-1.4327575,-1.4952286,-1.7111773,-1.7110951,-1.4285394,-1.0717458,-0.54262054,0.2139852,0.28706715,0.19049463,0.16388226,0.23811257,0.33719465,0.48794815,0.67359054,0.85805666,1.1175272,1.2924677,1.5526313,1.7553914,1.5503836,1.2176756,0.7932315,0.8367333,1.5561552,3.3478146,5.4976497,7.7038093,8.766002,9.001971,9.080967,9.07935,8.82936,8.49795,8.099151,7.6192865,7.2073264,6.6707153,6.034842,5.673746,5.559749,5.7194424,6.276679,6.950257,7.319757,7.603674,7.679941,7.4313817,7.360756,4.7674046,4.7672544,4.767378
2.2020543,2.2457063,2.4813244,2.4030416,2.2434335,2.0854664,1.8332044,1.0942883,0.20986187,0.010623276,0.25319207,0.5088016,0.7639594,0.8096416,0.11524108,-1.1915243,-1.6090539,-1.3338542,-1.3849128,-1.4601026,-1.5437509,-1.5814612,-1.6075578,-1.6682768,-1.7338576,-1.6798303,-1.5586438,-1.2856965,-0.8751412,-0.29290202,0.13915025,0.47119159,0.36882293,0.25113317,0.28794262,0.34387672,0.4125327,0.3892218,0.11559455,-0.263421,-0.61176866,-0.88356173,-1.1115963,-1.7822123,-1.9450393,-1.5504943,-1.1432225,-0.951748,-0.9492233,-0.9788041,-1.1711093,-1.5250528,-1.6363307,-1.3059354,-1.0391345,-0.8642401,-0.8184619,-0.684875,-0.49953818,-0.610484,-0.7082709,-0.86120975,-0.8723614,-1.0220003,-1.524812,-1.809108,-1.5540023,-1.324012,-1.3430152,-1.4507494,-1.5838914,-1.7474163,-1.7162741,-1.489722,-1.1884388,-1.0410342,-0.94886434,-0.85324603,-0.6724937,-0.40357673,-0.25126904,-0.27619082,-0.21527828,0.07630779,0.31155017,0.28691933,0.19247419,0.14783984,0.030096363,-0.07255951,2.021348,-0.37769687,-0.72162735,-0.9136721,-1.0977273,-1.1104288,-0.7090435,-0.116045795,0.014870569,0.3909458,0.9178282,1.3950131,1.4417961,0.96854955,0.7578654,0.6050344,0.39563322,0.5473895,0.6976352,0.8562446,0.9048805,0.93312234,0.9624963,0.9801792,1.0037643,1.0729648,1.1236955,1.1080335,1.1201992,1.103246,1.0277114,0.9534767,0.9119419,0.7643771,0.45296574,-0.16536245,-0.62589407,-1.632642,-1.7835209,-1.275082,-0.99127066,-1.0292914,-0.9907402,-0.6247013,-0.20284429,0.0071646273,-0.15394232,-0.20018704,-0.23224485,-0.37089318,-0.59786415,-0.74577224,-0.7696738,-0.8204684,-1.094357,-1.4733865,-1.676378,-1.7014351,-1.6726594,-1.5278876,-1.2812918,-1.008844,-0.31266832,0.29779506,0.6691168,0.68456244,0.81270766,1.0981612,1.4656472,1.4247327,1.0618185,0.79718673,0.7586694,0.6899049,0.6173998,0.57028705,0.29472804,-0.25757623,-0.6320185,-0.72967327,-0.49035454,-0.45896047,-0.80819386,-0.9267608,-0.64303374,-0.28615487,0.0882552,0.40166223,0.53026384,0.54250646,0.42322657,0.17935827,-0.31592774,-1.0185275,-1.6197823,-1.803975,-1.490793,-1.0943873,-0.9503923,-0.94382346,-1.0441182,-1.1732419,-1.3405577,-1.1150649,-1.2154922,-1.0661634,-0.26789737,0.43829113,0.92223454,1.0211601,1.53932,1.7542773,1.582283,1.2727354,1.0072267,0.7402648,0.053466186,-0.41725823,-0.49285883,-0.44809413,-0.4384267,-0.45393717,-0.38615492,-0.40372342,-0.523322,-0.69808364,-0.9914098,-1.3036017,-1.4870508,-1.5286344,-1.241598,-0.6253896,0.08710021,0.9828643,1.6777256,1.6794741,1.0447474,0.3333885,-0.13255954,-0.29251736,-0.361071,-0.43189293,-0.29336214,0.23580374,0.7618486,0.6944285,0.41584873,0.38770568,0.4206385,0.326478,0.20661187,0.1455147,0.19665514,0.41692036,0.6251441,0.6947978,0.86357754,0.96226704,2.0221868,2.0221937,2.0221882
-0.71922797,-0.30209157,-0.43667108,-0.6029214,-0.6520336,-0.74953336,-0.74530697,-0.5670682,-0.6054472,-0.82730985,-0.8477337,-0.5189103,-0.44724262,-0.27701557,-0.029711664,-0.7960998,-2.0254972,-2.9151387,-3.1152945,-3.0546482,-2.7955253,-2.2506094,-1.743304,-1.4407343,-1.0427575,-0.7797495,-0.45437413,-0.16799062,0.037491195,0.074437305,-0.033559296,-0.40062916,-0.7965162,-1.0643365,-1.2438025,-1.3886824,-1.5328245,-1.6036282,-1.3552802,-0.7921562,0.1741922,1.7665558,3.7199683,6.172331,6.7939935,7.3656654,7.789242,7.9530993,7.963292,7.818957,7.457655,7.121275,6.4746437,5.424947,3.9826674,2.9059622,1.7334054,-0.1437827,-1.325585,-1.4398645,-1.4188559,-1.1820751,-1.0425975,-0.96061045,-1.0444391,-1.7985806,-2.263716,-2.577231,-2.5369556,-2.3206635,-2.115675,-1.7228007,-1.282059,-1.0121125,-0.9246851,-0.85897803,-0.7940911,-0.7024869,-0.4743089,-0.018812878,0.46582264,0.5775105,0.6551603,0.42017773,-0.06776334,-0.57007885,-0.8842285,-1.1861073,-1.0975566,-1.3026221,0.737699,-1.5041358,-1.4691921,-1.3342376,-1.2474725,-1.0816071,-0.95126987,-0.9871414,-1.1094717,-1.1310593,-1.1837513,-1.3877711,-1.5964386,-1.6936288,-2.0523353,-2.4209683,-2.66991,-2.8820245,-2.912703,-2.8992193,-2.8323343,-2.794441,-2.7273703,-2.6539483,-2.599658,-2.5560703,-2.5696542,-2.563252,-2.5694335,-2.5455432,-2.5729897,-2.5849738,-2.5532453,-2.543478,-2.5169919,-2.3083057,-1.9423956,-1.1410091,-0.18613812,0.52520776,0.9275878,1.0957696,0.9478414,0.20931318,-0.29428193,-0.76585805,-0.9979532,-0.8288971,-0.9343994,-1.1099043,-1.3430698,-1.4413768,-1.5205369,-1.7721045,-1.9651024,-1.8378301,-1.6511912,-1.5137681,-1.3137271,-1.113047,-1.2806922,-1.5036291,-1.3834429,-1.3970348,-1.4103796,-1.6648271,-1.8282067,-1.9425721,-1.9987723,-2.1413367,-2.0038643,-2.0416837,-2.1231859,-2.0282521,-1.9710859,-1.9447365,-1.7076685,-1.2003132,-0.71071315,-0.6314061,-1.1043777,-1.3946502,-1.5548949,-1.5483391,-1.4257548,-1.3221471,-1.4138203,-1.5159883,-1.5251408,-1.4965696,-1.521802,-1.6314011,-1.7716086,-1.805902,-1.7108114,-1.785372,-1.7490872,-1.436423,-1.4001042,-1.3381394,-1.4185988,-1.468243,-1.1504409,-0.84797895,-1.0039313,-0.9182827,-0.7375371,-0.9666549,-1.2643387,-1.3355448,-1.514606,-1.1039,-0.85810405,-0.7390368,-0.6914294,-0.82161593,-0.99636245,-0.9854748,-0.8709234,-0.6796538,-0.54064906,-0.43869752,-0.40922484,-0.39733285,-0.3545808,-0.38646692,-0.3313239,-0.073969066,0.2522995,0.7230631,0.72714597,0.7935536,1.3379056,1.8970504,1.6251187,0.8511637,0.20186602,-0.3482585,-0.7821216,-0.8766056,-0.89833313,-0.6765837,-0.17495406,0.61569464,1.0295069,1.0092146,0.86858255,0.6168759,0.3296657,0.2738681,0.0741014,-0.23817784,-0.07917618,0.1826857,0.39114404,0.32493412,0.43953285,0.34895763,0.7413995,0.74136233,0.74138534
0.7194165,0.3885579,1.0089931,0.8399686,0.75517994,0.7662134,0.7137316,0.3829946,-0.02336678,-0.32489336,-0.2513642,0.011082992,0.13156885,-0.023940325,-0.74692243,-1.7808038,-2.7283483,-2.8906102,-2.6877732,-2.4958754,-2.2713904,-2.0288076,-1.7915704,-1.6327581,-1.4762874,-1.3954464,-1.3256803,-1.375565,-1.3227569,-1.3490844,-1.5138958,-1.6232731,-1.7438396,-1.8564085,-1.9639766,-2.0186136,-2.076476,-2.2242475,-2.5339189,-2.8236356,-3.0324187,-3.064883,-2.7287874,-1.7145522,-1.1663945,-1.001193,-0.8507365,-0.6877932,-0.7193079,-0.57926214,-0.4453558,-0.28420398,0.19050413,0.63607377,1.0493758,1.1969333,1.192946,1.2528863,0.8107778,0.25115508,0.15679006,0.18048929,-0.0010092854,-0.20154059,-0.44915354,-0.4763675,-0.6401517,-1.1688284,-1.5230844,-1.4923553,-1.2878315,-0.94186825,-0.38108775,0.3329904,0.7211143,0.8048668,0.8915787,1.2470891,2.1812646,4.0783,6.3168535,7.5118318,7.928006,7.9685364,7.8704033,7.9211807,7.993925,7.900236,8.064648,8.043093,1.0801597,7.8927765,7.8851013,7.8554525,7.4545813,6.338976,4.6510844,3.2477098,3.0513613,2.6183488,2.3352818,2.062209,1.6066875,1.0390866,0.687945,0.124830246,-0.61851466,-1.3670532,-1.5785979,-1.5707806,-1.6681402,-1.7259738,-1.868513,-1.954172,-2.069578,-2.2255316,-2.3824792,-2.5331368,-2.643126,-2.7166634,-2.8302236,-2.901998,-2.9292798,-2.9910226,-3.0908906,-3.2314675,-3.1906648,-3.027031,-2.4643316,-1.9543446,-1.7906137,-1.7227278,-1.4554801,-0.941478,-0.8719771,-1.1390613,-1.7544401,-1.9296925,-1.9159409,-2.0754867,-2.286091,-2.2467785,-2.1287513,-1.9276035,-1.6697872,-1.3505058,-0.87134504,-0.28984487,0.58593565,2.2166364,4.0316486,5.718808,6.708112,7.3283396,7.826213,8.14817,8.696428,9.289957,9.733737,9.877913,9.854343,9.706228,9.759064,9.836193,9.904015,9.8360195,9.499676,8.763829,7.479064,3.7267857,0.73598444,-0.6077353,-0.8416339,-0.7803683,-1.0550128,-1.1426944,-1.0966179,-1.0351168,-0.9996133,-1.0335125,-1.177922,-1.4713025,-1.9038198,-2.3412979,-2.6183,-2.8172758,-2.9350858,-2.805756,-2.780282,-2.7498589,-2.7866492,-2.681604,-2.0525756,-0.7590527,0.17414251,0.44904888,0.7266114,0.62734926,0.33808565,0.25941223,0.31905168,0.33541036,0.21453977,-0.106155396,-0.17870924,-0.20630637,-0.5163448,-0.8048192,-0.78863496,-0.8143465,-0.93494093,-1.0537025,-1.2057899,-1.4010993,-1.6022636,-1.7884161,-1.9298162,-1.9675269,-1.952673,-1.80828,-1.653817,-1.195654,-1.1420484,-1.5958246,-2.3749304,-3.0550034,-3.605091,-3.9231138,-3.8514328,-3.7077842,-3.5857837,-3.3530712,-3.0574477,-2.6927254,-2.2358437,-1.8924875,-1.4350241,-1.0756853,-0.92386043,-0.8350286,-0.89658904,-1.0479474,-1.1197222,-1.0471245,-0.950038,-1.0183377,-1.1258242,-1.13733,1.0388689,1.0390971,1.0389054
-2.9639552,-2.9898877,-2.8253326,-2.8425207,-2.9035807,-2.9666939,-3.1023622,-3.3408413,-3.524955,-3.5616577,-3.1615782,-2.6094198,-2.4181025,-2.351518,-2.6694353,-3.0998185,-3.294304,-3.412478,-3.2163658,-2.9898753,-2.7288532,-2.3825936,-2.1061974,-1.9236474,-1.6981926,-1.5319277,-1.291105,-1.1835542,-1.1390572,-1.2712274,-1.4697814,-1.7406385,-1.8405999,-1.7375314,-1.6369712,-1.4989585,-1.4364946,-1.566638,-1.9919474,-2.366009,-2.6508822,-2.7648401,-2.5432115,-1.3647227,-0.46281672,-0.15600894,0.023680538,-0.10829997,-0.34957063,-0.5595275,-0.8763188,-1.1375779,-1.1530526,-1.197538,-1.2999114,-1.2707309,-1.175318,-1.1437644,-1.2209325,-1.2786927,-1.1606222,-1.1156399,-1.3274035,-1.5810716,-1.7361557,-1.9134765,-2.1284318,-2.7663944,-2.944319,-2.8340373,-2.6926513,-2.5504622,-2.364972,-2.2160373,-2.1459963,-2.2058628,-2.2629564,-2.2853618,-2.1184602,-1.4926727,-0.5248638,0.04577127,0.15446872,0.0774585,-0.38556537,-0.64535016,-0.72534037,-0.7767358,-0.6648093,-0.7460326,-2.1906495,-0.7319262,-0.64204556,-0.5457229,-0.6105169,-0.20400745,-0.1369884,-0.104474425,-0.28065923,-0.42534304,-0.51029944,-0.542137,-0.8125715,-1.1330879,-1.2118311,-1.8098205,-2.2979693,-2.8021283,-3.000365,-2.9459562,-2.941711,-2.9184756,-2.9071112,-2.9308627,-3.0194948,-3.1371617,-3.2977886,-3.4492915,-3.5380778,-3.605811,-3.7163754,-3.7851214,-3.8169258,-3.8808825,-3.973949,-4.114759,-4.152502,-4.1578946,-4.0687623,-3.9643302,-3.8404393,-3.4653022,-3.1778886,-3.1106846,-3.3944118,-3.7459412,-3.8321056,-3.7006445,-3.739825,-3.9124732,-4.1533046,-4.2213573,-4.2625937,-4.272425,-4.205317,-4.052041,-3.8674479,-3.6747663,-3.3491745,-2.5783038,-1.7129849,-1.4755394,-1.1386538,-1.0790629,-1.1050277,-1.0893452,-0.76860964,-0.09608987,0.48618168,0.52647024,0.3913861,0.18528917,0.19709474,-0.009583831,-0.14709604,-0.32737693,-0.5503484,-0.6047989,-0.5502534,-1.6510108,-2.5376213,-2.8430443,-2.5669863,-2.4406693,-2.4744937,-2.4501648,-2.417786,-2.3433838,-2.288276,-2.2564611,-2.2904418,-2.4399536,-2.6548004,-2.7619133,-2.5665798,-2.5674553,-2.9175131,-3.302154,-3.401497,-3.4983587,-3.617063,-3.7624872,-3.5006135,-2.6044583,-1.7725406,-1.1242542,-0.7202698,-0.8874744,-1.0163023,-1.1167909,-1.2220943,-1.0270246,-0.8414219,-0.590031,-0.37529337,-0.3398518,-1.0172441,-1.792923,-2.0116193,-2.0732777,-2.0905988,-2.077251,-2.0776067,-2.186199,-2.3403525,-2.4874492,-2.5546477,-2.4635541,-2.2314472,-1.6892151,-1.3481276,-0.9489755,-1.1025779,-1.4448491,-1.8902953,-2.6644053,-3.254763,-3.3984227,-3.4459112,-3.4876735,-3.4978192,-3.512741,-3.4332755,-3.333719,-3.2350686,-2.984354,-2.5773308,-2.1565185,-1.9832386,-1.9229494,-2.080671,-2.3531823,-2.5357022,-2.6137094,-2.5759275,-2.704022,-2.8584926,-2.8553936,-2.198109,-2.198059,-2.1980963
-1.0558388,-0.8235046,-0.83559537,-0.858928,-0.8558047,-0.82847685,-0.7342951,-0.77616924,-0.8732077,-0.685848,-0.13109384,0.203669,0.5005887,0.58061326,0.35501665,-0.07755616,-0.6259726,-1.4918617,-2.0364804,-2.2652113,-2.432211,-2.4044137,-2.2142236,-2.0872626,-1.9268833,-1.8018329,-1.5887417,-1.406558,-1.2127962,-0.896518,-0.74206626,-0.77789533,-0.96479225,-1.2099688,-1.3520615,-1.3464658,-1.2556427,-1.162296,-1.2540896,-1.3552808,-1.4797872,-1.830389,-2.412355,-3.0292974,-3.0961661,-2.9930403,-2.8315258,-2.7408004,-2.7600985,-2.8273292,-3.0830095,-3.343192,-3.4595945,-3.3156023,-3.234118,-3.16004,-3.0717592,-2.7752352,-2.2449207,-2.1954064,-2.5914934,-2.9753823,-2.9056854,-2.8212504,-2.8541286,-3.2051668,-3.2702568,-3.133092,-3.0999322,-3.1367884,-3.0858686,-2.700595,-1.9950678,-1.3144945,-0.7753291,-0.51030695,-0.33334777,-0.28131738,-0.44818094,-0.91620255,-1.4994682,-1.8075588,-1.90973,-1.9624076,-1.9546294,-2.0119653,-2.0974233,-2.154027,-2.2584052,-2.2977915,-0.53474575,-2.3447046,-2.5066123,-2.5562103,-2.7691078,-3.1695497,-3.1273842,-2.9673948,-3.0665457,-3.2671988,-3.3307943,-3.190494,-3.0804615,-3.034881,-2.9071717,-2.9265857,-2.842957,-2.6710997,-2.6173387,-2.616176,-2.618013,-2.6084204,-2.6052833,-2.6119263,-2.6087918,-2.5893028,-2.5535555,-2.5364027,-2.5051293,-2.5133052,-2.5043564,-2.5180364,-2.5526905,-2.5942073,-2.6540182,-2.812034,-2.8497748,-3.0686774,-2.1769729,-1.6792943,-1.8038956,-2.2152457,-2.4586906,-2.2990623,-1.9787896,-1.7512486,-1.7158878,-1.5072773,-1.218648,-1.0299513,-0.8453792,-0.8560529,-1.007897,-1.144346,-1.402522,-1.5717796,-1.6427666,-1.7717628,-1.9603448,-2.1724968,-2.0542703,-1.8380296,-1.8210127,-1.7249557,-1.6165872,-1.4086049,-1.4516153,-1.5557618,-1.2661703,-1.237298,-1.323505,-1.3297838,-1.1718442,-0.92353123,-0.7099862,-0.6062664,-0.31907767,0.32976735,0.46281308,0.5332296,0.106610455,-0.26073647,-1.3066759,-2.4217947,-2.8250356,-2.777543,-2.5849857,-2.4594035,-2.46459,-2.5532012,-2.610933,-2.5609782,-2.4355288,-2.0655277,-1.6061549,-0.7394222,0.076871745,0.53462374,0.6881503,0.33455455,0.19208655,0.04506126,-0.6529186,-1.5632854,-2.167392,-2.3243742,-2.211171,-2.2070842,-2.3880544,-2.4930012,-2.2590575,-1.5435767,-0.9868629,-0.7181593,-1.1501675,-1.299752,-1.2336147,-1.3982596,-1.5502965,-1.6358432,-1.5305421,-1.3797196,-1.2246872,-1.1012373,-1.0797536,-1.1157255,-1.4458752,-1.943267,-2.37539,-2.676905,-2.3481922,-1.5231981,-1.1206672,-0.8741745,-0.6720938,-0.62003446,-0.81072783,-1.2071086,-1.8387365,-2.1804674,-2.3600197,-2.7241096,-2.9793267,-3.0548208,-3.146163,-3.334395,-3.462397,-3.400185,-3.2324889,-3.0334117,-2.5818336,-2.1614819,-1.8149793,-1.6488278,-1.5061193,-1.4304254,-1.6066201,-1.5367434,-0.5267541,-0.5267919,-0.52676356
-1.9669192,-2.1780362,-2.2209394,-2.2705195,-2.3783593,-2.438992,-2.5095167,-2.5469882,-2.4185069,-1.6138829,-0.7341367,-0.74770135,-0.69673336,-0.4993447,0.6376921,3.6784987,5.638545,6.1212716,6.040122,5.8658233,5.73429,5.4948893,5.3683987,5.324071,5.410533,5.5441885,5.6952305,5.5441346,4.963641,3.8527267,3.0278924,2.0461776,1.6071258,1.4713842,1.3199725,0.97091883,0.6701152,0.6020855,0.7495136,0.802844,0.7448167,0.56583595,0.25220948,-0.3102007,-1.1811802,-1.8982923,-2.2550592,-2.422409,-2.4746184,-2.5333006,-2.4426613,-2.4005103,-2.6319933,-2.8784888,-2.8680286,-2.8156028,-2.6227791,-2.1533742,-1.7481683,-1.5361177,-1.4374056,-1.366939,-1.330919,-1.3512993,-1.1616528,-0.01347664,1.102692,2.117497,2.6834674,2.745717,2.5736833,2.2037313,1.8108408,1.1686265,0.3351032,-0.11735581,-0.30473253,-0.45109844,-0.65138596,-0.9168283,-1.2850285,-1.7959572,-2.4326634,-2.7041726,-2.7800686,-2.7734652,-2.7865946,-2.7452302,-2.699416,-2.5991433,-3.4687552,-2.37602,-2.291378,-2.2531335,-2.0377297,-1.6007587,-1.1112612,-0.7482375,-0.69516385,-0.5108067,-0.49370956,-0.49373055,-0.27513295,0.1376104,0.5646851,1.1983305,1.79393,2.27686,2.3972468,2.468326,2.5735178,2.5980844,2.656697,2.751675,2.8169684,2.8502126,2.84472,2.8234806,2.7902312,2.7823343,2.7484043,2.7137554,2.699286,2.6098723,2.491515,2.307207,1.9419279,1.5053309,-0.050063677,-1.0507696,-1.1911931,-1.268481,-1.9175515,-2.5573092,-2.7638595,-2.9589803,-3.1236897,-3.0919375,-3.1397133,-3.1461873,-3.0331001,-2.996568,-2.881266,-2.566615,-2.0179632,-1.7219542,-1.6991657,-1.7315955,-1.8517114,-1.9784703,-2.137071,-2.2381864,-2.303412,-2.4328246,-2.466055,-2.497355,-2.4119022,-2.1232123,-1.8770506,-1.8381996,-1.918867,-1.9424064,-1.9413314,-2.0754395,-2.0210853,-1.9825683,-1.9095168,-1.6831741,-1.6540954,-1.5623893,-1.1002303,-0.5903766,0.75496185,1.6866975,2.499208,2.665773,2.448617,2.3199286,2.3212352,2.4515903,2.615451,2.7820706,2.9301603,2.8606076,2.3976874,1.2142001,0.14872491,-0.5396614,-0.6825385,-0.7498776,-0.87361705,-1.2865651,-1.7754669,-2.12991,-2.2095845,-2.45507,-2.4668362,-2.276616,-2.0182822,-1.786283,-1.6694721,-1.9429395,-2.159717,-1.9947307,-1.535768,-1.0768778,-0.5281599,-0.011266872,0.15135622,0.20596677,0.22613646,0.2067985,0.16758433,0.06780862,-0.05263775,-0.12837455,-0.21861702,-0.30019593,-0.34060672,-0.53969103,-0.8215697,-1.4928606,-1.8648034,-1.9316082,-1.8077197,-1.5982578,-1.1492068,-0.632586,-0.27591658,-0.1901345,-0.2583144,-0.56887496,-1.0146601,-1.5422659,-1.9157354,-1.972616,-2.0525424,-2.070382,-2.1529105,-2.4427123,-2.730271,-2.9203777,-3.2166572,-3.415416,-3.6223505,-3.6521738,-3.5634642,-3.4722795,-3.4701097,-3.4701,-3.4701154
-5.231763,-4.9721613,-5.02264,-5.005681,-5.019266,-5.061861,-5.091154,-5.1782217,-5.5465755,-5.6967325,-5.1568713,-4.5642414,-4.2900143,-4.0870547,-4.1509156,-4.414194,-4.233302,-4.381726,-4.4349084,-4.352498,-4.2388954,-3.9989262,-3.6899157,-3.4487906,-3.1269984,-2.853384,-2.440456,-2.1478179,-2.0130699,-1.9654684,-1.8633268,-1.7752717,-1.8249341,-1.7891884,-1.701727,-1.5907639,-1.5308394,-1.5638438,-1.7392526,-1.8871849,-1.9351448,-1.7702107,-1.3917466,-0.797893,-0.69547987,-0.6862869,-0.6591197,-1.028923,-1.3834794,-1.7756155,-2.32293,-2.79151,-3.1032395,-3.3852468,-3.8761363,-4.1866956,-4.4305573,-4.789912,-4.8323298,-4.729323,-4.7318497,-4.7045755,-4.625133,-4.5646358,-4.488549,-4.4629836,-4.53297,-4.688634,-4.476583,-4.2204914,-4.01192,-3.7753844,-3.5865521,-3.402769,-3.1143267,-2.9609141,-2.867877,-2.8406537,-2.7989693,-2.6392484,-2.4389677,-2.5055053,-2.8554854,-3.3220387,-3.9551651,-4.3724785,-4.599615,-4.753656,-4.6519356,-4.7547894,-3.6281953,-4.826328,-4.7627263,-4.631099,-4.580842,-3.9915032,-3.8770974,-3.8991976,-4.1175046,-4.311676,-4.458768,-4.571034,-4.751848,-4.8363566,-4.8096313,-5.045927,-5.149004,-5.1676655,-5.1648364,-5.0557413,-4.9627438,-4.8978496,-4.7465835,-4.633735,-4.5867624,-4.539934,-4.571027,-4.604761,-4.605494,-4.635554,-4.703617,-4.7634115,-4.8014154,-4.884965,-5.012868,-5.11932,-5.129973,-5.2470837,-5.440667,-5.2750983,-5.168296,-5.189873,-5.294574,-5.5346756,-5.732188,-5.8742075,-5.6148157,-5.1748023,-5.1372404,-5.260001,-5.437522,-5.5652194,-5.626744,-5.693647,-5.6341186,-5.5126095,-5.371325,-5.2947598,-5.1592903,-4.9050655,-4.7560143,-5.0257506,-5.033196,-5.0974045,-5.0551333,-5.037734,-4.907597,-4.486474,-3.8549871,-3.6773462,-3.8768375,-4.0922303,-3.9864964,-3.923748,-3.7849147,-3.8053813,-3.7522452,-3.3410695,-2.937992,-3.1542432,-3.625144,-3.9345086,-3.8137047,-3.8382514,-3.7603962,-3.5085354,-3.3032851,-3.1390076,-3.0419302,-2.9694798,-3.0159357,-3.2133908,-3.5202408,-3.7733674,-3.7425623,-3.875392,-4.141822,-4.3498306,-4.3649526,-4.466305,-4.606799,-4.871374,-5.020671,-4.962288,-4.9459324,-4.756235,-4.425535,-4.3687725,-4.227963,-3.921049,-3.7466102,-3.238444,-2.797419,-2.2186456,-1.936437,-1.884653,-1.951159,-2.1411457,-2.1880512,-2.1492457,-2.053465,-1.9530711,-1.89884,-1.9580783,-2.0759673,-2.2385912,-2.374421,-2.353318,-2.1835763,-1.8213816,-1.9210527,-2.2207644,-2.250431,-2.124861,-2.2973924,-2.822115,-3.2355928,-3.4843001,-3.7988267,-4.0050383,-4.1393757,-4.3592873,-4.4266376,-4.291086,-4.241901,-4.1962166,-4.158948,-4.2139626,-4.304175,-4.28938,-4.309639,-4.3945355,-4.4759464,-4.476991,-4.399044,-4.4181967,-4.4128556,-4.401167,-3.619485,-3.6195235,-3.6194851
0.33120978,0.2553916,0.45457587,0.29996935,0.29506668,0.31933445,0.32583347,0.1410994,0.1946804,0.37047273,0.8109313,1.6159446,1.9641707,2.0037808,1.5989517,0.40967214,-0.16695675,0.4749456,1.6876009,2.479535,3.2338452,3.9298887,4.2969832,4.4913445,4.638098,4.650419,4.5426292,4.3040867,4.162407,3.4753728,2.021104,-0.11644716,-1.1029977,-1.3747785,-1.4753106,-1.4410483,-1.4333582,-1.5440335,-1.6986129,-1.7500286,-1.6736348,-1.4857807,-1.0440516,0.059085056,0.81612504,1.335597,1.8258214,2.4022224,2.6855643,3.093066,3.4865475,3.6133003,3.7668233,4.045636,4.2251663,4.3239965,4.3281155,3.8327563,3.0293794,2.7215724,2.8877525,3.0554564,2.9404554,2.6345673,2.1165705,1.007633,0.13772032,-0.7551193,-1.2271994,-1.2994273,-1.2342486,-0.96556413,-0.5550355,-0.2458239,-0.16413221,-0.24532735,-0.2996536,-0.3150915,-0.12787518,0.5402701,1.4265662,2.0583377,2.6427984,3.0905173,3.2399473,3.3269682,3.4265285,3.3982348,3.5855846,3.6078207,-0.82358956,3.5900414,3.7013407,3.8478332,4.0990386,5.1155577,5.5041213,5.614509,5.23973,5.065666,4.9727488,4.772692,4.4842224,4.132273,3.8213875,3.0858119,2.256402,1.3540013,1.0427226,0.97817254,0.86850697,0.8210982,0.558447,0.28557366,0.0750621,-0.12903452,-0.328495,-0.52711034,-0.6466918,-0.73873526,-0.8769176,-0.93620765,-0.9378818,-0.9301572,-0.9891881,-1.0347443,-0.8068779,0.27915925,2.2012181,2.9696364,3.2951818,3.4700637,3.220355,2.8104196,2.0879726,1.18648,0.33919424,0.36544073,0.2720554,0.23545836,-0.15036468,-0.28909475,-0.4031358,-0.58688855,-0.86969215,-0.85877335,-0.7997697,-0.6368424,-0.37620634,-0.14096063,-0.44508767,-0.9001142,-0.60076725,-0.07557839,0.36002892,0.14595579,0.0540552,0.32537574,0.5234193,0.62012523,0.38039085,0.17071213,0.22840947,0.0779488,0.14853613,0.19596313,0.48443103,0.69701093,0.7628069,-0.2587202,-1.0181813,-1.1664033,-0.49053043,-0.10577968,-0.26020467,-0.50480616,-1.0114152,-1.4142613,-1.6042953,-1.7232097,-1.8099678,-1.848077,-1.7599981,-1.605717,-1.3341056,-1.1702255,-1.2829254,-1.5710196,-1.8850299,-2.0428658,-2.0949492,-1.9918702,-1.4764605,-0.42622003,0.53008455,1.2834865,1.5162418,1.3067077,0.9664866,0.95388126,0.9503137,1.7255547,2.2008433,2.2619216,1.7370906,1.1216204,0.33408514,-0.12043108,-0.058473036,0.09872641,0.22611648,0.30811447,0.3768598,0.3897974,0.43407673,0.44569543,0.6812001,0.95539564,1.104767,1.3589864,1.5418609,1.4373659,0.87553936,0.3061762,-0.14976251,-0.7360008,-1.1199058,-1.0686643,-0.8714908,-0.7667806,-0.65888953,-0.4385001,-0.13102967,0.020494312,-0.040222764,0.031021893,0.21814066,0.5943506,0.8460685,1.0113527,0.8190503,0.6950432,0.5578492,0.31743807,-0.018172681,-0.33687162,-0.5063175,-0.67733777,-0.84422725,-0.8440831,-0.8442223
-1.90327,-1.8562862,-2.1000113,-2.1707294,-2.2856913,-2.3600917,-2.3195992,-2.100628,-1.4861708,-0.74236286,-0.2610556,-0.31647852,-0.33256853,-0.3301649,0.21112467,2.3906894,4.0596952,4.56788,4.3515787,3.9190974,3.367278,2.576842,1.8461659,1.3464782,0.7117806,0.32704464,-0.12884578,-0.32372385,-0.3796026,-0.22673622,0.123239875,0.6444653,1.0110053,1.1941051,1.2169428,1.096568,1.0268301,1.1709516,1.609109,1.8902112,2.0642715,2.2029243,2.1035712,1.5530185,0.56087434,-0.1782606,-0.6323241,-0.91970897,-1.0006783,-1.1904707,-1.3819987,-1.7082703,-2.23436,-2.6015625,-2.6401846,-2.547935,-2.2657933,-1.7148938,-1.1466672,-0.79486287,-0.5397212,-0.4280869,-0.5339674,-0.6208874,-0.486391,0.734836,1.611729,2.41018,2.7767336,2.7592294,2.5204086,2.048868,1.3056675,0.48701173,-0.20354477,-0.4994431,-0.6436136,-0.7342283,-0.85379994,-1.0674688,-1.3408172,-1.6752565,-2.1810179,-2.5443401,-2.6895149,-2.6029491,-2.5844123,-2.5862546,-2.5697563,-2.5271437,-2.2076652,-2.4357593,-2.4006495,-2.4619327,-2.2816305,-1.5159483,-0.8263553,-0.57618976,-0.7842471,-0.89185166,-1.0458137,-1.1427945,-0.8626635,-0.2608871,0.34375674,1.322463,2.0131097,2.6922588,2.9506698,3.0311148,3.1074834,3.1464262,3.3596253,3.5082018,3.6064286,3.7493453,3.9001038,4.0429735,4.1592836,4.246697,4.3647084,4.4430466,4.468934,4.4692006,4.4601803,4.5521483,4.625936,4.03607,1.5446223,0.006758392,-0.5281168,-0.8064102,-1.6403623,-2.205068,-2.1261337,-2.0142443,-1.9979267,-1.6335078,-1.3749936,-1.2155124,-1.022103,-1.0297413,-0.84490865,-0.62968385,-0.45912388,-0.67732835,-1.0427309,-1.33926,-1.6960366,-2.229154,-2.5540056,-2.4004464,-2.3309565,-2.2718787,-2.2950234,-2.001146,-1.3693879,-0.5948507,0.04529254,0.33878452,0.27267003,0.21563458,0.112179965,-0.20990011,-0.29955965,-0.320233,-0.7217424,-1.1449711,-1.4396247,-1.0469247,-0.43411335,-0.38512394,-0.36179432,0.4799869,1.6186708,2.1010845,2.3089156,2.3816676,2.439907,2.5786405,2.7338438,2.808994,2.7555776,2.3586829,1.4420542,0.08211815,-0.8636923,-1.2166756,-1.1456892,-0.9560267,-0.8346828,-0.9322281,-1.4396386,-1.7879374,-1.746149,-1.640588,-1.3991036,-1.0674498,-0.56807864,-0.24731028,-0.20467076,-0.6441762,-0.9133686,-0.54513335,0.14601818,0.6169388,1.2057132,1.7698358,1.8979206,1.9210384,1.9119835,1.8589759,1.7672795,1.6420579,1.5008813,1.3600607,1.1236542,0.8483397,0.52475685,0.056370378,-0.39741683,-1.240682,-1.3234203,-1.0475007,-0.6459476,-0.042316526,0.48550496,0.85647905,1.0657214,1.0945027,1.0639935,0.9145257,0.6335008,0.24372847,-0.19783033,-0.43999648,-0.7053213,-0.9272827,-1.0391203,-1.1719354,-1.4519069,-1.380326,-1.6055542,-1.7876278,-1.969989,-2.006577,-1.9560392,-1.9506224,-2.2062895,-2.206334,-2.2062933
-2.3780596,-2.2493403,-2.3124409,-2.2833385,-2.292211,-2.3161163,-2.2621915,-2.1134021,-2.3625522,-2.4836395,-2.0177846,-1.6343483,-1.4956213,-1.391843,-1.5466847,-1.9147196,-1.394363,-0.7951702,-0.2894938,0.200757,0.79520243,1.4880165,2.1449049,2.536195,3.044097,3.5661201,4.5383186,5.725969,6.823636,8.266168,9.400478,10.334825,10.406685,10.118581,9.772975,9.362826,8.783918,7.8887873,6.1635065,4.5444765,2.6697335,0.9184447,-0.15079951,-1.0090277,-1.4297091,-1.6428305,-1.6748877,-1.843713,-2.0068116,-2.2460938,-2.584363,-3.0842323,-3.3798592,-3.3675923,-3.3739142,-3.3812585,-3.3190837,-3.0948646,-2.6383667,-2.4593194,-2.5339637,-2.5650134,-2.3498845,-2.0900736,-1.8230664,-1.6652226,-1.6373951,-1.4934849,-1.2256917,-1.1017354,-1.016029,-0.9634413,-0.982592,-1.0540831,-1.0606086,-1.1452879,-1.1945636,-1.324326,-1.5352211,-1.7782704,-1.9847159,-1.9854008,-2.1402555,-2.3498557,-2.6522226,-2.8776126,-3.0351782,-3.123987,-3.1093616,-3.164102,-1.6706367,-3.1653504,-3.1745849,-3.144814,-3.1285944,-3.0466616,-2.9111052,-2.5365016,-2.5312974,-2.4998903,-2.4485164,-2.2447567,-2.1441698,-2.0432918,-1.7643324,-1.6070592,-1.3872519,-0.9968443,-0.8515031,-0.68788224,-0.56537,-0.48055768,-0.35044876,-0.22900437,-0.1644767,-0.10678817,-0.12165459,-0.20662399,-0.24052426,-0.310354,-0.43219125,-0.5433657,-0.6226322,-0.76323164,-1.042191,-1.6483074,-2.2106092,-2.942917,-3.3708935,-3.3263717,-3.208134,-3.3610168,-3.7475905,-3.9581268,-3.8583846,-3.8724618,-4.0245814,-3.774175,-3.7570908,-3.668239,-3.6930482,-3.8146455,-3.896356,-3.9199762,-3.9892972,-4.127528,-4.252365,-4.3318133,-4.3687105,-4.353065,-4.1063166,-3.783804,-3.5434952,-3.439396,-3.3489647,-3.1424766,-2.8308105,-2.4130235,-2.0356457,-1.9867895,-2.0816507,-2.1165981,-2.0458481,-2.0704613,-2.1318512,-2.2004209,-2.275324,-1.9804413,-1.8275182,-1.9397571,-2.3637152,-2.424892,-2.021563,-1.9307942,-1.5413883,-1.0766354,-0.58689576,-0.25335345,-0.13618845,-0.115751505,-0.23736215,-0.49666512,-0.94016683,-1.5171263,-1.8508637,-1.9779077,-1.743308,-1.5213518,-1.2872612,-1.1639445,-1.3179482,-1.8619357,-2.671833,-3.2682831,-3.473265,-3.1927013,-2.8275728,-2.6145225,-2.3914948,-2.3166115,-2.2786705,-1.8404117,-1.242216,-0.3763663,-0.30061725,-0.7828008,-1.2431787,-1.6200829,-1.7748919,-1.7686799,-1.6770124,-1.5567751,-1.4413815,-1.4267914,-1.4844978,-1.5820994,-1.656712,-1.6867317,-1.6162919,-1.4406893,-1.336069,-1.1067345,-0.81231093,-0.44882733,-0.08628726,-0.045323566,-0.26564932,-0.5650295,-0.87895805,-1.1323236,-1.2907685,-1.5985178,-1.9033601,-2.122402,-2.264174,-2.2733378,-2.2703753,-2.2242606,-2.1659849,-2.0996118,-2.0299625,-1.9734764,-2.1222224,-2.2650619,-2.3113532,-2.260693,-2.263104,-2.2611644,-1.6614907,-1.6615437,-1.6614828
-0.4187442,-0.5656534,-0.7269897,-0.69391286,-0.71986693,-0.6910684,-0.6609787,-0.437619,0.30970514,1.2660723,1.8311229,1.6999936,1.7499442,1.9812436,3.515194,5.29574,5.545789,5.72622,5.381505,5.0860167,4.526762,3.8321784,3.2266583,2.9075723,2.4976017,2.1505618,1.5348315,0.96718466,0.44622213,-0.102758795,-0.2557771,-0.26051062,0.059163373,0.5002065,0.8414061,1.21891,1.6400185,2.142425,2.77738,3.1226897,3.3277068,3.3036537,3.0359743,2.4202754,2.0668068,1.7040257,1.1785398,0.9937363,1.1220622,1.1198338,1.102299,0.89531475,0.40652183,-0.1639222,-0.34299564,-0.34130895,-0.27753454,-0.2449621,-0.25876266,-0.0035508499,0.17105705,0.40873975,0.6220689,0.8618547,1.179564,1.8729798,2.202708,2.7317097,2.8922434,2.812745,2.6222491,2.1829805,1.5369167,0.9113121,0.49188593,0.2725456,0.09600411,-0.05700166,-0.24208659,-0.5073936,-0.54075205,-0.22327565,-0.25143763,-0.574152,-0.72866046,-0.5663906,-0.41361552,-0.33737183,-0.25394258,-0.17824903,0.8555343,0.049113095,0.0936019,0.057345256,-0.23331702,-0.6459405,-0.5459918,-0.21805498,-0.053615816,0.099012464,0.20313343,0.43895873,1.1130452,2.219249,3.064664,3.592111,3.98629,4.370594,4.486053,4.456809,4.5182867,4.5449715,4.672272,4.7624598,4.8105974,4.8852444,4.98133,5.0568295,5.1493173,5.224735,5.321612,5.3773003,5.3990307,5.5225773,5.627923,5.6290216,5.443125,5.200676,3.7175655,2.2991455,1.9193922,2.2184417,2.395807,2.6186988,3.2931175,4.2811227,5.846322,6.3108945,6.3859363,6.2919645,6.173382,6.1958966,6.3770857,6.674836,7.0418777,7.0656657,6.8745713,6.7534604,6.577872,6.2826214,5.865275,5.087677,4.1150746,3.1414182,2.2827742,2.0095677,1.6298398,1.0354486,1.0589825,1.1571144,1.5676146,1.8155419,1.6057705,1.44065,1.1499265,1.0173225,0.5058683,-0.060672343,-0.47955886,-0.65936023,-0.31704026,-0.12947902,0.092853755,0.8296548,1.6675842,1.9001657,1.7428086,1.5883673,1.5356023,1.5129821,1.5698316,1.6198764,1.5862205,1.3748882,1.196519,1.349924,1.4012445,1.1606592,1.1619718,1.1997968,1.2139815,0.8274423,0.20427659,-0.22933991,-0.04362309,0.1053285,0.025999099,-0.035859138,0.016918495,0.010126725,-0.16134083,-0.6022111,-0.9339527,-1.1278744,-0.99593896,-0.68309844,0.44969165,1.4146414,1.5695697,1.5266271,1.3906479,1.216294,0.9938859,0.9544182,1.04909,1.2896764,1.6376117,1.9373859,2.1553268,2.2747145,2.4200046,1.8043652,1.0141035,0.4689867,0.7943684,1.4895978,2.1321597,2.7639174,3.3621368,3.5509505,3.5828147,3.497066,3.303364,2.9061599,2.3824863,2.0747333,1.8736165,1.7837677,1.7774649,1.726649,1.6730337,1.6288298,1.726336,1.8473978,1.8346668,1.6514711,1.3219405,1.3890086,0.8572957,0.85731554,0.85728914
-1.2156568,-0.68439734,-0.8174592,-0.70966554,-0.45421013,-0.23207928,0.15831922,0.7997764,1.1782216,0.88934493,0.97977775,1.1734993,1.1381727,1.0461298,0.5408511,-0.33864194,-1.3292974,-2.7356942,-3.4925206,-3.7414837,-3.8606205,-3.8411214,-3.6997046,-3.580637,-3.4018874,-3.245782,-3.0177853,-2.8273609,-2.6208377,-2.2241957,-2.0342116,-1.8544887,-1.9075891,-2.1068273,-2.295497,-2.4916005,-2.7781823,-3.1387916,-3.7153893,-3.9215968,-3.9532723,-3.8563175,-3.6308613,-3.4848025,-3.6048288,-3.371225,-2.9997497,-2.7249913,-2.6097894,-2.379626,-2.0487854,-1.2628311,-0.22417104,0.4950149,0.73253983,0.7698108,0.8318025,1.045209,1.1502135,1.0549908,0.62506676,0.07480663,-0.18501872,-0.41432264,-0.74807435,-1.1882076,-1.0995109,-1.5523732,-2.41749,-2.9073594,-3.073894,-3.0406005,-2.7393558,-2.2941525,-1.8120565,-1.4670012,-1.2023778,-0.99731535,-0.9176234,-1.0511531,-1.5815122,-1.9327598,-1.6462026,-1.2701559,-0.9985988,-0.7512059,-0.5736285,-0.5281589,-0.5181224,-0.4509265,-0.8164586,-0.50324106,-0.4756189,-0.39625853,-0.09065896,0.30695093,0.037740886,-0.38366842,-0.6449461,-1.0148381,-1.2305653,-1.5035958,-1.9080971,-2.3552823,-2.5172033,-2.721949,-3.0344203,-3.4603333,-3.5461016,-3.5588138,-3.5943394,-3.5920901,-3.6504421,-3.7011504,-3.7174177,-3.7218053,-3.705237,-3.7008085,-3.7193646,-3.7515469,-3.7958014,-3.8375938,-3.8706524,-3.9182365,-3.984642,-4.0339546,-3.8458624,-3.5730896,-2.187336,-1.4391174,-1.4986067,-2.000699,-2.3717709,-2.6037598,-2.6655035,-2.5713997,-1.9482834,-1.6313777,-1.484579,-1.6176609,-1.5217502,-1.4571277,-1.6006674,-1.8369257,-2.1893299,-2.2272615,-2.0994442,-1.9655834,-1.7485937,-1.444814,-1.2283552,-1.4169753,-1.5112638,-1.5219941,-1.3353783,-1.1603991,-1.311823,-1.4577143,-1.2005177,-0.95987475,-1.4913568,-1.616389,-1.4083414,-1.2670574,-1.0907483,-1.10163,-0.89074403,-0.7059939,-0.6736156,-0.8897157,-0.9015932,-0.57324666,0.2745676,-0.06499551,-0.82282734,-1.1219977,-1.374481,-1.4973722,-1.5303257,-1.5303283,-1.508307,-1.4144162,-1.1707928,-0.5695151,-0.046999782,0.36938205,0.40850112,-0.03434106,-0.38456485,-0.6862821,-0.6036672,0.03322333,0.93399554,0.8749817,0.31632027,0.5776869,0.5850492,0.3944854,0.12043628,0.21050453,0.21424535,0.9862259,1.3994074,1.4060944,1.2973973,1.544908,1.187356,0.17670877,-0.24865556,-0.52686906,-0.6230086,-0.64559317,-0.6559162,-0.61812073,-0.54465455,-0.5088027,-0.43933862,-0.40682262,-0.42405918,-0.5336898,-0.9073554,-1.2278802,-1.1481007,-0.99127835,-1.5097735,-1.5566471,-1.4740081,-1.9329422,-2.6367164,-2.8985054,-2.9713411,-2.9769888,-2.9076753,-2.736515,-2.7273183,-2.9947882,-3.1598573,-3.2363677,-3.1982584,-2.9944537,-2.5610404,-2.051484,-1.4864153,-1.3613703,-1.279074,-1.1933907,-1.3689433,-1.3803287,-0.80727404,-0.80727524,-0.8072755
-1.4520097,-1.3465071,-1.0213947,-0.90248024,-0.7015046,-0.49487096,-0.36635712,-0.4750248,-1.0717827,-1.5164137,-1.5307273,-1.1991632,-1.0473874,-1.1528115,-1.913986,-3.1968083,-3.9038682,-3.9468274,-3.8105211,-3.681754,-3.5038524,-3.3675876,-3.2873836,-3.230377,-3.1476116,-3.0916095,-2.9907067,-2.9709187,-2.8944254,-2.780768,-2.8448205,-2.909503,-2.9055548,-2.912042,-2.9406724,-2.999608,-3.0875359,-3.263597,-3.6249952,-3.826908,-3.8690677,-3.724925,-3.3883848,-2.5696144,-2.088514,-2.007344,-1.8216754,-1.6463776,-1.6224959,-1.3724391,-0.71367985,0.80964935,2.9690652,4.713986,5.810651,6.3641596,6.932393,7.7014017,8.451599,8.798465,8.778164,8.639697,8.697593,8.722368,8.521204,7.6008744,5.9876823,3.02647,0.19757685,-1.2187397,-1.850601,-2.4162521,-2.6488514,-2.576171,-2.3876452,-2.3113222,-2.3105474,-2.2352297,-1.8905933,-1.0742717,-0.10538942,0.3697089,0.7170329,1.0476965,1.4187973,1.5677729,1.7137935,1.8226569,1.7806764,1.8386295,-0.7500043,1.7678438,1.8057706,1.867393,2.2215362,3.0887122,2.9207401,2.4168925,2.125174,1.752612,1.7229798,1.5144124,0.8632518,-0.16559544,-0.5538244,-1.2131524,-1.9989206,-2.586822,-2.6813233,-2.6406088,-2.673666,-2.6988895,-2.8174584,-2.9310863,-3.0061073,-3.075778,-3.1106799,-3.1682913,-3.2455292,-3.290959,-3.3692727,-3.4212475,-3.4442754,-3.4960275,-3.6172996,-3.9294307,-3.9772625,-3.9960468,-3.0853164,-2.1528044,-1.8255187,-1.8017623,-1.41296,-1.032002,-1.0656561,-1.1195765,-1.1782246,-1.160177,-0.9585372,-1.1053705,-1.2365062,-1.2085378,-1.1859224,-1.2477832,-1.5032383,-1.6468875,-1.577487,-1.3927895,-1.0282781,-0.24092335,0.5748889,0.4900182,0.419202,0.55042636,0.81016207,0.7532965,0.64989007,0.8591776,1.2364573,1.7547644,0.8812219,0.5610566,0.85849655,1.1438166,1.4028691,1.3772984,1.4681356,1.1608071,0.8700273,-0.28502643,-1.0876822,-1.4156373,-1.0696328,-1.0538143,-1.5012119,-1.7382251,-1.8670766,-1.9507508,-1.9856207,-2.003137,-2.057487,-2.1658452,-2.2956698,-2.250902,-2.1636732,-2.2269206,-2.5611062,-2.8441086,-2.933873,-2.6336174,-2.2552454,-0.95895445,2.5099177,6.2768755,8.506844,9.597395,9.9909,9.960314,9.804415,9.620753,9.475701,9.693893,9.681295,9.484293,8.825915,7.32838,3.5086946,0.34306183,-0.72815204,-1.3578912,-1.8465636,-2.1791017,-2.4901023,-2.769057,-2.945929,-3.063643,-3.0068789,-2.807323,-2.5643904,-2.1084414,-1.6227486,-0.94767284,-0.81896734,-1.0270954,-1.7101729,-1.9845115,-2.5454228,-3.4558153,-3.900657,-3.9284625,-3.8477645,-3.5949392,-3.3039827,-2.9449277,-2.6386633,-2.6577632,-2.6094732,-2.564837,-2.5010464,-2.421936,-2.2498636,-1.9654915,-1.540261,-1.4723556,-1.495167,-1.5577476,-1.857832,-1.9122664,-0.7703344,-0.7701662,-0.77030903
-1.6014196,-1.2970494,-1.2890961,-1.2203983,-1.0894328,-0.94304764,-0.8198712,-0.64525783,-0.40873846,-0.23160078,0.09029876,0.5693434,0.8062175,0.97065234,0.73032004,-0.12669036,-1.2932194,-2.3881774,-2.7134645,-2.7537806,-2.753889,-2.7340302,-2.7034824,-2.6576889,-2.5962498,-2.5769176,-2.5196576,-2.4643774,-2.3164635,-2.3011029,-2.4960752,-2.7410007,-2.9039974,-2.9541216,-2.9177265,-2.7743998,-2.6009717,-2.458109,-2.3290153,-2.1596725,-1.809413,-1.2093691,-0.20519212,1.9316008,3.6357203,4.1944675,4.3706036,4.238281,4.039754,3.8944645,3.3019376,3.3163228,3.214939,2.7680829,2.2763271,1.9474334,1.7667155,1.3075707,1.0120916,0.83197016,0.79560155,0.8264406,0.68245655,0.5237265,0.30734995,-0.11225793,-0.8595863,-2.1162603,-2.7572417,-2.8508842,-2.8199577,-2.6645744,-2.4104545,-2.1780372,-1.9423759,-1.8032925,-1.7404034,-1.6518905,-1.4001299,-0.7986943,0.038186193,0.3563277,0.1942218,-0.112559676,-0.44556928,-0.58718705,-0.575463,-0.6204439,-0.4685852,-0.37894922,-0.94364196,-0.34171516,-0.05455382,0.16697602,0.9181722,3.1425653,4.234252,4.457812,4.548872,4.4644814,4.219278,3.9234657,3.7579007,3.4457421,2.7940898,1.7907553,0.45161626,-1.4168272,-2.1285863,-2.4304807,-2.645408,-2.683034,-2.8387542,-2.995495,-3.1408758,-3.259791,-3.3556361,-3.4379945,-3.5148664,-3.5563884,-3.6380982,-3.6815636,-3.6784139,-3.7168462,-3.8208098,-4.017748,-3.9836442,-3.3354177,-1.9098842,-1.070647,-0.80346036,-0.7108294,-0.44032598,-0.52531415,-1.0339091,-1.4219431,-1.6294273,-1.5542704,-1.5640845,-1.8382366,-2.282367,-2.4461544,-2.51807,-2.7001457,-3.0416129,-3.1892846,-3.123134,-2.9671268,-2.660655,-2.0914555,-1.5440258,-1.6795068,-1.7574786,-1.762566,-1.6515379,-1.6842552,-1.5167447,-1.1504455,-0.9909858,-0.9849663,-1.3927612,-1.6251321,-1.5829396,-1.6991463,-1.6901665,-1.7147082,-1.5669875,-1.3013847,-0.9432541,-1.2486811,-1.5613474,-1.766751,-1.7307036,-1.8515301,-2.4282684,-2.7128482,-2.8363757,-2.839549,-2.8265064,-2.8165715,-2.8753011,-3.024785,-3.1449285,-2.9732456,-2.4664702,-1.9633195,-1.8210604,-2.0126705,-2.1543045,-2.2837467,-2.377242,-2.434945,-1.9599283,-1.1033642,-0.5073739,-0.022411525,0.18865344,0.053334728,-0.25558734,-0.4576352,-0.68768096,-0.25492775,-0.0015798211,0.073667124,0.09580758,0.10041523,-0.3016429,-0.998687,-1.2525554,-1.3440167,-1.3662474,-1.3688576,-1.4091711,-1.5561955,-1.7500522,-1.9901725,-2.1463852,-2.1125154,-1.8783433,-1.0819416,-0.31190374,0.50623864,0.8758031,1.0020152,0.48784855,-0.2768336,-1.3178477,-2.2224138,-2.8790803,-3.0628781,-3.0663645,-2.9242077,-2.6527305,-2.265528,-1.9422642,-1.82353,-1.7340689,-1.6783949,-1.6447128,-1.5629069,-1.6563193,-1.7929975,-1.862601,-1.8997023,-1.8636839,-1.8496861,-1.7481875,-1.8147923,-0.9458774,-0.9458682,-0.9458723
2.521552,3.7060263,2.8330772,2.951068,3.3111777,3.7269363,4.629707,6.6916537,8.777242,9.411888,9.591581,9.665903,9.61918,9.499458,8.838767,7.5485964,5.547125,2.7177386,0.7654468,-0.07676599,-0.8418187,-1.3940499,-1.5053856,-1.4852341,-1.4341583,-1.2944722,-0.98447406,-0.5876428,-0.2787401,-0.05028224,-0.19406357,-0.5858469,-1.1127526,-1.5127282,-1.8235126,-1.9185914,-1.882088,-1.6301593,-1.1153923,-0.6722484,-0.08997962,0.6037957,1.2769288,2.1042035,2.545459,2.8681219,3.0387712,3.048008,2.8923626,2.678896,1.8990477,1.3597538,0.8433017,0.12899053,-0.32203346,-0.5518104,-0.5196712,-0.21595368,0.35476077,0.2723089,0.077274665,-0.15047255,-0.45614356,-0.9439655,-1.5441909,-2.268772,-2.5965824,-3.1096592,-3.5364084,-3.6655629,-3.620974,-3.2047966,-2.4498782,-1.7631044,-1.252065,-1.0030694,-0.7944434,-0.53717506,-0.27166903,-0.074876785,-0.21967122,-0.6480597,-1.1480937,-1.4453588,-1.6919112,-1.6358745,-1.4437817,-1.4704639,-1.2751492,-1.1053793,0.78265274,-1.1531677,-0.97481424,-0.7991553,0.15464173,1.8434939,2.6304123,3.075041,2.9177573,2.5755804,2.2462897,2.0175214,1.799484,1.7915038,1.6191741,1.3777337,0.94683355,-0.06481184,-0.5520483,-0.7861107,-0.9728454,-0.980347,-1.1421275,-1.3352933,-1.4551879,-1.5039074,-1.5261182,-1.5612535,-1.5824087,-1.6340172,-1.7388823,-1.8173172,-1.8512542,-1.9307481,-2.1387644,-2.5153258,-2.512452,-2.4486582,-1.6291891,-0.96503514,-0.8969915,-1.2808282,-1.7424237,-1.8470657,-1.5241423,-1.2000347,-0.688117,-0.08089723,0.09314862,-0.1392641,-0.35620472,-0.4260838,-0.58221066,-0.749537,-1.1809247,-1.4387064,-1.4140725,-1.3308299,-1.1530153,-0.833532,-0.38081712,-0.18345885,-0.3370515,-0.55630636,-0.6337509,-0.4319774,-0.3532195,-0.25441045,0.027789254,-0.027961506,-0.7483643,-1.044059,-1.0734781,-1.4084687,-1.6291733,-1.7864397,-1.9034779,-1.8565407,-1.6890982,-1.5678385,-1.5346656,-1.7739347,-1.7394924,-1.9547608,-2.4215276,-2.539115,-2.629033,-2.574335,-2.5500836,-2.5821595,-2.6420703,-2.608885,-2.3092558,-1.5860834,-0.9123437,-0.46949857,-0.06454694,0.011699796,-0.09157857,-0.12328112,-0.13072485,-0.091742516,-0.042097762,-0.06745567,-0.033871792,0.2042213,0.1199698,-0.29816496,-1.029335,-1.5511938,-1.7212105,-1.3128927,-1.2021555,-1.4704831,-1.8936423,-1.8778756,-1.7556123,-2.0113733,-2.088945,-2.0284655,-1.7689863,-1.5141902,-1.2560208,-1.087477,-0.9884979,-0.99139607,-0.96434647,-0.88262,-0.6933008,-0.22407588,0.20947516,0.7187084,1.3208206,1.9578192,2.2230186,2.1665816,1.5477198,1.0334818,0.16083917,-0.22579005,-0.3356558,-0.4312516,-0.33627445,-0.096114516,-0.061689407,-0.4954957,-0.9719808,-1.226378,-1.2336453,-1.0185786,-0.7744417,-0.45554468,-0.13975804,0.014995471,0.13725615,0.21885449,0.22530515,0.21430394,0.7928239,0.79279613,0.7928164
-1.7051268,-1.6843246,-1.8322439,-1.8141893,-1.8373287,-1.8710313,-1.8582693,-1.8279495,-1.839514,-1.7853057,-2.1380186,-2.271537,-2.3028245,-2.3679974,-2.4839582,-1.887421,-0.9888996,-0.67685795,-0.68735635,-0.8269616,-1.2063782,-1.7539856,-2.1540568,-2.3738177,-2.648861,-2.8744674,-3.0842106,-3.0210195,-2.8114228,-2.4084697,-2.0130599,-1.5986563,-1.532316,-1.593579,-1.5033923,-1.2422513,-0.8864391,-0.6288315,-0.50509286,-0.5372107,-0.76590466,-1.3274695,-2.076512,-2.919177,-3.1472406,-3.204517,-3.1702576,-3.0221028,-2.8875961,-2.961618,-3.2024083,-3.4301028,-3.6712391,-3.5518317,-3.3081656,-3.0946136,-2.9256458,-2.7266054,-2.6470652,-2.3066716,-2.3789244,-2.612142,-2.798859,-2.9285345,-2.7438383,-2.0204928,-1.5810075,-1.0142658,-0.50542,-0.31397972,-0.34251413,-0.5844567,-1.1473256,-1.5136337,-1.5348686,-1.4047403,-1.2717853,-1.2012144,-1.2969934,-1.7060885,-2.272551,-2.794239,-3.3106184,-3.6164165,-3.535622,-3.3977258,-3.3050663,-3.2174678,-3.3165739,-3.1797266,-2.0188885,-3.0255473,-2.8838456,-2.7861164,-2.6955855,-2.9690888,-3.325405,-3.5101745,-3.5243104,-3.668688,-3.861877,-3.9873633,-4.067535,-3.7383628,-3.3024375,-2.7751195,-2.3173468,-1.8684207,-1.7548995,-1.8037767,-1.7932901,-1.8146975,-1.802259,-1.7775834,-1.7643654,-1.6730466,-1.5321697,-1.4123197,-1.3351839,-1.2556415,-1.1354796,-1.0771549,-1.0661149,-1.0736058,-1.0451274,-1.0251834,-1.3037897,-2.0928085,-3.530571,-3.6800518,-3.694363,-3.585545,-3.2294812,-2.6916406,-2.1786678,-1.1607356,0.9139678,1.9943484,2.5151615,3.0156007,3.8179955,3.9672027,3.8597565,3.5867646,3.339633,2.9887252,2.3871324,1.646924,0.702201,-0.85965466,-2.218133,-2.5234687,-2.751357,-2.8325999,-2.9367142,-2.8212862,-2.865241,-3.0311418,-2.9683213,-2.7645543,-2.8271518,-2.7339983,-2.6634498,-2.479203,-2.280299,-2.1716216,-1.9907746,-1.5867721,-1.4699287,-1.308736,-1.4657327,-1.6509705,-1.3521609,-1.7256737,-2.3902845,-2.5220423,-2.5306182,-2.4674125,-2.4322934,-2.4376445,-2.4891462,-2.608801,-2.7696364,-2.815412,-2.6330447,-2.2074976,-1.6140606,-0.93532336,-0.73418176,-0.81205064,-0.7837328,-0.79771274,-0.9730848,-1.2208668,-1.4029951,-1.6849309,-1.5746717,-1.3232884,-0.889584,-0.6685052,-0.7014948,-0.9830698,-0.9626899,-0.42432734,0.29370996,0.56913877,0.6404053,0.7780404,0.68562734,0.6528449,0.7477687,0.87816,0.99117744,1.1279548,1.1786355,1.1844416,1.0213763,0.6632484,0.26263958,-0.40836576,-1.2644122,-2.293308,-2.5982714,-2.3535123,-1.9034488,-1.285378,-0.13271037,0.8166213,0.8652943,0.719878,0.56877995,0.14313185,-0.4761092,-1.1971073,-1.6894606,-1.870837,-1.9790702,-1.9852841,-1.8935916,-1.884278,-1.7448578,-1.6889341,-1.8536984,-1.9601207,-2.0448036,-1.9380901,-1.8734288,-1.8289642,-2.0052972,-2.0053804,-2.0053043
-2.2234564,-2.0826778,-1.9767026,-1.9341743,-1.8274002,-1.7347066,-1.5929348,-1.4023302,-1.464973,-1.3637424,-0.91113,-0.6530193,-0.5176276,-0.50810677,-0.70592856,-1.2067187,-1.9165797,-2.579075,-2.7598186,-2.7057767,-2.5450218,-2.2797813,-1.9828801,-1.7992039,-1.5959538,-1.4069686,-1.13416,-0.95625186,-0.7739442,-0.5149239,-0.2854945,0.018538669,-0.11923897,-0.42384875,-0.7360765,-0.9997978,-1.2435513,-1.4432112,-1.6999208,-1.8417811,-1.929177,-1.9184307,-1.7551165,-1.4968916,-1.6019179,-1.5244946,-1.4740756,-1.556685,-1.6742892,-1.6975701,-1.920011,-2.1075726,-2.120248,-2.1835227,-2.251981,-2.336149,-2.3849597,-2.218783,-2.223065,-2.4750352,-2.778382,-3.0007434,-3.1557024,-3.314207,-3.6069226,-3.679791,-3.428483,-3.0387774,-2.6997988,-2.3647609,-1.9400531,-1.2184782,-0.3998012,0.3571971,0.7954146,0.98698175,1.1980169,1.493876,1.8660891,2.2511983,2.1686344,2.0894423,2.2128031,2.0180483,1.4587159,1.2270758,1.1934104,1.1013354,1.3476113,1.4504433,-1.3832242,1.6222072,1.7408593,1.8467867,2.2019925,2.0867248,1.1455787,0.26693594,0.116919845,-0.2644026,-0.5911614,-0.8386784,-1.1249356,-1.4341503,-1.6721678,-1.971779,-2.402526,-2.9357462,-3.053969,-3.024039,-3.0629292,-3.079126,-3.1121225,-3.0672631,-3.0640426,-3.067243,-3.1231604,-3.1795478,-3.2163203,-3.288431,-3.3806834,-3.4563918,-3.509245,-3.6007276,-3.693343,-3.6597934,-3.429317,-2.895534,-1.9716849,-1.839648,-2.1361144,-2.4854221,-2.8238852,-3.0461621,-3.1570096,-3.3092573,-3.4191847,-3.315764,-3.3350723,-3.4493408,-3.5135167,-3.5222616,-3.5471108,-3.5070834,-3.3524208,-2.9655561,-2.5171435,-2.0970137,-1.5236537,-0.5509589,0.43405497,0.9606859,1.0703042,0.8708867,0.8214315,1.152189,1.6354586,2.2781556,2.854907,3.0625768,3.2287464,3.2470784,3.518123,3.4818258,3.8036075,3.863306,4.1063075,4.246995,3.754526,2.6032171,1.1760653,0.4262915,-0.11829457,-0.81760967,-1.6421423,-1.7825376,-1.7719998,-1.7288086,-1.7179909,-1.7522085,-1.8499243,-1.9237162,-1.9414127,-1.8632867,-1.6310551,-1.3539801,-1.2736965,-1.3521414,-1.4875741,-1.767221,-1.8998712,-2.0085285,-2.3661635,-2.9632928,-3.1258788,-2.7773056,-2.646277,-2.8253083,-3.1051776,-3.0063298,-2.9636655,-2.8215995,-2.9224334,-3.3169272,-3.6077018,-3.4254358,-2.7143993,-2.0130832,-1.6228075,-1.385738,-1.1861337,-1.0343747,-0.90087926,-0.7780468,-0.70896065,-0.7208165,-0.74582887,-0.7905028,-0.78284186,-0.72011983,-0.9058333,-0.9143059,-0.6850461,-0.7899383,-1.4028467,-1.9573417,-2.1485121,-2.090002,-2.0862012,-2.1615422,-2.2046003,-2.2805655,-2.301739,-2.2428026,-2.2380815,-2.3378444,-2.436471,-2.5357652,-2.6170974,-2.5620108,-2.5104616,-2.511221,-2.4756808,-2.4165332,-2.3416846,-2.2371187,-2.1072671,-2.0910015,-1.3836966,-1.3836865,-1.3836972
-1.4178216,-1.2934647,-1.2281747,-1.07154,-0.80927855,-0.59395736,-0.5173781,-0.3355512,0.22945645,0.89452064,0.94553745,0.69739485,0.37222484,0.3085165,0.44684696,-0.3314879,-0.57846385,-0.19513823,0.08066107,0.19619893,0.29501057,0.43144625,0.6445401,0.8144459,1.0622221,1.2279879,1.6466603,2.1835623,2.399057,2.5287719,2.2604485,1.5302143,0.70557654,0.013757408,-0.4687024,-0.73411334,-0.8594686,-0.80181277,-0.4972272,-0.1369105,0.24181618,0.43756777,0.34862778,0.3835359,0.21317068,-0.5298317,-1.0876787,-1.3156309,-1.3423436,-1.4168205,-1.3824596,-1.432045,-1.5883851,-1.4650421,-1.2066005,-1.1492044,-1.2144285,-1.183011,-0.6744393,-0.2715494,-0.3806901,-0.32929605,0.18378526,0.7441379,1.5589124,1.7779908,0.9730629,0.4378708,0.14809258,-0.045613162,-0.17821985,-0.20496576,0.0342236,0.45990443,0.8033281,0.86873996,0.99293303,1.0387623,0.89659584,0.4762789,-0.0120925605,-0.27204573,-0.60551256,-0.92061204,-0.89051616,-0.88649374,-0.8572835,-0.8226909,-0.8631963,-0.7526808,-0.607845,-0.6735977,-0.676139,-0.7141707,-0.7426162,-1.2294772,-1.3888142,-1.3491724,-1.4079027,-1.5355269,-1.6932299,-1.748768,-1.8129737,-1.7361867,-1.6680677,-1.7300245,-1.6040069,-1.3706703,-1.2644234,-1.239242,-1.1979338,-1.1954981,-1.2550957,-1.2876811,-1.2834027,-1.2847698,-1.2912498,-1.2807927,-1.2650007,-1.2651595,-1.2211845,-1.2067701,-1.2082318,-1.1909342,-1.170403,-1.2079638,-1.4481896,-1.453522,-0.78355855,-0.55927795,-0.77462244,-1.1246399,-1.6360967,-1.4984063,-1.2546942,-0.9056444,-0.19159612,0.26895636,0.56016827,0.7586537,1.106014,1.2431505,1.3782909,1.4411223,1.5068834,1.5682688,1.522726,1.2601132,0.93641615,0.31643873,-0.44705173,-0.7494083,-0.984946,-0.9895219,-1.0033401,-0.9490514,-1.0711964,-1.1608897,-1.1002532,-1.0626239,-1.5080036,-1.5870131,-1.7094367,-1.8604171,-1.8747971,-1.7777404,-1.6286716,-0.8161335,0.26700014,1.3866234,1.1005864,0.48280814,-0.6470809,-1.6867186,-2.0781078,-1.8933432,-1.3421673,-0.9238484,-0.83121717,-0.8894625,-0.9410529,-0.9553787,-0.98393583,-1.1680032,-1.6040342,-1.2100953,-0.54088306,-0.38622612,-0.5543594,-0.75608534,-0.78578854,-0.90343285,-1.0727985,-0.7894816,-0.15265289,-0.11901699,-0.32150838,-0.3167162,-0.06620287,0.07489243,0.36445382,0.7426759,1.2163999,1.658375,1.7176076,1.407602,1.2201413,1.2464159,1.1696547,1.1563476,1.3128384,1.537865,1.7501755,1.9548211,2.083113,2.0896566,1.7836121,1.1948755,0.4863678,-0.39832002,-0.7789227,-1.014685,-1.2088581,-1.1140513,-0.6924092,-0.40079254,-0.20049869,-0.091296434,-0.020992652,0.12796706,0.266918,0.37623242,0.34534073,0.17368959,0.036599115,-0.028964728,-0.10310294,-0.16733876,-0.11358738,-0.12544067,-0.07035856,-0.2541806,-0.40887687,-0.5731586,-0.8183123,-0.8537787,-1.1361585,-1.1864555,-0.5977835,-0.59777045,-0.59777355
-3.072401,-2.8303304,-2.9276676,-2.8932877,-2.8745115,-2.9057453,-2.8763742,-2.6633,-2.3952644,-2.383092,-1.9691739,-1.5729891,-1.4668242,-1.4156145,-1.6270652,-1.8522775,-1.9921935,-2.780039,-3.0988684,-3.0785565,-2.9306219,-2.6054518,-2.2795544,-2.0697691,-1.792857,-1.5140538,-1.0341394,-0.57868993,-0.2441427,0.0028372481,0.120357186,0.13729079,0.035127804,-0.033779547,-0.1662102,-0.26524863,-0.4413314,-0.70507324,-1.2465906,-1.6768854,-2.0194674,-2.129182,-1.9200252,-1.5021628,-1.4158623,-1.0131383,-0.6985146,-0.74474156,-0.86947083,-0.9627874,-1.2381212,-1.6611993,-1.8739139,-2.0644608,-2.3856893,-2.5297956,-2.589266,-2.7045279,-2.7842355,-2.882298,-2.9466383,-3.0834436,-3.2916322,-3.4809504,-3.6817164,-3.931118,-3.9751964,-3.8768277,-3.4867635,-3.0967538,-2.7616096,-2.3235526,-1.9646943,-1.7074262,-1.4585438,-1.3363142,-1.2395794,-1.1788646,-1.1449257,-1.0589287,-1.070208,-1.094504,-1.0606799,-1.2070081,-1.8263493,-2.089995,-2.1430357,-2.1897426,-1.9935436,-1.9913555,-2.365852,-1.9079949,-1.7319245,-1.5166743,-1.2945966,-0.86150694,-0.897306,-1.0122476,-1.2586055,-1.5399507,-1.791245,-1.9388275,-2.1328688,-2.3294747,-2.4204476,-2.7802448,-3.0218956,-3.2891247,-3.3711286,-3.2904096,-3.2353501,-3.1698225,-3.0682936,-2.9792461,-2.9614305,-2.948426,-3.018663,-3.1070814,-3.1512809,-3.2280593,-3.3394227,-3.4239511,-3.4707365,-3.5647602,-3.6910217,-3.7795517,-3.6947985,-3.644174,-3.3027782,-3.1542516,-3.1455495,-3.09984,-3.0974894,-3.3525736,-3.6827307,-4.0010486,-4.0564604,-3.914531,-4.0753465,-4.223368,-4.410217,-4.5020695,-4.604293,-4.6623464,-4.7009172,-4.574376,-4.4108925,-4.2885723,-4.099054,-3.7230515,-3.367869,-3.461122,-3.3121839,-3.3907623,-3.3162022,-3.2029796,-2.8504395,-2.234426,-1.6573346,-1.5223202,-1.4956012,-1.656671,-1.5595424,-1.7098761,-1.6684897,-1.769861,-1.791992,-1.7341729,-1.6978207,-1.9453745,-1.9905047,-1.8115914,-1.6628981,-1.934326,-2.1361244,-1.9912694,-1.9517834,-1.8926866,-1.8360342,-1.7646512,-1.7492032,-1.7753878,-1.7924628,-1.7154586,-1.4674499,-1.5663149,-1.8362607,-2.137453,-2.20373,-2.3234391,-2.4843175,-2.7842717,-3.1869082,-3.5188932,-3.5703566,-3.074359,-2.8606634,-3.0110188,-3.1772943,-3.1537063,-3.3203459,-3.1657534,-3.1168804,-3.1680653,-3.2941935,-3.3007016,-3.093583,-2.7815342,-2.5496705,-2.335967,-2.105218,-1.9153368,-1.72557,-1.5678349,-1.4443903,-1.3650346,-1.1014569,-0.8221321,-0.46006978,0.22674055,0.45443147,0.5740428,0.6141295,0.385953,-0.10289328,-0.91758955,-1.2741905,-1.239561,-1.4653271,-1.7452663,-1.892891,-2.0810149,-2.1396604,-2.0838616,-2.143457,-2.1286838,-2.0477874,-1.9561548,-1.9010818,-1.7175795,-1.6565001,-1.7200851,-1.8993258,-2.102942,-2.183532,-2.257298,-2.2887034,-2.269457,-2.353455,-2.3535175,-2.3534622
-3.7762501,-3.6595,-3.7163095,-3.4842892,-3.3806233,-3.3475366,-3.4187794,-3.6676059,-4.2069063,-4.2439165,-3.8346496,-3.4444027,-3.3208256,-3.22267,-3.01638,-2.3501763,-1.7662406,-1.5027914,-1.2823988,-1.1707284,-1.0622902,-0.9314225,-0.7650336,-0.66163456,-0.5453941,-0.47750112,-0.42379755,-0.52734876,-0.7081575,-0.9477183,-0.95041513,-0.89920247,-0.8844296,-0.845688,-0.75618505,-0.6279855,-0.462564,-0.3169195,-0.3054597,-0.45705464,-0.7665492,-1.2815897,-1.8104404,-2.1102269,-2.3438864,-2.6040215,-2.724737,-2.9183774,-3.052981,-3.214395,-3.542043,-3.8708057,-4.190896,-4.2516894,-4.262806,-4.2879734,-4.295848,-4.1568813,-3.7504838,-3.3987732,-3.3896837,-3.4388134,-3.2867746,-3.1404667,-2.8016825,-2.2310956,-2.019987,-1.780443,-1.3690381,-1.2107095,-1.1692564,-1.231198,-1.4561067,-1.7505157,-1.9465575,-2.0207174,-2.0254383,-2.096655,-2.3004074,-2.6288023,-3.0000057,-3.4181318,-3.9754848,-4.3531966,-4.5288687,-4.672387,-4.710153,-4.7305865,-4.737084,-4.7088118,-5.191652,-4.70319,-4.6593237,-4.5973372,-4.4983745,-4.263418,-3.9173307,-3.5168853,-3.3916364,-3.3312373,-3.3296537,-3.2420008,-3.3161492,-3.3209662,-3.053286,-2.9594102,-2.7634513,-2.5355964,-2.5028837,-2.5298913,-2.552959,-2.588786,-2.6117942,-2.5814366,-2.5632315,-2.5305033,-2.5028265,-2.4696493,-2.4411716,-2.4240596,-2.418497,-2.4359534,-2.4578104,-2.5148005,-2.5946345,-2.7603738,-3.0634463,-3.4251976,-4.094251,-4.3203964,-4.526767,-4.694832,-4.883942,-5.1465225,-5.2605476,-5.1501555,-4.593679,-4.028568,-3.7071137,-3.533135,-3.2871463,-3.234344,-3.1906466,-3.0772789,-2.6863503,-2.3562052,-2.3149393,-2.4774218,-2.750537,-3.2793922,-3.8811536,-4.3073487,-4.550784,-4.6371374,-4.639458,-4.5974855,-4.5938087,-4.480877,-4.121102,-3.9967432,-4.1905737,-4.2290497,-4.086371,-3.8061938,-3.5287628,-3.4311926,-3.1516836,-2.5067096,-2.0924673,-1.8583825,-1.8696017,-1.6999508,-1.8263602,-2.2775745,-2.4688268,-2.4817646,-2.4135199,-2.3676624,-2.3743572,-2.387534,-2.4207957,-2.446417,-2.4466584,-2.383152,-2.1910381,-2.0629146,-1.9754384,-2.0018952,-2.0521445,-2.361559,-2.5920398,-2.9537725,-3.152384,-3.1404488,-3.1821253,-3.5499635,-3.6898565,-3.7387264,-3.7580009,-3.6905427,-3.7585306,-3.6244164,-3.4334192,-3.1756983,-3.152494,-3.4019291,-4.018983,-4.2241783,-4.2971225,-4.285235,-4.1636934,-4.0226617,-3.8790941,-3.7354484,-3.6750078,-3.660139,-3.7997274,-4.0694413,-4.2901564,-4.465755,-4.3718185,-3.916168,-3.339468,-2.9709334,-2.736352,-2.621118,-2.3574834,-2.167664,-2.3115344,-2.451999,-2.5973744,-2.9696777,-3.4317617,-3.8862534,-4.3055406,-4.5007167,-4.6746426,-4.732729,-4.747468,-4.80305,-4.795417,-4.7452593,-4.7413673,-4.773552,-4.760516,-4.7045975,-4.699238,-4.686086,-5.182394,-5.182439,-5.182396
-1.7359302,-1.7220044,-1.7473041,-1.8896079,-2.0355234,-2.1376824,-2.2694402,-2.3414454,-2.5851452,-2.96378,-3.050614,-2.824025,-2.714765,-2.5786579,-2.793152,-3.2314177,-3.2159984,-3.579434,-3.7844229,-3.78662,-3.7798247,-3.6557765,-3.4379253,-3.2241476,-2.9028916,-2.6527572,-2.2533474,-1.8801622,-1.6637475,-1.6677563,-1.7763457,-1.957695,-2.156703,-2.217585,-2.1706471,-2.0760064,-2.039301,-2.1793172,-2.6275473,-2.9752662,-3.2224433,-3.3248172,-3.0584695,-1.8122342,-0.6446841,-0.11068377,0.21655223,0.10535355,-0.115183026,-0.33659387,-0.63188803,-0.9851005,-1.2542865,-1.413123,-1.7490366,-1.9148636,-2.0567725,-2.3712978,-2.679514,-2.8544688,-2.8110743,-2.7367618,-2.8302083,-2.9834604,-3.057219,-3.2638896,-3.3615222,-3.7312818,-3.6542382,-3.3997974,-3.1980457,-3.062076,-3.0017915,-2.9625459,-2.8624253,-2.8310528,-2.8422904,-2.86413,-2.8152173,-2.5975156,-2.2235265,-2.061192,-1.9417471,-1.6800728,-1.7409575,-1.7801836,-1.7338145,-1.6750369,-1.6377769,-1.6876471,-1.3636622,-1.7656081,-1.7275385,-1.6625559,-1.6397479,-1.2500664,-1.273402,-1.3689213,-1.4908231,-1.4676892,-1.486299,-1.5534707,-1.7564237,-1.9633323,-2.2090688,-2.7924452,-3.0069683,-3.0732677,-3.106839,-2.9794388,-2.9028165,-2.8354836,-2.7766635,-2.7779007,-2.8445344,-2.980688,-3.1721313,-3.3316758,-3.4379761,-3.5119321,-3.6231327,-3.7000165,-3.7224379,-3.789842,-3.893645,-4.014875,-4.052086,-4.0382695,-4.0998964,-3.7786,-3.3810935,-2.9275074,-2.6056905,-2.5908225,-2.8933167,-3.2680233,-3.2995152,-3.252501,-3.534675,-3.8663745,-4.13685,-4.258731,-4.3749743,-4.4922175,-4.592121,-4.5591116,-4.4434824,-4.3635097,-4.2076855,-3.8325596,-3.3596187,-3.025858,-2.546221,-2.362325,-2.1633115,-2.2154534,-2.1127672,-1.9775736,-1.9897275,-2.1209283,-2.221862,-2.3914797,-2.4718828,-2.6315107,-2.825158,-2.9863782,-3.0784981,-2.696344,-1.9691529,-2.1717064,-2.544211,-2.5570498,-2.309622,-2.2119005,-2.0669918,-1.8818316,-1.6881638,-1.4852414,-1.3516302,-1.2645044,-1.2916375,-1.518712,-1.8884676,-2.1019392,-1.9284861,-1.8016447,-2.0024767,-2.4282126,-2.6010084,-2.8091455,-2.9841676,-3.2429438,-3.3218713,-3.047858,-2.9320827,-2.9090242,-2.681928,-2.775886,-2.7554772,-2.6863198,-2.650835,-2.3313484,-2.005756,-1.5983512,-1.1940506,-0.8815875,-0.7502738,-1.0524962,-1.1657968,-1.1861279,-1.1239185,-1.0226271,-0.9110755,-0.9240775,-1.0284309,-1.1700091,-1.2020345,-1.1093726,-0.8870889,-0.43123618,-0.57801765,-0.939912,-1.2333933,-1.2690943,-1.5684495,-2.3116798,-3.0051723,-3.209875,-3.3344245,-3.3794112,-3.3915157,-3.3638935,-3.149845,-2.757512,-2.2675087,-1.6987295,-1.0273107,-0.637556,-0.59539145,-0.64181036,-0.75097007,-1.1052974,-1.5661905,-1.7685772,-1.8081596,-1.903394,-1.9366914,-1.9112911,-1.3626647,-1.3626595,-1.3626567
-0.20618385,-0.23501813,-0.2555474,-0.49619848,-0.44998774,-0.3364688,-0.00088929385,1.1310841,4.166121,5.5510397,6.1402383,6.5844254,6.597759,6.662003,6.302985,4.8261666,2.917541,1.2965394,0.68290246,0.52313775,0.45312205,0.48761094,0.6249374,0.731688,0.9525262,1.2306362,1.7283574,2.2389069,2.5090537,2.55319,2.1358309,1.2651554,0.5498015,0.08359796,-0.30248368,-0.5975393,-0.98275524,-1.3725181,-1.7520332,-1.775027,-1.6263088,-1.294035,-0.7207168,0.35447082,1.4287127,2.2790508,2.846788,3.497164,3.9818764,4.599988,5.094609,5.0428596,4.876382,4.64135,4.386681,4.3092933,4.286454,3.7544122,2.8473659,2.457032,2.5261586,2.3525748,1.8519632,1.2092413,0.5254631,-0.38536644,-0.888721,-1.3550018,-1.6242117,-1.6714766,-1.5756509,-1.1522415,-0.5073135,0.112448305,0.5834345,0.8632666,1.1479722,1.4606587,1.6776246,1.7068617,1.3153639,1.0248488,1.0789025,1.0964819,0.88481224,0.9805368,1.2116911,1.2031252,1.602623,1.8905796,0.45306975,2.2679806,2.818216,3.3134732,4.3455462,5.806342,6.5337267,6.7725286,6.6494975,6.464733,6.071624,5.6262407,5.174926,4.6804113,3.9315906,3.111436,2.1680894,0.98060024,0.67297906,0.6506062,0.5619356,0.5375459,0.32790324,0.1859225,0.10560582,0.07501833,-0.009077206,-0.08524586,-0.12312156,-0.19820358,-0.3023986,-0.34959432,-0.3543133,-0.33778512,-0.35828066,-0.1556332,0.27332407,1.013649,2.9931176,4.3510523,4.7916164,4.5322556,3.669381,2.4410963,1.3868686,0.39266956,-0.39747503,-0.13292083,-0.3147578,-0.51561195,-0.789657,-0.9334717,-1.0610688,-1.2202762,-1.4406233,-1.2726744,-1.0351706,-0.7725656,-0.45761523,-0.305873,-0.4498141,-0.6512612,-0.7953817,-0.9555903,-0.9709464,-1.0834922,-0.99307907,-0.6335491,-0.12772909,0.14822152,-0.07646982,-0.11969112,-0.091173686,-0.2846561,-0.26894197,-0.27053425,-0.17533757,-0.24527645,-0.34829414,-0.13065454,0.048450276,0.12762776,0.4019632,0.39371443,0.07312514,-0.04499477,-0.34454888,-0.608093,-0.73999876,-0.8306522,-0.94447803,-0.9369685,-0.6325908,-0.17874348,0.17519432,0.3973044,0.8553822,1.3699614,1.4689536,1.8132594,1.9996619,2.5308099,2.9389057,2.2576342,1.8929327,2.2570162,2.0817225,1.739883,1.373414,1.0873306,0.6467846,0.4513412,0.19519868,-0.34765536,-0.94787383,-1.193939,-0.89444983,-0.5795953,-0.22040936,0.21648721,0.65063894,1.036711,1.5947582,2.326119,3.118517,3.8052998,5.135982,6.3499045,7.404373,8.911977,10.086295,10.98926,11.191409,11.197795,11.009502,10.360736,9.080592,7.221777,5.5945954,4.8150854,4.503688,4.389681,4.4128942,4.672696,4.86409,4.8652735,4.818123,4.76169,4.8014417,5.2174997,5.22503,4.9082065,4.1388454,3.1797016,2.1641803,1.7095923,1.3489089,1.1296546,0.4603827,0.46034527,0.46036553
-0.42616838,-0.44625628,-0.49177963,-0.5778556,-0.6606127,-0.73103154,-0.7201971,-0.74948275,-1.0531427,-0.78392065,-0.44828755,-0.5332132,-0.57147014,-0.68290037,-0.7224817,0.058089048,1.0711205,1.7318958,1.8048084,1.7844476,1.8271539,1.7184873,1.5081747,1.3387139,1.1392478,1.0797312,0.92709196,0.67532086,0.27705014,-0.30426574,-0.51070774,-0.4903102,-0.35978594,-0.17978102,0.002866201,0.11976671,0.26081726,0.419651,0.58857036,0.57846916,0.33889526,-0.11475919,-0.58727944,-0.86066157,-1.5962906,-2.125574,-2.2671309,-2.2708526,-2.2251976,-2.200578,-2.1745248,-2.4131165,-2.834765,-3.1095374,-3.1545262,-3.2513638,-3.290121,-2.9092906,-2.0732744,-1.7237169,-1.6479805,-1.5541725,-1.3766963,-1.252243,-0.9863841,0.17491323,1.0340871,1.7604159,2.28735,2.3606071,2.284007,1.919282,0.9954252,-0.09016541,-0.9791701,-1.3206831,-1.4731965,-1.6372994,-1.8454553,-2.1398058,-2.4355159,-2.683884,-2.957816,-2.9953995,-2.9038205,-2.744254,-2.5532565,-2.4129276,-2.4361444,-2.2833838,-0.92687094,-2.036891,-2.0470967,-2.1003633,-2.0741405,-1.7851304,-0.6275666,0.4526121,1.0202541,1.5575682,1.8858947,2.362278,2.3690171,2.350811,2.6487708,3.1696773,3.6084256,3.8611438,3.7724295,3.6151938,3.3215847,3.1026332,2.751168,2.5082233,2.344421,2.203732,2.1248841,2.1251087,2.087203,2.0976806,2.048497,2.0037417,1.9735917,1.8717576,1.71487,1.3723214,0.8175434,0.12432674,-1.6990486,-2.3402781,-2.5511293,-2.7921562,-3.412908,-3.7188935,-3.6220462,-3.5360737,-3.1944182,-2.8641658,-2.676238,-2.7710662,-2.6815722,-2.5707643,-2.406825,-2.0606031,-1.2630246,-0.90107477,-0.9738495,-1.2492843,-1.6064413,-1.9383457,-2.0309286,-1.6504359,-1.6658928,-1.6219366,-1.6811297,-1.6183505,-1.3137488,-0.8723469,-0.48037603,-0.36398673,-0.23851365,-0.20605202,-0.28055587,-0.53200495,-0.5529743,-0.4994799,-0.5438252,-0.7365903,-1.1110135,-0.8234811,-0.034437627,0.57067937,0.8330953,1.3338376,1.8667506,1.8963288,1.7420325,1.5932207,1.4877042,1.3846077,1.2777286,1.2328169,1.2720647,1.1188548,0.49984702,-0.40964192,-0.8767156,-0.8045124,-0.7874391,-1.0195692,-1.3071955,-1.8233051,-2.2580414,-2.2804008,-2.0616353,-2.0976944,-2.0553517,-1.7231609,-1.2694439,-0.9690839,-0.81905764,-1.2492281,-1.5187485,-1.60555,-1.4714077,-1.3014812,-0.85179913,-0.032021433,0.40071613,0.7449248,1.0490289,1.2686385,1.5449631,1.8169564,1.9238404,2.037942,1.8899492,1.4847939,1.0628282,0.08474013,-0.5146467,-1.0430698,-1.0254925,-0.8341946,-0.4578241,-0.08956587,0.17959473,0.30381134,0.2888762,0.23055997,0.09667434,-0.18380262,-0.47534618,-0.6980799,-0.7897964,-0.8818799,-1.2617338,-1.5627246,-1.7050588,-1.904954,-2.1162634,-2.1699095,-2.146044,-1.8216829,-1.5601054,-1.4510391,-1.2108166,-1.121098,-0.9233314,-0.9234022,-0.92333555
0.17700496,0.531103,0.4871977,0.31799096,0.21974987,0.15721083,0.10783209,0.26412338,-0.004680842,-0.38040644,-0.86082613,-0.8312917,-0.7922894,-0.6530662,-0.4837048,-0.62521654,-1.3750579,-2.6406379,-3.3019793,-3.4549923,-3.4940314,-3.2764616,-2.9613788,-2.683827,-2.2735515,-2.004778,-1.636195,-1.2627718,-0.9478719,-0.80159503,-0.8316076,-0.9630885,-1.078507,-1.0909193,-1.0668966,-1.0596699,-1.1303786,-1.3426296,-1.7122128,-1.7788904,-1.6527781,-1.3524165,-0.58633333,2.1823573,5.1333113,6.326599,6.8111944,6.8686466,6.7453985,6.4501457,5.9220467,5.6186213,5.103596,4.359042,3.3768563,2.7116852,2.0089016,0.77526927,-0.14355034,-0.43502706,-0.46306428,-0.22733271,-0.16757865,-0.081434935,-0.085334584,-0.6145432,-1.167855,-1.9719934,-2.2333846,-2.1817071,-2.0539794,-1.7966158,-1.5034153,-1.4585828,-1.606714,-1.717386,-1.8233202,-1.9507668,-1.9636788,-1.6604666,-0.99079514,-0.47998548,-0.029736973,0.16826454,0.19518745,0.22255751,0.31585902,0.33528018,0.35197228,0.25654224,0.30464226,-0.05434216,-0.005319625,0.073080555,0.17012298,0.31198645,0.112492114,-0.27209708,-0.43520397,-0.40977392,-0.43116024,-0.7082554,-0.90749335,-0.91536206,-1.2333978,-1.8594722,-2.3708735,-2.8668141,-2.9722757,-2.968567,-2.9528224,-2.9500673,-2.987165,-3.0378678,-3.0935621,-3.1891208,-3.2688642,-3.3048692,-3.3494287,-3.313696,-3.3128846,-3.2994533,-3.253469,-3.228506,-3.2202158,-3.205251,-3.1238043,-2.465248,-1.954087,-1.542046,-1.2118759,-0.83666384,-0.2750684,-0.15865052,-0.5100022,-0.90982985,-0.56197333,-0.29670203,-0.42497182,-0.91800886,-1.3374567,-1.427055,-1.5496352,-1.9107273,-2.5996056,-3.0143414,-3.191094,-3.19205,-3.0441365,-2.5110471,-1.7352116,-1.1818032,-0.89135355,-0.6004628,-0.35852966,-0.46097806,-0.28174916,-0.053233612,-0.26698098,-0.5695991,-0.36093667,-0.40850574,-0.5648624,-0.61570036,-0.72768855,-0.85102445,-0.8910465,-0.7053869,-0.41206408,-0.9001087,-1.5355215,-1.5109861,-0.92497677,-0.6646776,-0.59393924,-0.62511885,-0.6573312,-0.66111755,-0.6508608,-0.6603512,-0.72174287,-0.9123074,-1.1598685,-1.1798334,-0.9468899,-0.87604403,-1.3168104,-1.942435,-2.2492592,-2.4287846,-2.5437744,-2.5856347,-2.1730843,-1.1289155,-0.5068051,-0.08961666,0.1732587,-0.21221912,-0.52615994,-0.71288776,-0.96461236,-0.71360344,-0.56789494,-0.54420286,-0.16840288,0.11553018,0.031546175,-0.29916018,-0.46502274,-0.49379212,-0.49243188,-0.4581955,-0.4967921,-0.62924266,-0.7718343,-0.9862788,-1.252682,-1.2930329,-1.2312582,-0.8853822,-0.8057748,-0.7224531,-0.5986317,-0.46696526,-0.9118313,-1.6134422,-2.225583,-2.8328342,-3.481793,-3.6959653,-3.7198663,-3.6209621,-3.3069334,-2.7192824,-2.1063008,-1.8657371,-1.6541272,-1.630096,-1.8099256,-1.926723,-2.0704193,-2.0944655,-1.6724668,-1.2061683,-0.6527914,-0.5387232,-0.20884871,-0.2476956,0.29655945,0.2966079,0.29656303
0.6428595,0.20383164,0.117002875,0.01215744,-0.10122737,-0.1349833,-0.31840312,-0.68491364,-0.78946495,-0.23776817,0.2187612,0.12319332,0.06633505,0.25067613,1.4172367,2.3594284,2.4011912,2.7158206,2.7731254,2.7042906,2.555273,2.291961,2.0642405,1.889078,1.6802287,1.5723096,1.459982,1.3427323,1.1972971,1.2627685,1.7608476,2.6645365,3.4175308,3.7587407,3.749239,3.4678552,3.1324387,3.0548823,3.2923179,3.4730704,3.5717034,3.5982444,3.5268312,2.844879,1.8894238,1.2922584,0.79913485,0.45385548,0.3721674,0.15362716,-0.13153163,-0.47399786,-0.97526634,-1.3590938,-1.3766053,-1.2679411,-1.0654991,-0.6565275,0.13201752,0.6501311,1.1593744,1.7990903,2.5879836,3.6584482,5.0649557,7.104737,8.179869,8.7388,8.836763,8.826917,8.757062,8.292245,7.0034547,4.87207,2.5453582,1.3219016,0.7516017,0.3350774,-0.06440219,-0.35433006,-0.339574,0.01479876,-0.04831174,-0.33920515,-0.62968266,-0.66052514,-0.6644874,-0.5871601,-0.6176876,-0.6610456,-2.6040156,-0.5243021,-0.6699391,-0.81809694,-0.8040561,-0.5908666,-0.056854516,0.5683917,0.98175067,1.5832508,1.8981309,2.1143594,2.5050914,3.238753,3.7668452,4.2592936,4.5683017,4.501816,4.412778,4.2968907,4.231614,4.275895,4.596264,4.8425403,4.824492,4.7500515,4.637618,4.5593085,4.5990367,4.552601,4.5736313,4.603524,4.5788774,4.6072516,4.6716957,4.658535,4.482395,4.1304374,2.1043572,0.29089805,-0.39576155,-0.46893656,-0.8872868,-1.3443749,-1.2510886,-1.1037366,-1.7790234,-1.7934428,-1.6500793,-1.4207358,-1.3400023,-1.373485,-1.3662481,-1.2576377,-1.0084281,-0.9308138,-1.0199057,-1.012913,-1.008569,-1.0566713,-1.1324415,-1.2108022,-1.4963503,-1.4756681,-1.4628508,-1.4590933,-1.1720212,-0.671938,-0.20705166,-0.15826489,0.1399455,0.2976386,0.13418269,0.029583752,-0.0052946806,-0.059262335,-0.5670937,-0.9812534,-1.1429178,-0.54640496,0.5917288,1.5687947,1.3501358,1.0504264,1.8148015,2.3462577,2.5717075,2.6939464,2.7778723,2.9070807,3.0454836,3.0878735,2.799491,1.880248,0.8972685,0.5393244,0.42438838,0.3962388,0.45434797,0.37234023,0.22417459,-0.14670745,-1.279877,-1.9354017,-1.8430816,-1.7066987,-1.7616265,-1.6008244,-1.2683713,-1.1469982,-1.2577713,-1.8280476,-2.2706113,-2.3926067,-2.1448393,-1.9078205,-1.3966417,-0.9121295,-0.8094287,-0.8311317,-0.8765954,-0.9096651,-0.8639215,-0.849508,-0.8611484,-0.85914636,-0.9253557,-1.169507,-1.5800146,-2.1730487,-2.2097564,-2.3004038,-2.1413512,-1.8973361,-0.8332073,0.3968115,1.5248591,2.1653018,2.6706898,2.733553,2.645416,2.3900964,2.0593772,1.5526891,0.930552,0.67293537,0.54715717,0.48692513,0.4595402,0.45097396,0.27357638,0.09382929,-0.23211989,-0.6335531,-0.94840884,-1.0480921,-1.2059528,-1.2690976,-2.611334,-2.6113043,-2.6113262
-1.6647274,-1.7560805,-1.6550883,-1.5060328,-1.3903807,-1.3265592,-1.3652323,-1.2636362,-0.40328896,0.70154333,1.5613184,2.0091558,2.129888,2.2563746,2.1478956,1.4681752,0.875077,1.0797,1.2470607,1.2538103,1.2969527,1.3428297,1.396843,1.3796455,1.4192083,1.5142282,1.7322109,2.0272508,2.375633,2.9264326,3.5705676,4.110551,4.155045,4.043289,3.9223342,3.8155606,3.734768,3.7325063,3.76339,3.8002875,3.7090812,3.2766168,2.7831883,2.410464,2.6953158,3.260052,3.6433449,3.7114043,3.6842365,3.5450854,3.2868137,2.9789836,2.496781,2.391283,2.5028071,2.744245,3.2040527,3.9209142,4.6969204,5.132716,5.163918,5.116992,5.072646,4.83212,4.4068165,3.9966357,4.2873898,4.8953786,5.17354,5.1685038,5.085249,4.9012547,5.0272493,5.3741646,5.5980945,5.6232963,5.57447,5.4557242,5.213685,4.64617,3.663382,2.8977544,2.5113802,2.1685388,1.7161798,1.623808,1.6893666,1.6571467,1.807977,1.8142967,-2.0786092,1.952213,2.071599,2.2095008,1.8911338,2.3881176,2.9612877,3.1441658,2.963592,2.8607419,2.7596328,2.4689927,2.1649122,1.8950346,1.6480262,1.5906615,1.6700242,1.8838762,2.0299149,2.1470008,2.2235143,2.2004657,2.2117934,2.267622,2.3000114,2.32858,2.3741796,2.4318247,2.453893,2.48739,2.5360246,2.5671515,2.5761924,2.6032605,2.703553,2.7935653,2.631477,2.6659615,3.7044404,3.9498153,3.7419884,3.3830884,2.6236837,1.278209,0.5467302,0.36441606,0.77858955,1.1462669,1.2884074,1.3173783,1.356485,1.3797317,1.5372057,1.7286568,1.964391,1.9843619,1.8205894,1.5960765,1.2944887,0.8298801,0.27205586,0.22055444,0.6146367,0.91510904,1.078532,1.4638069,2.3608758,3.6173797,4.3369174,4.382724,4.167746,4.006191,4.033568,3.9153614,3.9458494,3.8222775,3.615867,3.4156501,3.599297,4.64371,5.181939,4.97149,3.7326772,3.747035,4.5828385,4.860514,4.949222,4.8853607,4.825592,4.7774816,4.7402263,4.6926346,4.589148,4.1902947,3.4102244,3.0387702,3.2403982,3.6230385,3.5838675,3.4753118,3.446485,3.496419,3.1430206,2.35196,2.3790526,3.5208888,4.109359,4.16339,4.1362696,4.192024,3.8226337,3.8906426,3.7304335,3.2643933,2.8801877,2.993579,3.7893338,4.283419,4.349732,4.348854,4.33052,4.305278,4.202979,4.0604315,3.891613,3.7266998,3.4344277,3.0704598,2.6564884,2.3361497,2.7675302,3.5782447,3.9171622,3.811395,3.372466,2.7909753,1.9212759,1.4841659,1.5810251,1.7080207,1.7816192,1.750794,1.5227535,1.2512655,1.102399,1.0310175,0.9156353,0.84161687,0.81014127,0.7691979,0.71815,0.5033931,0.3660003,0.112396225,-0.16119957,-0.27251995,-0.35827047,-0.43010795,-2.0816371,-2.0816321,-2.0816388
-5.1551285,-4.8856,-4.95314,-4.9885044,-5.001088,-5.0135746,-4.936724,-4.785018,-5.0314956,-5.4296255,-5.30124,-4.9335537,-4.797964,-4.7638106,-5.0551863,-5.0223355,-4.5747933,-4.841116,-5.091399,-5.133365,-5.1665277,-5.16506,-5.0826163,-4.972944,-4.820149,-4.6777043,-4.408761,-4.148578,-3.9552956,-3.7588596,-3.618163,-3.439036,-3.476302,-3.5370798,-3.5304968,-3.4849682,-3.465904,-3.5497012,-3.8010595,-4.0302258,-4.2196097,-4.2781034,-4.1718864,-3.7078652,-3.6567817,-3.8463588,-3.8783498,-4.109261,-4.3502355,-4.5991077,-5.0315604,-5.223086,-5.1899295,-5.167227,-5.377529,-5.5630608,-5.733178,-5.9156117,-5.8283806,-5.7133617,-5.7728395,-5.904017,-5.8885393,-5.786114,-5.5371127,-5.0821376,-5.0703588,-5.3585176,-5.3010893,-5.1433325,-4.9757533,-4.7525845,-4.7139707,-4.728313,-4.565814,-4.4130974,-4.262987,-4.1640244,-4.101746,-3.989748,-3.8772407,-4.0726533,-4.465896,-4.7403603,-4.976018,-5.217297,-5.3822856,-5.462734,-5.464701,-5.5147915,-3.675653,-5.6176,-5.5752087,-5.4885197,-5.236191,-4.6995115,-4.6945095,-4.7819824,-4.8918004,-5.07289,-5.2522964,-5.3167524,-5.4470253,-5.474559,-5.3356204,-5.3995814,-5.4798336,-5.616398,-5.6979876,-5.718572,-5.7423477,-5.741431,-5.71175,-5.6851044,-5.691744,-5.680545,-5.701785,-5.7138586,-5.7057,-5.721445,-5.752571,-5.7830873,-5.8109503,-5.8683977,-5.9492517,-5.98217,-5.968095,-6.2613807,-7.0023823,-6.8290544,-6.7639484,-6.8819175,-6.8097935,-6.599013,-6.5916815,-6.637554,-6.307559,-5.8344164,-5.6448584,-5.661069,-5.6253176,-5.6495104,-5.696601,-5.7943144,-5.8163137,-5.795042,-5.7864146,-5.8233547,-5.832431,-5.788701,-5.6432247,-5.6581955,-5.748474,-5.809958,-5.736945,-5.6903586,-5.7148156,-5.580503,-5.1841583,-5.0058265,-5.3000674,-5.482181,-5.3791256,-5.318768,-5.1288996,-5.080923,-4.895526,-4.3807373,-4.0616117,-4.5157495,-5.0821333,-5.3089056,-4.7719464,-4.786411,-5.1158175,-5.0663753,-4.897066,-4.722277,-4.646879,-4.6167865,-4.684092,-4.8341913,-4.97766,-4.908349,-4.5144134,-4.41084,-4.5938206,-4.7322984,-4.706625,-4.724661,-4.764694,-4.807103,-4.6299086,-4.271016,-4.3483973,-4.78905,-4.838891,-4.8481355,-4.696825,-4.4371443,-4.1843996,-3.8553667,-3.4471786,-2.738768,-2.2226217,-2.0565238,-2.4375353,-2.9029121,-3.0444658,-3.0621192,-2.9549828,-2.8129056,-2.6613345,-2.5839164,-2.5814488,-2.648872,-2.7612314,-2.811151,-2.737355,-2.6734443,-3.198745,-3.8810759,-4.025543,-3.8833358,-3.992347,-4.18816,-4.1517124,-4.2396746,-4.6448345,-4.8852587,-5.043523,-5.315402,-5.480896,-5.5456715,-5.6358595,-5.6699457,-5.6597157,-5.712659,-5.769186,-5.7309723,-5.6785254,-5.5682144,-5.529645,-5.422927,-5.2186093,-5.1186485,-5.070318,-5.0335655,-3.6645193,-3.6645668,-3.6645155
