0,1,2,3,4,5,6,7,8,9,10,11,12,13,14,15,16,17,18,19,20,21,22,23,24,25,26,27,28,29,30,31,32,33,34,35,36,37,38,39,40,41,42,43,44,45,46,47,48,49,50,51,52,53,54,55,56,57,58,59,60,61,62,63,64,65,66,67,68,69,70,71,72,73,74,75,76,77,78,79,80,81,82,83,84,85,86,87,88,89,90,91,92,93,94,95,96,97,98,99,100,101,102,103,104,105,106,107,108,109,110,111,112,113,114,115,116,117,118,119,120,121,122,123,124,125,126,127,128,129,130,131,132,133,134,135,136,137,138,139,140,141,142,143,144,145,146,147,148,149,150,151,152,153,154,155,156,157,158,159,160,161,162,163,164,165,166,167,168,169,170,171,172,173,174,175,176,177,178,179,180,181,182,183,184,185,186,187,188,189,190,191,192,193,194,195,196,197,198,199,200,201,202,203,204,205,206,207,208,209,210,211,212,213,214,215,216,217,218,219,220,221,222,223,224,225,226,227,228,229,230,231,232,233,234,235,236,237,238,239,240,241,242,243,244,245,246,247,248,249,250,251,252,253,254,255,256,257,258,259,260,261,262,263,264,265,266,267,268,269,270,271,272,273,274,275,276,277,278,279,280,281,282,283,284,285,286,287,288,289,290,291
12.822021,12.947254,12.864378,12.771593,10.799601,12.809545,12.641718,12.277951,10.999234,8.777024,6.4844704,4.619404,3.6471503,3.6483183,3.505138,3.2190826,2.9234972,2.835393,2.6626253,2.2698755,1.7917769,1.5337467,1.1828866,0.88446504,0.76733077,0.6437202,0.3652291,0.17001605,0.4828316,1.0473984,1.2608507,1.2148267,1.2051262,1.0582775,1.1220534,1.3973938,2.394076,3.8425725,4.634742,4.218835,2.7508993,1.8809409,2.1083074,2.581828,2.476457,2.1170301,2.0843115,1.8008105,1.1749194,0.89660966,1.106391,1.2346679,1.0386297,0.6560088,0.019477248,-0.6916521,-0.5230567,-0.15453458,-0.05006987,-0.12052387,0.08522743,0.604717,0.8621015,3.3430636,5.431675,6.6255217,6.7792373,6.253749,5.843231,5.134283,4.971522,3.4016228,1.8506315,0.19745407,0.07654479,-0.33197665,-0.88247794,-1.7184129,-2.361579,-2.834173,-2.7749128,-2.509077,-2.2527707,-1.9266456,-1.3300283,-0.748013,-0.034511685,0.6911369,1.0012183,0.035815835,-0.8596023,-0.79512274,-0.6547258,-0.59008664,-0.51081187,-0.17568702,0.410696,1.1085688,1.428459,1.6356041,1.624123,1.9011637,2.0586417,1.7916212,1.0370762,0.48606148,-0.0011697412,0.4449286,1.0026175,1.3913184,1.3223317,1.2846172,1.3332852,1.3258843,1.3382831,1.5447435,2.0041215,2.5312326,2.9533405,3.6316664,4.436574,5.772975,6.108733,6.275484,6.757908,7.080619,7.9000635,9.388675,9.832317,9.829278,9.099828,7.680486,6.3651648,6.0936675,4.88983,4.224078,2.625764,1.3852813,1.3743604,1.4940603,0.8874006,0.59288156,1.9467521,3.0336447,3.4525008,3.4550436,3.7823362,4.4053106,5.2650533,6.0759554,6.436571,6.707142,6.155836,4.1155114,1.8822956,1.21192,0.87232935,1.1078256,0.8289418,0.36022866,-0.0047315657,-0.5586332,-0.012833137,1.3041003,0.58727854,-0.5525931,-0.72379726,-0.059501946,0.34169027,0.6597291,0.87738776,1.0217514,1.3741426,1.8275722,1.5609865,1.7985041,2.213038,1.8837044,1.7053003,1.938243,2.6048763,3.5463333,4.036086,3.8917942,3.3252397,2.6577332,2.612371,2.727428,2.8010752,2.5956933,2.4314198,2.1804242,1.8989323,1.4027617,0.9798763,1.0615697,1.5933515,2.0638201,2.2567277,2.383449,2.391479,1.9156076,1.4588104,1.4043345,1.6901428,1.9330406,2.105086,2.3825755,2.160453,1.5013119,1.4113667,1.6206462,1.5423088,1.5037374,1.695533,2.1011677,2.4560032,2.785671,3.0772548,2.3263664,1.702677,1.2357821,0.7337639,0.022266567,-0.50466204,-0.3525843,0.7728173,1.7245243,2.0982428,3.2274368,3.3174782,3.4880004,3.8389373,4.0580735,3.9420733,4.0492654,4.3548994,4.747525,4.222456,3.1865745,2.307982,1.5235409,0.9058635,0.6509831,0.5132109,0.25965333,0.16827828,0.19763029,0.1311638,0.054701746,0.026384145,-0.055839002,-0.20582333,0.24707171,0.7760514,1.2495785,1.4200078,2.3646667,4.0946283,4.42769,4.7539163,5.1158743,4.769757,3.703935,2.9838495,1.9354987,1.9599253,1.8489228,3.6134324,4.831615,5.79735,6.4042845,6.673114,6.777519,6.813467,6.678955,6.885382,7.2687907,8.267112,8.826901,9.629881,10.410255,11.051379,11.525897,12.29604,12.417324,10.800182,10.799792,10.799452,10.799472,10.799443,10.799448
-1.8446819,-1.9294485,-1.894086,-1.8427382,-0.9495263,-1.7183459,-1.5739033,-1.408464,-1.037098,-1.3690579,-1.041543,-0.3395102,-0.094053894,-0.28075704,-0.34915388,-0.37314415,-0.29310775,-0.3525194,-0.45191088,-0.62205666,-0.8497026,-1.5208988,-2.0485282,-2.1261568,-1.8816469,-1.5604031,-1.2068996,-1.3191234,-1.6194271,-1.9413235,-2.2976224,-2.4184382,-2.4998374,-2.5270345,-2.586138,-2.6773283,-2.7986965,-2.927647,-3.2674713,-3.1131907,-2.1847098,-1.6483926,-1.5293937,-1.5732049,-1.3938785,-1.2186934,-1.2039238,-1.1420536,-1.2850788,-1.9978538,-2.1772313,-2.2567236,-2.4789348,-2.7993286,-2.9575648,-2.8151252,-2.7096932,-2.1915197,-1.7173519,-1.4127121,-1.1783209,-1.4169489,-2.1432495,-2.5642796,-2.2876773,-2.1492562,-1.9933743,-1.8434318,-1.9690773,-1.9208684,-1.9349071,-1.913388,-1.7304436,-0.5843986,0.12570158,0.3633093,0.20759937,0.39872566,1.0186851,0.76432943,-0.020674419,-0.5418024,-0.78757894,-0.9081761,-1.1529597,-1.3882014,-1.6918232,-1.8515384,-2.393423,-2.6058903,-2.2452984,-2.0862186,-1.9695582,-1.9514799,-1.8375664,-1.9298667,-2.2851741,-2.557157,-2.5967777,-2.6286128,-2.6718717,-2.757587,-2.8170807,-2.8526495,-2.8958726,-3.032257,-3.1114416,-3.2035823,-2.6227684,-2.0560672,-1.6514602,-1.6238601,-1.6729219,-1.6774837,-1.7377381,-1.8472741,-1.9976892,-2.1119096,-2.277778,-2.3943882,-2.452416,-2.2876089,-2.1133478,-1.9834698,-1.8886981,-1.884086,-1.8718383,-1.9039085,-1.9277084,-1.6033452,-1.3421068,-1.3373181,-1.291147,-1.2435162,-1.1164422,-0.9272654,-0.6529063,-0.7275373,-0.73978764,0.009025782,1.1927348,1.5442584,1.3165747,0.99633086,0.47593996,-0.041626334,-0.89992934,-1.4248815,-1.7105736,-1.909033,-2.2071831,-2.5081887,-2.86654,-3.1450338,-2.962906,-2.7222972,-2.3118424,-2.048852,-1.692179,-1.3040326,-0.79181904,-0.24653777,-0.53806067,0.17840004,0.4141159,-0.08756238,-0.42723832,-0.030574992,0.18537372,0.14438903,0.17018469,0.079187214,-0.4420873,-1.0779642,-1.7664666,-1.9626092,-2.2461867,-2.4263258,-2.413699,-2.464828,-2.611887,-2.8051984,-2.9142592,-2.901059,-2.8980007,-2.7417593,-1.9530545,-1.1772925,-0.286094,-0.30516505,-0.18143259,0.23330474,0.6664812,0.814332,0.77275026,0.6306718,0.33047998,0.09193051,0.010208314,0.042630747,0.17440006,0.18335229,-0.040886298,-0.24508208,-0.38669106,-0.585009,-0.6764975,-0.8246524,-1.0044687,-1.3014944,-1.6224363,-1.9048803,-2.0243788,-1.9729652,-2.0171456,-2.0448585,-2.1416588,-2.3696811,-2.108044,-1.3658738,-1.1651876,-1.1917167,-1.3105897,-1.4581006,-1.6017749,-1.8321143,-0.9417014,-0.10635802,0.17784974,0.30627698,0.3921612,0.46372578,0.48588023,0.5257485,0.61683285,0.83055544,0.6606293,-0.0042614937,-0.8843178,-1.1182699,-1.168076,-1.2645788,-1.2439096,-1.4531102,-1.9407527,-1.377008,-1.0331073,-0.8108211,-0.66854304,-0.43116218,-0.2681777,-0.10932225,0.2269153,0.221793,-0.04353273,-0.31604987,-0.41827768,-0.7238163,-0.9663399,-1.2170465,-1.7753052,-2.091957,-1.8015755,-1.6376119,-1.76248,-1.687953,-1.5970242,-1.7539517,-2.7742894,-3.2253022,-3.231493,-3.1411915,-3.0981364,-3.0984058,-3.066905,-3.0405688,-2.958378,-2.8268418,-2.7508168,-2.6117945,-2.3326187,-2.3322139,-2.401254,-2.5736012,-2.167747,-1.9284766,-0.94970083,-0.949544,-0.94941014,-0.94940877,-0.949398,-0.94939804
-1.3213949,-1.313035,-1.3968041,-1.4182956,0.60297126,-1.4929353,-1.6034814,-1.6965207,-1.837581,-1.7547848,-1.6902709,-1.6681314,-1.3194704,-1.0119497,-0.79360056,-0.42653435,-0.30346903,-0.24608454,-0.3393899,-0.5797676,-0.7831019,-1.0201648,-1.1234572,-1.3750482,-1.598204,-1.6776552,-1.6233346,-1.1333668,-0.5117638,0.22019315,0.77950096,0.5911848,0.11278196,-0.23429672,-0.33603412,-0.34511024,-0.48523134,-0.27695423,-0.2567082,-0.4415396,-1.3342061,-2.0749922,-2.117231,-2.0604496,-1.8211017,-1.3785704,-1.2553165,-1.1109302,-1.1118757,-1.2573663,-1.2058169,-1.1707143,-1.1077809,-0.9625987,-0.5143313,-0.06995731,0.0006851554,-0.15975556,-0.23781261,-0.16226375,0.29900217,0.65517104,0.56918204,0.30125546,0.1882257,-0.664203,-1.0012238,-1.0811132,-1.2240939,-1.411144,-1.36004,-1.3155789,-1.3181808,-1.9655323,-2.349401,-2.459022,-2.3375053,-1.8300312,-1.3018131,-1.7619959,-2.1501944,-2.4315176,-2.5521882,-2.7540112,-3.2311263,-3.3276887,-3.1172013,-3.1332974,-3.4568286,-3.3123999,-2.2666936,-1.6677595,-1.7171528,-1.6313585,-1.533009,-1.3271215,-0.788401,0.06590749,0.2681417,0.29563546,0.25506783,0.27441055,0.28699338,0.25295174,0.078986675,-0.30356717,-0.9497465,-1.0017118,-1.6812999,-2.341628,-2.4228594,-2.2900584,-2.1187742,-2.0292296,-1.8285143,-1.7029052,-1.565002,-1.4379891,-1.3328209,-1.2228107,-1.1927869,-1.1254181,-1.0472873,-1.1028594,-1.1570495,-1.168457,-1.1543558,-1.3761796,-1.935623,-2.1667628,-2.3338299,-2.2488618,-2.1243792,-1.8832169,-1.8841631,-1.9871337,-1.8292906,-1.8301504,-2.3222358,-2.3077762,-1.9766171,-1.5909896,-1.6496265,-1.6252384,-1.762372,-1.805388,-1.8564366,-1.7496551,-1.7499332,-1.7766831,-1.8905293,-1.9849708,-1.8540394,-1.3683238,-0.84082925,-0.8043646,-0.9278377,-1.2833807,-1.4558163,-1.596973,-1.874114,-2.1810699,-2.205848,-2.01046,-1.903928,-2.1128805,-2.282874,-1.6969689,-1.3424461,-1.4104695,-1.7038393,-2.0113668,-2.1526341,-1.9975562,-1.9995797,-2.083801,-1.3954712,-0.82819605,-0.5743551,-0.4295641,-0.2332165,-0.021059219,0.009731598,-0.12632969,-0.2539686,-0.71468675,-1.5278106,-1.9334527,-1.8054299,-1.8362168,-2.068027,-2.1887045,-1.9673107,-1.7443817,-1.5267901,-1.3226092,-1.1028748,-0.8486985,-0.6627687,-0.6339414,-0.713609,-0.6720133,-0.5985488,-0.5360655,-0.5856563,-0.55865455,-0.50318956,-0.31486082,-0.038953193,0.11465386,0.4555387,0.83962935,1.1163408,1.0159253,0.8164406,0.65617776,0.28238875,-0.20638695,-0.097549886,0.051407423,0.038264144,0.075986706,0.12112003,-0.066873915,-0.27248648,-0.402725,-1.4789493,-1.4639181,-1.1445918,-1.4819033,-2.1145587,-2.5045447,-2.7831545,-2.9608533,-2.9334302,-2.7865143,-2.2766767,-1.9624474,-1.2067422,-0.9651342,-1.0159171,-0.97821885,-0.73162997,-0.38459903,-0.6241257,-1.007058,-1.0198715,-0.9848154,-0.9771216,-0.9743365,-0.97248936,-0.8748499,-0.90010107,-0.6757704,-0.6518151,-0.59759927,-0.6069646,-0.685097,-0.8579732,-0.82838,-0.6418766,-0.117564395,-0.28491884,-0.8726615,-1.5356756,-1.8327079,-1.5610478,-0.33149612,0.62809086,0.53213584,0.48076063,0.5147176,0.5703389,0.5016433,0.44915614,0.28938252,0.10267629,0.029815331,0.050094947,0.02899772,-0.14916122,-0.33233583,-0.83513665,-0.9438552,-0.6870039,-0.6764851,0.6029348,0.602973,0.60294384,0.6029463,0.6029464,0.60294366
-2.9406118,-3.0099995,-3.1656098,-3.1093378,0.105398774,-2.8260252,-2.7593608,-2.6711433,-2.1960678,-1.8575764,-1.525949,-0.87631935,-0.4485891,-0.45453843,-0.5167026,-0.60508746,-0.648914,-0.6989188,-0.7140286,-0.7167753,-0.8567148,-1.0885956,-1.6624627,-1.9117494,-1.8471824,-1.5822415,-1.2588189,-1.0279641,-0.77928424,-1.2481741,-1.5233154,-1.604869,-1.6392775,-1.6670449,-1.4939562,-1.31431,-1.3269812,-1.3471465,-1.4422832,-1.4015195,-1.2009263,-1.2984612,-1.4589591,-1.6287749,-1.5064429,-1.408309,-1.4390535,-1.3043935,-0.87561655,-0.8062116,-0.9994762,-1.2017102,-1.4414479,-1.8767909,-2.5365407,-2.712807,-2.6322877,-2.4859684,-2.0309355,-1.4255006,-0.39185125,0.5574707,0.8408204,-0.0891396,-0.44880804,-0.94596064,-1.1954207,-1.3441445,-1.4772453,-1.5327611,-1.809214,-1.864488,-1.7669914,-0.8904705,-0.13721627,0.42182016,0.66225994,1.0758597,1.7165595,1.5271056,0.65652674,0.09005645,-0.22099543,-0.54891264,-0.9549308,-0.9150951,-0.7268499,-0.6707149,-0.88271666,-1.1044711,-1.2553594,-1.896537,-2.1417186,-2.1094267,-1.8607132,-1.7859614,-1.8121854,-1.7991331,-1.8343836,-1.9312863,-1.9796786,-1.9958367,-1.9260359,-1.7565513,-1.5381173,-1.4901099,-1.4970024,-1.6711221,-1.6572261,-1.8347858,-1.8773868,-1.9788156,-2.0680912,-2.1163638,-2.139063,-2.10808,-1.9366717,-1.7894564,-1.7392702,-1.7109355,-1.708627,-1.6933234,-1.5971707,-1.5105318,-1.3412244,-1.3189614,-1.5397393,-1.763794,-1.9375429,-1.7396878,-1.3834448,-1.0660936,-1.0182692,-0.8716753,-0.85715264,-0.76452106,-0.4529931,-0.46027124,-1.3259753,-1.3870434,-0.9490562,0.10533333,0.7708706,0.77438414,0.15474236,-0.43888056,-1.0235405,-1.0995413,-1.087575,-1.2546612,-1.6963592,-2.050481,-2.3424816,-2.5038812,-2.1767578,-1.9474213,-1.8008066,-1.950997,-2.1255507,-2.125897,-1.8482094,-0.6433525,-0.3441049,-0.40317354,-0.6186619,-1.463292,-0.8867348,-0.6745111,-0.8511793,-1.016618,-0.6828884,-0.10494873,0.25986308,0.2451908,-0.19251813,-1.0873309,-1.599655,-1.9118869,-2.066184,-2.1363409,-2.1970527,-2.3914337,-2.49019,-2.3057961,-2.0978296,-2.4148579,-2.3404217,-2.4109032,-2.4668212,-2.3626878,-2.0362406,-1.565061,-1.0574514,-0.6901909,-0.64780974,-0.7068755,-0.8535936,-1.0642366,-1.1666796,-1.2162745,-1.1488484,-0.98737144,-0.9091654,-1.0053132,-1.4108198,-1.6052811,-1.47964,-1.1936352,-0.8841721,-0.77714264,-0.96350527,-1.0632993,-1.1694655,-1.2657185,-1.230438,-1.163086,-1.2356677,-1.3167613,-0.9445414,-0.41951331,-0.24896845,-0.20559993,-0.23719561,-0.042132318,0.20420572,-0.2776141,-0.6985855,-0.62362254,0.08836502,0.95322907,1.380183,1.7237015,1.7497177,1.5922285,1.8275961,1.7441115,1.2244474,0.42319953,-0.17407438,-0.2846049,-0.45091966,-0.61705524,-0.36371723,-0.11500132,-0.1513732,-0.91888636,-1.1058193,-1.1396335,-1.1152048,-1.0944499,-1.0567961,-1.0211846,-0.7992258,-0.7610643,-0.93413943,-1.1041099,-1.220373,-1.4878205,-1.7816757,-2.051217,-2.653406,-2.9779334,-2.9401088,-2.9025295,-3.011502,-2.9191234,-2.7549078,-2.1777666,-2.4709866,-2.798535,-2.9327364,-2.9805503,-2.9739347,-2.9746027,-3.0076537,-3.025692,-2.9182491,-2.633657,-2.1400046,-1.7911355,-1.3812332,-0.92151785,-0.781343,-0.86720943,-0.8551362,-1.0109292,0.105543256,0.10552943,0.10559136,0.10559431,0.10560748,0.10561982
0.53520525,0.3213732,0.21270531,0.03886529,0.7879935,-0.340809,-0.52447057,-0.60764295,-0.7715419,-0.73511416,-0.892216,-1.0781465,-1.3085613,-1.6425973,-1.7897775,-1.9354445,-1.9562403,-1.9665567,-1.9521537,-1.553749,-1.1524507,-0.5558574,0.25508738,1.0421726,1.572308,1.8081167,1.5899544,1.1449454,-0.9487251,-2.4187849,-2.6412246,-2.1111841,-1.568012,-1.3821764,-1.4776809,-1.6788754,-1.6348994,-1.5038701,-1.2742107,-1.0412912,-0.8420696,-0.56131506,-0.48813677,-0.6166124,-0.69695425,-0.59089816,-0.35397315,-0.3420496,-1.0357862,-1.464807,-1.3097265,-1.0513439,-0.4294007,0.50027233,1.4738324,1.1086102,0.74988306,0.9225371,0.7867376,0.7193405,0.47871637,0.27206743,-0.3553292,-1.4263364,-1.7162347,-1.1836635,-1.0478325,-1.0824726,-0.89252853,-0.7553592,-0.7131668,-0.91783047,-1.2576516,-0.6205691,0.060393184,0.41926458,0.6961186,-0.013473928,-1.2885932,-1.3225317,-0.7850803,-0.47349542,-0.44342613,-0.4918351,-0.5679951,-1.0442461,-1.1998621,-1.2748895,-0.7876165,0.36136818,0.46836194,0.39368728,0.2684993,-0.17552581,-0.49548304,-0.5331986,-0.6817019,-1.102039,-1.1716866,-1.180053,-1.1120932,-1.1497716,-1.2239503,-1.3504357,-1.3115816,-1.0797863,-0.6825137,-0.2083965,0.24097635,0.29672328,0.19828622,0.13591306,0.026903942,-0.04316955,-0.17538916,-0.317433,-0.6008922,-0.81954294,-0.964206,-1.0940137,-1.0933198,-0.97668666,-0.8125876,-0.6203474,-0.13240965,0.31460932,0.45480204,0.65111667,1.2700808,1.5222868,1.901656,2.6391022,3.096402,3.2376413,3.3464537,3.3331068,3.3414268,3.3290043,2.9065228,2.105391,0.9982902,-0.6890547,-0.65793777,-0.31937456,0.21536523,0.7295684,0.9650463,1.0082185,0.9728163,0.9940754,0.997353,0.84946346,0.6552337,0.64889765,1.0984732,1.4577801,1.8444837,2.0262084,2.2307878,2.2504532,2.1056366,1.026266,-0.92241836,-0.967327,-0.45721787,0.30088824,-0.048651963,-0.855048,-1.2159061,-1.3432823,-1.4107862,-1.5063,-1.5397804,-1.7581521,-2.1910665,-2.286014,-2.1867232,-1.937704,-1.6332736,-1.4431875,-1.2696537,-0.98200715,-0.7782601,-0.8017591,-0.93386996,-0.5696298,-0.27419975,-0.33152723,-0.68088156,-0.7665622,-0.6604237,-0.61055934,-0.72528404,-0.73453593,-0.79736394,-1.1541594,-1.5747527,-1.760604,-1.808168,-1.7267692,-1.5485587,-0.90020835,-0.046569765,0.5463252,1.0212774,1.4317647,1.5599921,1.4203649,0.86049354,0.21277103,-0.62467855,-1.5383865,-1.7111204,-1.6155953,-1.5908389,-1.6144271,-1.7496129,-1.9238418,-2.099302,-2.0477138,-2.0892384,-2.1047966,-2.0749145,-1.9400611,-1.6549793,-1.2402799,-0.5265605,-0.76832366,-1.0496984,-1.0327471,-0.9269481,-0.94807136,-0.94437695,-0.8617972,-0.72003675,-0.8920369,-1.0023553,-1.1375482,-1.4732752,-1.5383203,-1.3915958,-1.0309119,-0.5910704,-0.20050305,0.72224885,1.2826188,1.1753114,1.0470568,0.8652613,0.7438961,0.6194099,0.48050955,0.14451799,-0.23640534,-0.43074936,-0.583275,-0.5782824,-0.7417817,-1.5208658,-1.6571279,-1.6720319,-0.7734236,0.4689361,1.3490406,1.7708311,1.7730424,1.1366404,-1.1558084,-1.5723445,-0.6810906,-0.20495115,0.0617927,0.20446637,0.36810723,0.4990542,0.57950544,0.7292218,0.72000355,0.90103847,0.9733235,0.7308168,0.71890676,0.78343374,0.58946407,0.31263635,0.38790914,0.78879344,0.7881589,0.7879353,0.7879321,0.7879187,0.7879313
-3.2787018,-3.2842264,-3.2541423,-3.2586741,-0.84375054,-3.173616,-3.1953213,-3.2205005,-3.1204,-2.9628906,-3.0489964,-3.0684004,-2.7845821,-2.752761,-2.8899298,-2.9869301,-2.8074784,-2.7035546,-2.452817,-2.0541785,-1.8082631,-2.330913,-2.5063012,-1.8172411,-1.4171461,-1.3237385,-1.6110693,-2.0642385,-2.3019333,-2.2616806,-2.2145152,-2.0536494,-2.041446,-1.9411273,-1.8454239,-1.8123314,-1.7374861,-1.8418207,-2.1905699,-2.6108122,-3.1263072,-2.9438882,-2.7034135,-2.4636712,-2.0499697,-0.8615859,0.54113656,3.6060944,7.937334,11.0391035,11.745176,11.924076,11.851286,11.457995,10.175318,8.142927,5.053091,1.8005965,0.7394785,0.095859766,-0.94374603,-1.754584,-1.6543698,-1.786082,-1.695574,-1.4190003,-1.4094739,-1.339206,-1.3715515,-1.2074685,-1.341043,-1.2149668,-1.2047293,-0.79840475,-0.40872523,-0.42695463,-0.730493,-0.6841807,-0.0036378652,0.36943305,0.2821802,0.18001148,0.11488971,0.07992193,-0.4564756,-1.3065178,-2.4220438,-2.9052181,-3.0874786,-2.7176335,-2.870926,-3.2447605,-3.1486063,-2.8140721,-2.424868,-2.4447408,-2.812543,-3.0341299,-3.0723417,-3.1139672,-3.1071002,-3.1914296,-3.1684947,-2.9896493,-2.6583323,-2.2983027,-1.9373951,-2.3613605,-2.409388,-2.1795158,-2.3964796,-2.7202637,-2.9703422,-3.1187406,-3.1704054,-3.2269762,-3.1551077,-3.0829434,-3.0883498,-3.2032175,-3.346904,-3.4654865,-3.261187,-2.8927765,-2.5740032,-2.393968,-2.645956,-3.0401213,-3.0472684,-3.107207,-3.0220995,-3.0917363,-3.1758914,-3.2329707,-3.256004,-3.2549574,-3.2663193,-3.349567,-2.7075567,-1.9736536,-1.6168652,-0.9377243,-0.70040554,-0.7065793,-0.4687916,-0.22386992,-0.27806103,-0.5616896,-0.82704055,-0.9823557,-1.023534,-1.0150123,-1.0337331,-1.3611288,-1.4299877,-1.1432967,-0.92705065,-0.6870167,-0.6089856,-0.351174,0.16872692,0.64249754,1.1025964,0.7747189,0.1354209,-0.77353466,-0.9735659,-0.8133183,-0.75179607,-0.7914009,-0.54596627,-0.25059432,-0.17762405,-0.3318479,-0.4467948,-1.4097333,-2.2320318,-2.337829,-2.2986145,-2.3672898,-2.4768124,-2.7376502,-2.4892812,-2.1245391,-1.5936435,-1.2267283,-1.2659729,-1.628449,-2.3368793,-2.4168608,-2.310246,-2.3926659,-2.6184924,-2.6495168,-2.4222353,-2.2173524,-2.2362165,-2.4126406,-2.4886234,-2.3175545,-1.8358474,-1.0652083,-1.1815685,-1.6256893,-1.6706799,-1.4082098,-1.2392552,-1.4771383,-1.7948809,-1.5963516,-1.3053904,-1.0465941,-1.0032774,-1.112418,-1.1201806,-1.2097423,-1.4537625,-1.6473618,-2.054803,-2.0279887,-1.6823826,-1.3074801,-0.9759711,-0.5592679,-0.033236034,0.18115886,0.19061884,-0.44292638,-1.0546224,-1.271898,-0.9404808,-0.44264716,-0.08671652,0.19498664,0.3314849,0.2814402,0.018330544,-0.16083938,0.03406182,0.29300866,0.5725163,0.95174557,0.73992383,-0.14737195,-0.110274196,1.0866661,1.7153549,2.010222,2.30827,2.4218554,2.5416312,2.306153,2.2757413,1.5360402,1.1650405,0.9355103,0.85782015,0.25027832,-0.48929614,-0.6505662,-0.91023237,-1.7476827,-1.7701308,-1.4306273,-0.9450233,-0.46612796,-0.57229555,-0.6722716,-1.6711018,-2.3901424,-2.7326856,-2.8867822,-2.9613843,-2.9797425,-3.0415707,-3.007374,-2.8963978,-2.6056106,-2.2924666,-2.173304,-2.4370046,-2.7737648,-2.7170253,-2.46549,-2.5472908,-2.4533796,-0.84415275,-0.8437736,-0.843694,-0.84368956,-0.8436822,-0.8436849
-2.6315095,-2.7037332,-2.6730106,-2.6569684,-2.6367435,-2.7404928,-2.713995,-2.6978102,-2.6607256,-2.596314,-2.298985,-1.8886648,-1.7334211,-1.6845882,-1.7785424,-1.8154861,-1.6732001,-1.6636999,-1.5664546,-1.5949824,-1.3999732,-1.0354366,-0.66822773,-0.05322516,0.297575,0.42756975,0.2983169,0.0046070814,-0.27398038,-0.96677196,-2.0407047,-2.4388418,-2.5748472,-2.5394819,-2.7173405,-2.9503107,-3.142809,-3.016907,-2.633678,-2.1085508,-1.3680164,-0.68602216,-0.58138406,-0.6194024,-0.75629437,-0.85173106,-0.91386133,-1.0576446,-1.2985253,-1.2276567,-1.1326894,-1.0012586,-1.2852674,-1.4220479,-0.9164038,-0.15024099,-0.16803895,-0.2610963,-0.26466078,-0.34837177,-0.77892184,-1.2829617,-1.2163699,-1.624424,-2.2664702,-2.7189069,-2.935958,-3.1461957,-3.286809,-3.3090565,-3.434837,-3.2459505,-2.4443476,-1.0707697,-0.4330102,-0.15860169,0.35679105,0.9667338,0.9787467,1.3872313,1.7611452,1.8778797,1.9982381,2.0571187,1.8094052,1.1105657,0.5347986,0.8371109,-0.10303129,-0.6196814,-0.14167954,0.27694303,0.19417648,0.043812484,-0.22299534,-0.67245907,-1.4730601,-2.1826134,-2.3575647,-2.3585525,-2.3556833,-2.4963665,-2.6123016,-2.598571,-2.3505962,-1.9668884,-1.1945299,-0.7348387,0.17337793,0.6981646,0.8527034,0.7522551,0.5159007,0.2892983,0.09557891,-0.15924127,-0.559161,-0.93026423,-1.3115711,-1.7071708,-2.0753112,-2.4086885,-2.426328,-2.2355745,-2.008631,-1.8992733,-1.8407767,-1.7003624,-1.4184246,-1.4519348,-1.4899762,-1.7772372,-1.956869,-1.9898077,-1.9056922,-1.7518296,-1.5703763,-1.3740895,-0.77300686,-0.41514152,0.23277,0.87311375,0.3330841,-0.30884022,-0.7129799,-0.86384374,-0.75813127,-0.48718897,-0.40114537,-0.5423046,-0.702402,-0.95003366,-1.4661562,-2.0990295,-2.5309958,-2.4271843,-2.2598832,-2.0162508,-1.8156693,-1.5809537,-1.4548326,-1.4384109,-0.49497345,-0.38757312,-0.92453027,-1.1536539,-1.3475103,-1.2828219,-1.1882011,-0.9382065,-0.8235209,-0.8868674,-1.1766169,-1.3647739,-1.1056644,-1.3390405,-2.0500329,-2.2546039,-2.1270657,-2.1083212,-2.2204714,-2.3596888,-2.1580443,-1.984659,-1.7101407,-1.3507428,-1.3425696,-1.0691837,-0.36854878,0.16824867,0.539521,0.4418161,-0.0027673244,-0.42295086,-0.7061995,-0.89368314,-1.1185999,-1.3279581,-1.3372154,-1.2919263,-1.1216547,-0.9181032,-0.84800535,-0.65734273,-0.35222515,-0.31285018,-0.43246278,-0.8142822,-1.1938926,-1.25196,-1.521624,-1.8524721,-2.0893064,-2.118857,-2.175271,-2.3307505,-2.366931,-1.9609463,-1.4542723,-1.284329,-1.0477507,-0.73395854,-0.3994985,0.15056755,0.757545,0.6262131,-0.058773577,-0.43552524,-0.43281937,-0.6170945,-0.5635296,-0.5925862,-0.74611896,-0.8465914,-0.9969676,-1.1978748,-1.2740426,-1.5983076,-2.0042188,-1.9029962,-1.6457627,-1.3584335,-1.1568378,-1.0411861,-0.3178358,0.035741977,0.016715895,-0.111767754,-0.120083146,-0.19530678,-0.25397918,-0.3830865,-0.32479426,-0.649071,-0.9814031,-1.3363166,-1.4733102,-1.9670198,-2.1535125,-2.2593794,-2.5194077,-2.907279,-3.1033456,-3.103734,-3.14277,-2.944693,-2.74019,-2.695424,-3.1807857,-3.2082,-3.2531886,-3.2505205,-3.2229774,-3.2210505,-3.182559,-3.107327,-3.1180634,-3.245418,-3.5059955,-3.6517615,-3.7512512,-3.5937572,-3.2651944,-3.1838727,-3.2292156,-3.3063674,-2.6370893,-2.6368482,-2.636715,-2.6367183,-2.6367078,-2.6367092
-1.2845639,-1.3786701,-1.4916764,-1.4834298,0.39718112,-1.2780186,-1.16918,-1.0449175,-0.898042,-0.925297,-0.40323502,0.12056727,0.20733649,-0.055720538,-0.31378257,-0.57237923,-0.507444,-0.24252558,0.15495631,0.47722656,0.19420433,-0.28251588,-1.1572286,-1.4445376,-1.070381,-0.5053019,0.031160772,-0.11940114,-0.7580605,-1.5668763,-2.1181555,-2.1950655,-2.0178351,-1.926625,-1.6647406,-1.3298304,-0.8182718,-0.28663155,-0.06625112,-0.12898558,-0.50279015,-1.2994113,-1.7212749,-1.8389173,-1.874654,-1.851987,-1.7241759,-1.3910443,-0.43001983,-0.1889967,-0.32695612,-0.5026296,-0.54413295,-0.94189763,-1.5426003,-1.9293168,-1.9676652,-1.5006889,-0.9690049,-0.6179655,-0.17653236,-0.3893378,-0.81793755,-1.2108198,-0.47942647,0.45133254,1.4054112,2.9186363,3.6310968,4.8424625,5.290107,6.7333264,8.618337,11.831349,12.571283,12.669949,12.589041,11.838292,9.676028,6.454427,3.9231777,2.567353,1.8269641,1.5037456,1.2712154,1.3315042,1.0782528,1.0984961,0.76998466,0.25285044,-0.14076555,-0.72230154,-0.7819658,-0.728796,-0.7228359,-1.0566027,-1.8147594,-2.5121884,-2.5781617,-2.6156535,-2.5605066,-2.3475437,-2.0541272,-1.6952163,-1.3092264,-1.0949662,-1.0009536,-1.27846,-0.37484917,0.3385278,0.81685007,0.82969177,0.79350984,0.7986524,0.62915015,0.33987725,-0.07740617,-0.37256834,-0.61442775,-0.82892036,-0.9562753,-1.0304624,-0.9334581,-0.7062097,-0.42028558,-0.319988,-0.5078151,-0.75467837,-0.7897247,-0.86766124,-0.9395038,-1.040473,-1.1052697,-0.8805114,-0.58015084,-0.22201708,0.24444833,1.1205512,2.3504102,4.4255214,7.5072103,10.354735,11.67109,11.648916,11.507986,11.262802,10.597746,9.749187,8.873055,7.7893057,6.0822396,4.19318,2.4717112,1.1965075,0.56037265,0.68536055,1.2783641,1.8544619,1.6509396,1.6467544,3.0445094,7.8443403,11.025118,12.039876,12.241913,11.922501,10.1815405,8.039682,5.320814,3.8374667,3.6367068,3.6577349,3.321464,2.6748648,1.1581197,-0.052526373,-1.2355947,-2.051776,-2.367824,-2.2852666,-2.0604985,-1.9136977,-1.7775875,-1.6762811,-1.8357996,-2.0385811,-1.2845498,-0.6634151,-0.40439096,-0.74247414,-0.77799153,-0.45153785,0.14808685,0.5113725,0.4672179,0.22259063,-0.23615672,-0.61608636,-0.74760675,-0.65409195,-0.41637668,-0.22970313,-0.22545281,-0.121322274,-0.15156727,-0.054926313,0.39698452,0.8418796,0.75093436,0.14088362,-0.64896196,-0.9619933,-1.1485102,-1.1653074,-0.93407834,-0.6374593,-0.5790064,-0.68697345,-0.3455006,0.14381701,0.14629544,-0.027416587,-0.16449788,-0.060658146,0.059875198,0.80348265,4.933998,8.107723,9.338279,9.970455,10.061474,9.960821,9.741728,9.492673,9.471176,9.333613,8.026846,5.804915,1.9892186,0.3030774,-0.4721334,-1.1126627,-1.4864881,-1.7013865,-2.096756,-1.8567128,-1.6436088,-1.4840963,-1.3984857,-1.2702594,-1.1472454,-1.0560199,-0.77073,-0.92075384,-1.162098,-1.417501,-1.5121392,-1.7188492,-1.9616609,-2.255546,-2.5552182,-2.307601,-1.6806012,-1.3318864,-1.4366325,-1.4560444,-1.5701227,-1.7351426,-2.6100044,-2.8478198,-2.7016613,-2.5173123,-2.5087004,-2.4907951,-2.5003412,-2.472485,-2.2333255,-1.8647785,-1.4337358,-1.1294303,-0.89855576,-0.62430835,-0.54193765,-0.8964313,-0.71154714,-0.67779744,0.39711508,0.39713496,0.39732382,0.39731106,0.39733124,0.3973395
-0.44937757,-0.4787215,-0.45888025,-0.47103494,-2.2385898,-0.39347273,-0.40130785,-0.5071868,-0.80070627,-1.224415,-1.2405046,-0.9655066,-0.8927504,-0.74536115,-0.6002556,-0.39289883,0.13007978,0.49142605,0.9021202,1.0185859,1.4524461,0.5264762,-0.6974744,-1.1002398,-1.1751739,-1.499528,-1.9920897,-2.2855842,-1.4387858,-1.0978186,-1.7261844,-1.8248727,-1.7299582,-1.3979968,-1.1129231,-0.9284249,-0.45700765,0.06191638,-0.01682502,-0.48381838,-0.35823643,0.18243682,0.3782804,0.56589377,0.6047057,0.732523,0.78853047,0.9108174,0.97115046,0.9957896,0.6605408,0.25715455,0.008693546,-0.17420512,-0.32538986,-0.6340301,-1.0564845,-0.780643,-0.6011319,-0.6336199,-0.769239,-0.7943554,-0.2982654,-0.4415602,-1.0574622,-1.0860739,-0.8621692,-0.65648174,-0.5243014,-0.06634326,0.1893614,0.7688728,0.9923974,1.4111909,1.0935212,0.42792064,-0.2967352,-0.8585156,-1.1399133,-0.7591475,-0.63163984,-0.6611494,-0.6934014,-0.5541378,-0.2129809,0.181018,0.25240818,-0.09563649,-0.22594398,-0.05088532,-0.17939508,-0.6245581,-0.6742875,-0.5711545,-0.44465953,-0.5707493,-0.98681587,-1.5355897,-1.6252264,-1.5656469,-1.5411619,-1.665267,-1.775603,-1.9057802,-1.9636116,-1.7659681,-1.0434749,-0.52705145,0.12797415,0.39059,0.23837203,0.0016597807,-0.18653683,-0.24524154,-0.36118808,-0.38593417,-0.52678466,-0.70452434,-0.89124596,-0.98197055,-0.9175898,-0.68526626,-0.6108113,-0.5117376,-0.485284,-0.5372776,-0.5463569,-0.8106657,-1.0386474,-1.6008773,-1.6163247,-1.7196581,-1.6320045,-1.6260053,-1.2250763,-0.8673304,-0.7065686,-0.6082159,0.14247179,0.79801553,0.6041738,0.14920679,0.06379651,0.008061841,0.2877484,0.33930427,0.18286037,-0.1472998,-0.43934843,-0.70617735,-0.78105557,-0.6600404,-0.40563914,-0.02814632,-0.075104244,-0.3733586,-0.37374592,-0.14737582,0.2860512,0.6865255,0.9553746,0.7589522,0.23666354,0.3729956,1.516253,4.471441,8.862766,10.924125,12.025109,12.426206,12.517078,12.494659,12.225872,11.728359,10.334321,7.817653,4.471389,2.022294,0.95101404,0.43454197,-0.2454189,-1.3061817,-1.9786718,-1.8774992,-1.5672908,-1.0926673,-0.68215,-0.2106639,0.10047245,0.15598845,0.37775406,0.4765683,0.23278326,-0.2361078,-0.5221255,-0.63070863,-0.57447755,-0.5240452,-0.5272579,-0.36042273,-0.07276174,0.022068217,-0.3156215,-0.8180257,-0.8779291,-0.7368949,-0.8287337,-1.1436429,-1.1755711,-0.8108919,-0.851732,-1.1148646,-1.3537186,-1.3245507,-1.0427724,-0.83272797,-0.6789047,-0.7856806,-1.302151,-1.8484932,-1.7934377,-1.6070487,-1.3896337,-0.87324136,-0.114466295,-0.025574744,-0.059566885,-0.30653757,-0.844656,-1.3659979,-1.1607006,-0.9857488,-0.8098386,-0.74776256,-0.83537054,-0.75789034,-1.0269578,-1.1829348,-1.4115607,-1.2580029,-1.0267928,-0.97977996,-1.2452236,-1.4731307,-1.4871434,-1.8210056,-1.8383886,-1.8543458,-1.8731132,-1.7925589,-1.7486495,-1.6440434,-1.5983003,-1.3750467,-1.1363642,-1.1614735,-1.206397,-1.3799382,-1.4939779,-1.425449,-1.740789,-2.3923368,-2.433403,-2.288541,-2.0030322,-1.7496576,-1.330008,-1.2500155,-1.3141323,-1.6419672,-1.6383677,-1.5374714,-1.6102575,-1.7448854,-1.787034,-1.7514925,-1.6798604,-1.4245738,-1.3401009,-1.3706973,-1.4093816,-1.5693218,-1.851471,-2.0083864,-1.995117,-2.0015888,-2.239294,-2.238879,-2.2386453,-2.2386684,-2.2386532,-2.2386646
-3.9326253,-3.8281717,-3.687461,-3.6928332,-2.9879682,-3.7057633,-3.6790695,-3.6391776,-3.5455272,-3.3730602,-3.310311,-3.3337893,-3.394802,-3.4695694,-3.4552598,-3.4469204,-3.5011904,-3.7420797,-4.1140137,-4.4642625,-4.6386437,-4.4847445,-3.9439745,-3.0954366,-2.3708906,-1.8973398,-1.8032846,-2.0882533,-3.3222995,-4.186828,-3.5918112,-2.822007,-2.3807974,-2.23118,-2.2441745,-2.4772475,-2.7515888,-3.0933027,-2.7974708,-2.2827857,-2.0047889,-1.8765655,-1.8355801,-1.7929657,-1.8469768,-1.7464607,-1.4882271,-1.2745848,-1.6505826,-2.3982928,-2.668275,-2.8582165,-2.8787303,-2.526809,-2.0292141,-1.6587713,-1.5594544,-1.3250744,-1.3447636,-1.3121368,-1.4937031,-1.6976812,-2.13789,-3.3642404,-3.509046,-2.9334016,-2.7774734,-2.7509243,-2.659924,-2.5952458,-2.7775233,-3.029422,-3.3959305,-3.3293686,-2.7457795,-1.921085,-0.62198776,0.5478845,0.93558645,1.6739879,2.3105803,2.6253855,2.7398233,2.681346,2.5623255,1.8697696,0.8390898,-0.97347057,-2.207056,-2.1876476,-2.3472123,-2.6582937,-2.6761987,-2.8118362,-2.9083288,-2.9024918,-2.922958,-2.7380972,-2.5575328,-2.4459379,-2.453032,-2.6512847,-2.8109727,-2.8539562,-2.8372595,-2.9550612,-3.134658,-3.588142,-3.495893,-3.1513138,-3.0607998,-3.1429062,-3.2841086,-3.3567128,-3.4382915,-3.5499272,-3.7064753,-3.7886257,-3.8146334,-3.8797593,-3.918884,-3.9805717,-4.0531907,-4.1369786,-4.2354054,-4.28465,-4.3338323,-4.2617044,-3.8661692,-3.0104694,-2.615542,-2.4753072,-2.4366977,-2.401144,-2.4229195,-2.473347,-2.380153,-2.2785745,-2.1275613,-2.0450377,-2.3986897,-3.4251943,-3.448106,-3.0816684,-2.4714842,-2.1374953,-2.012924,-1.9555264,-1.8108252,-1.5766695,-1.2128625,-0.91810834,-0.7458079,-0.9050063,-1.0814412,-1.2152478,-1.3304191,-1.2995683,-1.2292295,-1.1563457,-0.87305856,-0.96877444,-2.160264,-2.0715694,-1.1339768,-0.46780413,-1.1382042,-1.9657224,-2.6203918,-2.732091,-2.8822343,-3.0350106,-3.0956979,-3.2132874,-3.2203434,-3.3773808,-3.192845,-2.7997882,-2.5440044,-2.61021,-2.896294,-3.3190813,-3.8008022,-3.8876383,-3.7232077,-3.3971736,-3.1427598,-3.1923373,-3.2314308,-3.1039946,-3.0130072,-2.9984481,-2.9166234,-2.6553957,-2.412725,-2.3713078,-2.4153476,-2.517315,-2.5802736,-2.6119902,-2.6216404,-2.5392504,-2.414729,-2.6081758,-2.8456972,-2.8292384,-2.7383325,-2.6479316,-2.4535885,-2.2031815,-2.4842484,-2.7194595,-2.4448714,-2.186409,-2.1031785,-2.0976152,-2.0333505,-1.5902406,-1.2810309,-1.5192076,-2.023614,-2.242327,-2.2826993,-2.3685074,-2.374121,-2.6306067,-2.2537887,-2.1150742,-2.1305573,-2.1238067,-1.8095393,-1.6726228,-1.5576016,-1.608164,-1.7354046,-1.9393528,-2.1367514,-2.3577137,-2.3060641,-2.0066438,-1.6177601,-1.0449541,-0.37026125,0.21242222,1.2350888,1.7561727,1.6739273,1.4776655,1.3468883,1.0892019,0.91745937,0.6629623,0.6038809,0.2668625,-0.033004962,-0.24586792,-0.36377254,-0.91301775,-1.9898225,-2.2774656,-2.6203823,-2.946352,-2.9795642,-2.6591015,-2.185698,-1.9048305,-2.1724343,-2.596085,-2.5564933,-2.1846905,-2.2743382,-2.5134215,-2.501736,-2.3821898,-2.3221993,-2.2545516,-2.2479887,-2.4095805,-2.4850574,-2.449797,-2.5472808,-2.567425,-2.5241318,-2.5067544,-2.8284864,-2.8925512,-2.9876444,-2.9878469,-2.9879928,-2.987982,-2.987992,-2.9879894
-1.5066377,-1.6035903,-1.7240583,-1.7217321,-1.3825889,-1.7220925,-1.742373,-1.687723,-1.415208,-1.0679295,-0.7896048,-0.60463226,-0.50471914,-0.53760946,-0.42655,-0.21908799,-0.18214735,-0.22534956,-0.51352775,-0.98082733,-1.1665018,-1.1462944,-1.034011,-1.4292383,-1.7696766,-1.8138543,-1.5310435,-1.2740428,-1.065259,-1.0361093,-0.76090556,-0.8266556,-1.0911033,-1.3528279,-1.5035014,-1.6691153,-2.1090004,-2.6526942,-2.6592798,-1.9253514,-0.9295124,-0.4556778,-0.25062415,-0.33300734,-0.00050878525,0.4085142,0.45212173,0.39449275,-0.080752194,-0.787156,-0.8218103,-0.8125777,-0.91278243,-1.16452,-1.4478549,-1.6588535,-1.9072018,-2.282693,-2.4772968,-2.5684032,-2.632268,-2.828861,-2.845135,-1.7698305,-0.85352826,-0.82259774,-0.9852585,-1.0671464,-1.332067,-1.3726665,-1.160593,-0.6453707,-0.11893186,-0.22511393,-0.464381,-0.47193295,-0.7012557,-0.51869845,-0.034430236,-0.14619334,-0.40222335,-0.66356605,-0.7571698,-0.92776215,-1.2825906,-1.4265392,-1.4756016,-1.3755419,-1.2875634,-1.9737089,-2.1910787,-2.0952392,-1.9148858,-1.7206942,-1.6706468,-1.7515774,-1.7534785,-1.3907232,-1.2716913,-1.2303421,-1.2545252,-1.2441573,-1.3178778,-1.356401,-1.5229828,-1.8814358,-2.4879718,-2.4825282,-2.4108756,-2.3741007,-2.074698,-1.9779029,-1.9724923,-1.9501053,-1.7656465,-1.6736497,-1.5081899,-1.3324172,-1.3289275,-1.2970062,-1.3789353,-1.3667152,-1.414472,-1.5263156,-1.6525369,-1.6051531,-1.4648467,-1.226075,-1.5651218,-1.8386743,-1.8456428,-1.6834202,-1.6531378,-1.566371,-1.3973551,-1.35266,-1.0133538,-0.9437108,-1.6141026,-1.8360219,-1.1248354,-0.1258219,0.29315463,0.24007699,0.008148491,-0.54848385,-1.5273342,-2.063734,-2.3566625,-2.500024,-2.689529,-2.8084216,-2.8514488,-2.857264,-2.7084255,-2.4561436,-2.3880923,-2.445384,-2.4713805,-2.359293,-2.0882175,-0.8627989,-0.21871719,0.19335043,0.4084675,-0.3972012,-0.8860733,-0.4741793,-0.41732842,-0.4205336,-0.3616259,-0.15776469,-0.1290585,-0.5951391,-1.1524818,-1.2891483,-1.2110676,-1.1018324,-1.0866966,-1.0554245,-1.0236919,-0.9888116,-1.1402504,-1.5512154,-2.106637,-2.3373663,-1.958607,-1.2666051,-0.35876292,-0.41745204,-0.6237062,-0.4091489,0.07815535,0.2647474,0.30117688,0.3531303,0.3774128,0.3210072,0.38611305,0.2490394,0.074516684,-0.13550541,-0.17902438,-0.22110236,-0.57650304,-1.1590097,-1.5660629,-1.7860066,-1.838749,-1.6034923,-1.3318639,-1.2794338,-1.3103502,-1.3876497,-1.5436866,-1.559177,-1.495503,-1.4750427,-1.4462817,-1.1707726,-1.1666771,-1.1887369,-1.2103872,-1.4678781,-1.7263287,-2.02293,-2.207822,-1.358355,-0.8088331,-0.22656792,0.03716515,0.017312229,-0.104395196,-0.23291112,-0.2553676,-0.23025826,0.014554024,0.36354816,1.5185124,1.7551849,1.4627571,0.97101897,0.36921903,-0.0046413094,-0.89044553,-2.047909,-2.3190267,-2.4592175,-2.4860125,-2.5705948,-2.6063428,-2.6397908,-2.595493,-2.6376224,-2.7557883,-2.8055453,-2.737318,-2.5641992,-2.2393348,-2.1355207,-1.8285446,-1.392904,-1.5281372,-1.9006169,-2.445985,-2.4440818,-2.200099,-1.6298351,-1.7325135,-1.7947795,-1.773201,-1.7608609,-1.6829469,-1.6810921,-1.6858084,-1.7408649,-1.7883548,-1.9173006,-2.1275587,-2.216774,-2.3992069,-2.7394834,-3.0829794,-2.8789704,-2.409452,-2.388824,-1.3829861,-1.3827496,-1.3825381,-1.3825531,-1.3825358,-1.3825413
-4.0140862,-4.011693,-3.9029875,-3.8526754,-4.3118944,-3.7926307,-3.6604648,-3.470899,-3.0066848,-2.543391,-2.4000962,-2.1771374,-1.9692308,-1.8447491,-1.8944981,-1.9394715,-1.9138055,-2.0196123,-2.1226773,-2.0796924,-1.476248,-0.16151437,1.19396,1.4835992,1.1955054,0.8128159,0.2423214,-0.42816454,-1.4255363,-1.6755288,-2.2299545,-2.5395827,-2.7315311,-2.7340827,-2.8332748,-2.9529815,-3.1357603,-3.4477544,-3.385618,-3.0705025,-2.712748,-2.1976585,-1.9446075,-1.8068719,-1.652088,-1.317247,-1.1926489,-0.96485376,-0.9674586,-1.3616341,-1.6926928,-1.8076553,-1.9810388,-2.0680203,-2.232132,-2.0546656,-1.8462964,-1.6623168,-1.4886756,-1.3083143,-1.4292138,-1.540684,-1.5176989,-2.492144,-3.4756544,-4.078377,-4.245763,-4.3479066,-4.3734674,-4.412863,-4.5197897,-4.4756403,-4.341793,-4.3818297,-4.140522,-3.6182265,-2.5344205,-1.0860353,-0.81894916,-0.8674233,-0.52393866,-0.20984,-0.030737411,0.034973875,-0.0048932545,-0.3612234,-0.3993603,-0.60105777,-1.7144146,-2.2236047,-1.9280307,-1.8576615,-1.9746974,-1.9734434,-1.7593518,-1.713661,-1.902645,-2.194645,-2.3108492,-2.3634832,-2.419509,-2.5933013,-2.7776632,-2.8481824,-2.7394688,-2.576903,-2.1845622,-1.9810021,-1.4785478,-1.3751215,-1.6002353,-1.7566221,-1.9493332,-2.091174,-2.1662877,-2.1951857,-2.331572,-2.4786346,-2.6268783,-2.8489666,-3.0785272,-3.3103104,-3.3552377,-3.3643954,-3.460734,-3.5609381,-3.6861634,-3.7083216,-3.4824288,-3.2211242,-3.05062,-2.8954024,-2.7403736,-2.749441,-2.6172876,-2.4377036,-2.0182765,-1.6938186,-1.4242989,-1.8348055,-2.3219895,-2.955786,-3.7891078,-4.4313216,-4.7585316,-4.8155804,-4.629638,-4.196371,-3.9860132,-3.9181504,-3.8939047,-3.9290664,-3.89426,-3.5903316,-3.2339296,-3.0964227,-2.9917119,-2.965889,-2.7476645,-2.5060506,-2.5812554,-3.5654564,-4.4925337,-4.5436964,-4.431206,-3.7065837,-3.38387,-3.696311,-3.7275026,-3.52885,-3.682468,-3.9939234,-4.3805914,-4.3718348,-3.42097,-2.9220715,-2.8621075,-2.6110399,-2.4398568,-2.5232182,-2.7562027,-2.927424,-2.614549,-2.1747594,-1.4328214,-0.5713454,-0.51532876,-0.93129075,-1.7240859,-1.9549372,-2.1700172,-2.2823477,-2.3333063,-2.1730576,-1.9184692,-1.8545537,-1.9468375,-2.0624957,-2.0814795,-2.0719144,-1.9865136,-1.6824596,-1.4438143,-1.3285608,-1.2493813,-1.1809702,-1.2749087,-1.6049302,-1.8923383,-1.7791989,-2.0240524,-2.3396091,-2.3921027,-2.4079776,-2.5702288,-2.906639,-3.1335533,-3.0349813,-2.7261758,-2.6119819,-2.4388204,-2.1778378,-1.8846307,-1.5130932,-1.1207184,-1.3922379,-2.3903313,-2.8008924,-2.715099,-2.7959812,-2.5087857,-2.530062,-2.685154,-2.75884,-2.760616,-3.0138373,-3.2961702,-3.4912004,-2.9970825,-2.4363916,-1.829269,-1.1362672,-0.62331045,-0.2229053,0.5053717,1.1363652,1.2444639,1.1260636,1.1256628,1.0861162,1.0191135,0.94686455,1.0572908,0.80042493,0.47515583,0.07864641,-0.071710065,-0.5862466,-1.2152979,-1.4879049,-1.986923,-2.618419,-3.0250497,-3.0416586,-2.924725,-2.8764532,-2.885465,-2.7418666,-3.1001842,-3.3309329,-3.4185913,-3.4331484,-3.405098,-3.4260662,-3.354446,-3.2892685,-3.283537,-3.349676,-3.4111888,-3.3811386,-3.2615435,-3.3923743,-3.655512,-3.8062775,-4.2755127,-4.449373,-4.31206,-4.3118887,-4.311861,-4.3118525,-4.311852,-4.311857
-2.6359158,-2.4690797,-2.2259974,-2.158926,-4.2700834,-2.2130065,-2.1346893,-2.149024,-2.1026087,-1.7037688,-1.6292489,-1.7707009,-1.849754,-1.9945436,-2.1190376,-2.269965,-2.4290047,-2.6543677,-2.7878337,-2.92503,-2.8056755,-2.2228007,-1.4292285,-0.5550737,0.079799294,0.34450406,0.25338852,-0.21548499,-1.3041396,-2.3319468,-2.832285,-2.7288058,-2.5078077,-2.4611943,-2.6143837,-2.7612433,-3.1872187,-3.434407,-3.3115802,-2.9245977,-2.3108597,-1.5237571,-1.0752997,-0.85484195,-0.86677206,-0.7710245,-0.5969721,-0.61825776,-1.380984,-2.0534964,-2.0991075,-2.1467888,-2.2542105,-2.026642,-1.329125,0.07580556,0.697838,0.9519882,1.0063355,1.1409152,0.8118498,-0.054750994,-0.5493481,-1.7514746,-2.4451642,-2.3276758,-2.2211146,-2.1467931,-2.0417438,-2.0110133,-2.1788867,-2.3246233,-2.4183922,-2.2332258,-1.5044253,-0.34907883,2.0539894,6.0973907,9.126877,11.286188,12.226134,12.494143,12.612544,12.644541,12.288544,11.217657,9.609607,7.062589,2.6998625,-0.12802714,-1.6401608,-2.569275,-2.6621895,-2.6221063,-2.295548,-2.2814417,-2.503669,-2.640563,-2.6346846,-2.5895433,-2.5584388,-2.693017,-2.780368,-2.7320895,-2.5085506,-2.3273976,-2.174608,-2.5523992,-2.2445369,-1.7139344,-1.6544518,-1.8032242,-2.080649,-2.2896194,-2.4767148,-2.6084816,-2.6949604,-2.6818316,-2.6640172,-2.6352684,-2.6738749,-2.626208,-2.6111975,-2.6110935,-2.7632444,-2.8215976,-2.9279814,-3.1493268,-2.998068,-2.7338865,-2.6196985,-2.962524,-3.3578823,-3.6484332,-3.8527677,-3.8094661,-3.8775978,-3.8803375,-3.0783198,-2.5865734,-2.2967496,-2.0257,-1.9471157,-1.9412645,-1.7361801,-1.5739188,-1.3977933,-1.3407423,-1.1904819,-0.97018635,-0.62013316,-0.23550028,-0.076070994,-0.28884137,-0.7682531,-0.9171474,-1.0767922,-0.8743073,-0.80362034,-0.77289754,-0.64928234,-0.66536397,-1.250138,-1.4430325,-1.1761196,-0.8041368,-1.0938841,-1.5358064,-2.0321226,-1.9077733,-1.7752826,-1.7449018,-1.6724936,-1.7602863,-1.7499173,-1.9917493,-2.380304,-2.3883564,-2.1942668,-2.1988459,-2.3712757,-2.6051264,-2.6230226,-2.6128385,-2.6121058,-2.7273111,-2.5839534,-2.3325162,-1.9715083,-1.7255282,-1.6248956,-1.7707629,-1.9803125,-2.0373251,-1.9801605,-1.8915397,-1.9722605,-2.1058564,-2.1433191,-2.2872136,-2.4349391,-2.4285064,-2.1887422,-2.0847528,-2.0183647,-1.733592,-1.4510196,-1.297266,-1.0605804,-1.0168325,-1.6504351,-2.1971815,-2.2581701,-2.0666149,-1.8816125,-1.8343612,-1.6501071,-1.0814214,-0.6101996,-0.729916,-1.1779002,-1.4661145,-1.5566347,-1.5028937,-1.4894156,-1.8635012,-1.8868048,-1.875268,-2.0475109,-2.0796967,-1.5076602,-1.1525211,-0.95331585,-1.0243595,-1.3173721,-1.5979764,-1.6725525,-1.6474857,-1.9877772,-1.9477019,-1.6742193,-1.2834575,-0.97186947,-0.63217455,0.31686744,1.3748481,1.5120864,1.4365146,1.4062982,1.3441573,1.274296,1.0504191,1.0563958,0.40675834,-0.1525077,-0.5342052,-0.6842806,-1.3341925,-2.2934341,-2.5748682,-2.9493074,-3.261929,-3.2361965,-2.8208826,-2.4554553,-2.1658034,-2.3021061,-2.8096807,-2.8749876,-2.5152328,-2.4636002,-2.5119581,-2.4509354,-2.3846629,-2.3075628,-2.2109509,-2.1248138,-2.1132314,-2.0930965,-2.0639021,-1.8487732,-1.756754,-2.0326293,-2.216741,-2.6356611,-2.7051272,-4.269708,-4.269931,-4.2701488,-4.270134,-4.270151,-4.2701464
-2.5388565,-2.4547644,-2.226958,-2.22008,-4.141136,-2.4515538,-2.4433103,-2.4741535,-2.4706562,-1.8915285,-1.464576,-1.5805857,-1.7228504,-2.0374017,-2.1415987,-2.2770665,-2.4066973,-2.5762036,-2.6364565,-2.2359657,-1.6650635,-0.61087215,0.8577385,1.5645556,1.8263094,1.7487864,1.283072,0.47863054,-1.60702,-2.661137,-2.6386585,-2.400876,-2.2345915,-2.1767669,-2.3522098,-2.6775186,-3.255461,-3.5325692,-3.3491611,-3.0205333,-2.2933173,-1.6460376,-1.4359132,-1.4751518,-1.4205241,-1.1474754,-0.7365219,-0.16421476,0.017997742,0.17573643,0.22924763,0.40210003,1.4648869,3.8812952,7.366147,10.008031,11.374382,11.788322,11.772715,11.666048,11.00387,9.331696,7.4195433,2.852645,-0.27577132,-1.4569743,-1.7785659,-1.8870294,-1.7440176,-1.7370801,-1.9886272,-2.173636,-2.3584492,-2.1673336,-1.572057,-1.1489158,-0.14431645,0.949547,1.12171,1.6343665,2.2482388,2.6085482,2.726194,2.6204114,2.1546454,1.1309584,0.23003569,-0.9543001,-1.5585887,-1.450941,-1.5314778,-1.5229304,-1.5655763,-1.6603435,-1.6123207,-1.5633978,-1.7207432,-1.9969757,-2.0771594,-2.1399047,-2.1694043,-2.306754,-2.3720398,-2.4462342,-2.354089,-2.152715,-1.702115,-1.5408702,-1.0492225,-0.7610866,-0.8518146,-0.96668035,-1.0830647,-1.1301155,-1.2247806,-1.3895648,-1.6565869,-1.8612875,-1.9790629,-2.0767713,-2.1555424,-2.3411977,-2.4175277,-2.4872446,-2.4931827,-2.3723264,-2.5078583,-2.7936788,-2.9545212,-3.059481,-2.7820888,-2.3753004,-2.2930405,-2.3606365,-2.3559947,-2.3803978,-2.1236296,-1.6477318,-0.6507451,-0.16144459,-0.78419936,-1.8707752,-2.4108577,-2.4792395,-2.3434534,-2.1702275,-2.0805194,-1.9156969,-1.7264627,-1.6011374,-1.4458549,-1.2895955,-0.95924634,-0.60729057,-0.19558191,-0.03314671,0.25387937,0.4794461,0.67107093,0.91530585,0.94377273,-0.07008359,-1.1804581,-1.6260812,-1.3719289,-0.80216223,-0.64755106,-1.1815586,-1.7910774,-1.9963207,-2.1558263,-2.2935584,-2.2138364,-2.2976458,-2.4518912,-2.715513,-2.7427354,-2.4475267,-2.2000103,-2.2406824,-2.4443216,-2.6753652,-2.625401,-2.3859296,-1.8752924,-0.73365647,-0.07422307,-0.16329071,-0.76394534,-0.9240662,-1.0867573,-1.367738,-1.6878048,-1.7509451,-1.6300693,-1.6839085,-1.8606262,-1.9513582,-1.976087,-1.9331666,-1.8266506,-1.2857796,-0.5474241,-0.016433954,0.3369419,0.6718491,0.7889846,0.6065712,0.085995495,-0.60800993,-1.2673533,-1.7298441,-1.795212,-1.8148315,-1.9223825,-2.1775527,-2.3270793,-2.216897,-2.1247008,-2.0687566,-2.3622575,-2.4824665,-2.4904442,-2.3772178,-2.108394,-1.3790743,-0.021095216,0.16938365,-0.41074634,-1.2591106,-1.5570476,-1.6695746,-1.6448457,-1.6061766,-1.4594278,-1.4418612,-1.4372001,-1.3759129,-1.3257315,-0.83285344,0.2261931,2.6774848,5.842843,8.107578,10.376579,11.401865,11.258124,11.064125,10.902682,10.690522,10.496655,10.2479,9.989226,9.268215,8.597034,7.8663945,7.6062593,5.8643045,2.2776918,1.2215898,-0.38017055,-1.4842937,-1.360743,-0.78450155,-0.30551302,-0.27922642,-1.2033209,-2.6653588,-2.8889303,-2.7398896,-2.8301542,-3.0687218,-3.0290773,-2.8716748,-2.7773623,-2.735416,-2.7284153,-2.8036194,-2.688982,-2.5687923,-2.3571458,-2.0476263,-1.8387321,-2.09171,-2.9314115,-3.0109315,-4.1405296,-4.140907,-4.141193,-4.141172,-4.1411886,-4.141182
-0.8356253,-0.74888295,-0.6690631,-0.6693841,-0.5395505,-0.60282445,-0.59256124,-0.5578094,-0.3448733,0.18497682,0.28537986,0.059403367,-0.22396219,-0.43780062,-0.798744,-1.2205603,-1.4294964,-1.6914406,-1.8239534,-1.8788106,-1.2431877,-0.4427423,-0.017354786,0.030619562,0.09301853,-0.10854375,-0.6633311,-1.2711085,-1.286805,-1.3128152,-1.4940826,-1.2875686,-1.0726721,-1.0159607,-1.0720788,-1.162633,-1.0933115,-1.4383175,-1.6137077,-1.4980159,-1.3363446,-0.85112816,-0.4601446,-0.29273313,-0.14573981,0.1347593,0.5085496,0.923939,1.1178172,1.123733,1.2085848,1.0868014,0.9977876,0.61289966,-0.070889995,0.124722295,0.553181,-0.36198643,-0.73665524,-1.0907646,-1.8743327,-2.5292978,-2.6370502,-2.9217117,-2.7282867,-2.0549917,-1.7737609,-1.615957,-1.59074,-1.4416717,-1.5361774,-1.3130572,-0.9886811,-0.74643135,-0.7461718,-0.7570175,-0.5052706,0.11427462,0.17784363,-0.15120918,-0.25022325,-0.25498006,-0.33014435,-0.47956094,-0.8129629,-1.0584892,-1.2202932,-0.77474606,-0.8692807,-1.2728078,-1.2581629,-0.71313083,-0.4802111,-0.26051143,-0.253788,-0.3352539,-0.6329301,-1.1312832,-1.268234,-1.3511877,-1.372718,-1.5078609,-1.6608312,-1.7853642,-1.6986685,-1.3585206,-0.6009173,-0.4287631,0.12781647,0.42911655,0.26846817,0.007804103,-0.20531657,-0.28608495,-0.40513372,-0.63275206,-1.0758176,-1.4092271,-1.6244903,-1.846706,-2.0628257,-2.4246202,-2.555687,-2.572643,-2.6201286,-2.560699,-2.6562285,-2.593518,-2.1152506,-1.8892578,-2.0287378,-2.1430335,-2.1142967,-2.2812603,-2.229127,-2.281695,-2.178857,-1.8439367,-1.023252,-0.9056221,-0.86759794,-0.94115824,-1.2625153,-1.6088462,-1.3768325,-0.98168784,-0.5500268,-0.4671079,-0.5334703,-0.5601637,-0.324003,0.03882733,0.3438195,0.18248421,-0.1908792,-0.16056663,-0.10743189,0.13653183,0.2441831,0.34642324,0.32857263,0.35796484,0.728906,0.14794463,-0.49636862,-0.59658396,-0.4465955,-0.4171404,-0.59656847,-0.7455195,-0.7253893,-0.7876912,-1.0147023,-1.1404927,-0.90787536,-1.1897771,-1.6265287,-1.7012826,-1.6703756,-1.7581282,-1.8944442,-2.148569,-2.08905,-1.8825647,-1.2863041,-0.30513135,0.042691737,-0.18944792,-0.9732717,-1.1768756,-1.1761601,-1.0026981,-0.94904983,-0.83503807,-0.710711,-0.8240988,-1.1481522,-1.3457754,-1.419549,-1.5013298,-1.5260171,-1.1317964,-0.83202523,-0.7754459,-0.6890838,-0.36526787,-0.08844158,-0.102838576,-0.2238613,-0.39095747,-0.8503463,-1.1061188,-1.1292511,-1.2062087,-1.2250853,-1.1883392,-1.1023229,-0.5259635,-0.091967404,-0.24673954,-0.8141948,-1.1926211,-1.1794736,-0.9062989,-0.4597239,-0.07678312,0.39734757,0.5275559,0.49586418,0.356112,0.72447366,0.909289,0.84939927,0.81892836,0.805183,0.47024512,-0.6529571,-1.4287984,-1.8966959,-1.962625,-1.9226202,-1.7794642,-1.6799428,-1.1170924,0.53755504,1.3041376,1.2872984,1.1859437,1.1516707,0.9672276,0.90810835,0.60186934,0.56026816,0.17452072,0.062465817,-0.18973577,-0.276093,-0.7526689,-1.0801597,-1.0140886,-0.84755075,-1.3223994,-1.7607148,-1.8018587,-1.5953981,-1.6760712,-1.8002841,-1.3715544,-1.187451,-1.3703492,-1.2801021,-1.1534877,-1.110861,-1.1038344,-1.094447,-1.100531,-1.0313761,-0.88870084,-0.4989259,-0.29741615,-0.084255725,-0.26541036,-0.41630638,-0.61493987,-1.3828287,-1.5547336,-0.53964996,-0.5395443,-0.53953016,-0.53952885,-0.53952706,-0.53952825
1.5260124,1.6677854,1.7484565,1.6821735,1.9300636,1.837116,1.790546,1.6893468,1.1185718,0.4751516,0.3792405,0.44206557,0.3759418,0.3384977,0.38486275,0.45955524,0.6586922,0.78275895,0.58070123,0.09684634,-0.5948498,-1.2255683,-1.0650018,-1.0131096,-1.1814479,-1.3478858,-1.2483754,-1.2008553,-1.6750219,-1.4392867,-0.7054185,-0.2826873,-0.23574115,-0.27599135,-0.32607165,-0.41500777,-0.83984625,-1.4530604,-1.4348915,-1.5336454,-1.5963165,-1.4140759,-1.1612502,-0.9350981,-0.5625219,-0.10279086,0.05103776,0.3536855,0.12256907,-0.6314224,-0.95113,-0.892731,-0.4923551,-0.19256076,-0.38490477,-0.793982,-0.8303956,-0.7858965,-1.064914,-1.547372,-2.0722852,-2.3457026,-2.4512515,-2.315032,-1.7179288,-1.4407566,-1.4945512,-1.5629377,-1.5422604,-1.7523695,-1.5443292,-1.4941875,-1.3462448,-0.19071203,0.25819215,0.38128203,0.019096062,-0.7793875,-1.3460298,-1.8453221,-1.9528084,-1.8898369,-1.819176,-1.6960781,-1.657329,-1.5823002,-1.3063197,-1.2252898,-1.3976889,-1.2512376,-1.3617551,-1.6916229,-1.8237222,-2.068904,-2.4719188,-2.555839,-2.2744708,-1.5898253,-1.3277826,-1.1868722,-1.1618057,-1.0557524,-0.9426644,-0.6909734,-0.53538644,-0.5990717,-1.1801957,-0.9629825,-0.6147655,-0.75955117,-1.0346276,-1.1745284,-1.183526,-1.135758,-1.2322061,-1.3425614,-1.4243678,-1.363702,-1.2586634,-1.1560197,-0.93517107,-0.52073646,-0.20835224,-0.15691203,-0.4152925,-0.675086,-0.41023037,0.30960357,0.53092617,0.28482145,-0.06309958,-0.19165725,0.020135775,0.1653691,0.22200245,0.25594032,0.5017601,0.7895054,0.6806293,-0.0374908,-0.85597324,-1.1625663,-0.54704964,-0.34798548,-0.0091198385,0.122927,-0.29729402,-0.66108155,-0.8376176,-0.8315542,-0.63531417,-0.38835317,-0.07377219,0.6609232,1.3350511,1.3059227,1.0934161,0.7390307,0.711964,0.4218148,-0.35393113,-1.5607823,-1.1973163,0.038961917,0.48076284,1.2519114,0.99748456,0.582477,0.36469322,0.21775806,-0.24903241,-0.63290584,-0.65967,-0.541507,-0.9042621,-1.3821738,-1.2835214,-1.0440294,-0.9569746,-0.98410565,-1.1325883,-1.3638785,-1.6298975,-1.8055768,-1.963077,-1.6179568,-1.4740225,-1.7341067,-1.784462,-1.6002887,-1.4740717,-1.2602413,-0.9244576,-0.5611167,-0.25806743,-0.15488279,0.12934038,0.31145743,0.363952,0.4694017,0.4866289,0.2585087,-0.046224684,-0.3656604,-0.6659223,-0.84517306,-1.0263325,-1.1182383,-1.0811733,-1.0312593,-0.8419505,-0.79554707,-0.784655,-0.9282762,-1.2263825,-1.4460136,-1.5531114,-1.4495891,-0.7269267,-0.21847491,0.10759139,0.27579504,0.3273123,-0.00041672587,-0.72569263,-0.8162541,-1.0457109,-1.2279036,-1.261864,-0.8842131,-1.0121205,-1.23434,-1.5108893,-1.612535,-1.643211,-1.6309705,-1.5983207,-1.6406138,-1.4963212,-1.5013684,-1.8039376,-2.5539575,-2.6078625,-2.197827,-1.5048636,-0.6760396,-0.43136677,-0.2617228,-0.2535344,-0.17924917,-0.13524187,-0.04967919,-0.1574482,-0.039698005,0.17525823,0.43064535,0.5477586,0.69426686,0.37308726,0.20096394,0.2390785,0.7588328,0.7184657,0.14106014,-0.70219916,-1.9968617,-2.6412706,-2.6629717,-1.1987425,-0.28506544,0.09603136,0.27682453,0.38615686,0.5812404,0.79928327,0.88967025,1.1399078,0.92852485,0.36500573,-0.047784053,-0.31282145,0.05858765,0.8312553,1.453013,1.2699401,0.8072995,1.9297954,1.9300208,1.9300234,1.9300294,1.930027,1.9300203
0.26578334,-0.03107211,-0.25003386,-0.25804728,0.35065472,-0.33613542,-0.35581958,-0.33630314,-0.3435176,-0.5844726,-1.051348,-1.4200917,-1.567048,-1.3809595,-1.029374,-0.49670392,-0.57284826,-0.5765747,-0.59875816,-0.6657483,-0.9238857,-0.94771594,-1.063957,-1.5997968,-1.9788957,-1.9056318,-1.101926,0.05962042,0.9334631,1.3814261,2.3641353,2.5146475,2.3241744,2.019534,1.7243247,1.5185528,1.4815563,1.552707,1.1144137,0.83672297,0.7050939,0.6212869,0.6814742,0.92461437,1.4399614,1.4810734,1.2982001,0.75643134,0.56983376,0.5363713,0.4082814,0.22403412,0.28862688,0.4704326,0.35474223,-0.32870728,-0.9011141,-1.2526565,-1.4389269,-1.4947499,-1.2509141,-0.9574308,-0.85661525,-1.3958627,-1.3526003,-1.5512711,-1.5459602,-1.356391,-1.3262486,-1.4281833,-1.1334367,-0.66486835,-0.6137418,-1.5319757,-1.5135717,-1.0903978,-0.8526267,-0.6972697,-0.5719564,-0.832306,-1.1242781,-1.273583,-1.3162134,-1.4148576,-1.3155059,-1.1250017,-1.1457589,-1.3668199,-1.2959933,-1.1497269,-0.70025015,0.35460007,1.4062471,2.3218951,1.790695,1.615259,2.2497563,2.836274,2.8499267,2.8244376,2.7354658,2.7483284,2.7388594,2.7608883,2.6693282,2.3646188,1.5449654,1.005868,0.16399695,0.24803175,1.5592439,3.0045989,4.277123,5.1084366,6.3253384,7.255954,8.283655,8.922302,9.464758,9.884715,10.162293,10.150406,10.00478,9.728081,9.084041,8.483499,7.942926,6.381989,4.194091,1.6623039,0.56314754,0.06419402,-0.010637518,-0.30565464,-0.30222043,-0.43818378,-0.785598,-0.99606377,-1.7427893,-1.6569529,-1.5318958,-1.3161775,-1.2452685,-0.85168904,-0.2569036,0.30641812,0.68557525,0.28046095,-0.3389101,-0.96914256,-1.5804298,-1.9734366,-2.2905257,-2.449548,-2.4922514,-2.5350657,-2.7487655,-2.7733145,-2.8632088,-2.820837,-2.6010745,-1.8216285,-1.3134273,-0.9863907,-0.41893157,-0.07024887,-0.6764861,-0.6917933,-0.75759065,-0.8408638,-0.8290112,-0.4365148,0.7415175,1.7125292,1.319087,1.5581557,2.5720673,2.9709375,2.8416095,2.783789,2.8215337,2.8945494,2.7124078,2.3894713,1.8426569,1.0231364,0.22441676,-0.12912671,-0.54956186,-0.65497196,-0.79841006,-0.7853431,-0.58407575,-0.46563455,-0.35392398,-0.17229535,0.06440695,0.4576484,0.563034,0.113082916,-0.5308591,-0.9238527,-0.78938574,-0.6102463,-0.91296226,-1.4484925,-1.8091986,-1.7862492,-1.2822384,-1.1895156,-0.735774,0.043453723,0.36904025,0.29491895,-0.047648966,-0.2082046,-0.23827744,-0.20234178,-0.42172334,-0.66931593,-0.62105024,-0.6180934,-0.7456384,-1.1815016,-1.8289576,-2.475857,-3.0429761,-2.3693378,-1.633916,-0.7812414,-0.5822353,-0.59749067,-0.6686372,-0.622272,-0.60623956,-0.34786543,-0.1900397,-0.3451567,-0.15715039,-0.08923802,-0.18640044,-0.48413134,-0.8436371,-1.0763253,-2.0340273,-2.7125864,-2.8082616,-2.8394241,-2.8381214,-2.8597405,-2.84408,-2.8329496,-2.8536043,-2.7269301,-2.5610108,-2.404899,-2.3386877,-1.8601234,-1.1202242,-0.6741161,-0.04763566,-0.20249316,-0.49474835,-0.7176944,-0.82136595,-0.1972607,0.6567168,1.394313,2.1753938,2.560334,2.1690311,1.7365617,1.7031987,1.7461098,1.7000594,1.7390786,1.8279022,1.753066,1.2753991,0.82064396,0.06299835,-0.28626972,-0.29079658,-0.24634689,-0.338853,-0.62770784,0.35001037,0.35034844,0.3507224,0.35068896,0.35072112,0.3507166
-1.016837,-0.8296444,-0.8581984,-0.94433856,1.8679171,-0.874155,-1.0005413,-1.154547,-1.8697736,-2.7813036,-3.015005,-2.6232352,-1.8008965,-1.3292942,-0.92467767,-0.60105455,-0.5785501,-0.66302085,-0.9060708,-1.2752953,-1.6359748,-2.05267,-2.2111259,-2.1337438,-2.1937878,-2.1837993,-1.996065,-1.483846,-0.96743554,-0.58028644,0.11856626,0.23974006,0.14925334,0.054505467,0.14215729,0.32046032,0.38365299,0.14643663,-0.38072175,-0.8221712,-1.1481987,-1.2198391,-0.840312,-0.9728964,-1.4127038,-1.6111853,-1.6286683,-1.7904193,-2.1571555,-2.0565047,-1.8811145,-1.6726403,-1.8940705,-2.2955742,-2.236167,-1.6751974,-1.2405287,-1.0222367,-0.99824154,-0.8951404,-0.40587497,0.27899593,0.16463754,0.20400402,0.46596384,0.3365248,0.27451968,0.022552028,-0.13563919,-0.20378742,-0.15759987,-0.008735821,0.66653734,0.089144945,-0.8219012,-1.166409,-1.5346196,-1.5511713,-0.88420206,-0.73512477,-0.8016173,-0.94105417,-0.9514144,-1.0431709,-1.3191048,-1.2636803,-0.794061,0.0985651,0.059194207,-0.7022805,-0.7169075,-0.64150393,-0.71757174,-0.72853994,-0.7832059,-0.82427645,-0.627139,-0.07312253,0.091702014,0.106191956,0.08357981,0.092963636,0.08590026,0.09895918,-0.018007323,-0.34642473,-0.95833665,-1.4097345,-2.1953692,-2.5566509,-2.6464791,-2.5467205,-2.400185,-2.309948,-2.1248255,-1.9187162,-1.6108029,-1.3770888,-1.2117033,-1.1328919,-1.166924,-1.2529299,-1.3079636,-1.4379685,-1.6273186,-1.6873553,-1.4973512,-1.187644,-1.4354217,-0.93322647,-0.99617565,-1.246748,-1.2542835,-1.0224115,-1.1200156,-1.16081,-1.1122985,-1.3420091,-1.8050494,-2.350233,-2.3031318,-1.9323113,-2.1121616,-2.1066215,-2.26584,-2.3339863,-2.197641,-1.8124909,-1.4582074,-1.2300726,-1.1321634,-1.1256993,-1.0133483,-0.65111256,-0.15746242,-0.009900004,0.075152546,-0.22653934,-0.27407926,-0.4202943,-0.81857616,-1.1907377,-1.6962378,-2.046555,-1.9322047,-2.0621774,-1.9297817,-1.3972477,-0.86372626,-0.75433964,-1.0277952,-1.3441805,-1.4972346,-1.2744206,-1.1257476,-0.9783844,-0.5295103,-0.09989399,0.09669933,0.17904472,0.27291697,0.6264605,1.4158682,2.2128098,2.859373,2.2406638,1.1371617,0.2754936,-0.227515,-0.3400303,-0.40265214,-0.33584478,-0.1315226,0.21347268,0.24466565,0.10477221,-0.2632122,-0.45714235,-0.56954825,-0.7442609,-1.0716256,-1.3689368,-1.299961,-1.0943121,-0.7610785,-0.61931765,-0.54322255,-0.33523452,-0.124732286,-0.27299237,-0.063424736,0.45815384,0.81564856,0.9050498,0.9897013,1.2131549,1.5936217,1.8462921,2.0731058,2.653503,3.0551765,3.1421897,2.9690552,2.4613297,1.747724,0.7407193,-0.8400736,-1.2409756,-1.1953726,-1.415558,-1.8459576,-2.0794108,-2.1707268,-2.1786559,-2.1806242,-2.2187245,-2.4066045,-2.6384811,-2.439574,-2.3893778,-2.6492634,-2.9437113,-2.7813396,-2.4149706,-1.5897409,0.88520354,2.2326634,3.256708,3.8525786,4.7243366,5.301279,6.1939683,6.6980877,8.155441,8.924683,9.489011,9.680568,10.434314,10.823231,10.773604,10.779793,10.945322,10.994821,11.066995,11.08041,10.878393,10.488338,9.064783,5.497549,2.1925185,1.643122,1.7197976,1.4977113,1.1772144,1.1076256,0.92491543,0.51823556,0.46378145,0.67406166,0.82619625,0.97885823,0.7530776,0.8789393,1.297246,2.0980937,2.4280903,1.8680246,1.8680065,1.8679166,1.8679276,1.8679194,1.8679142
-1.6064888,-1.4591372,-1.2726672,-1.0745763,-2.2035089,-0.8763999,-0.6093666,-0.24427308,-0.08697391,-0.50113004,-0.5233944,0.04001589,0.76187515,1.31674,1.6359913,1.8969917,1.6613365,1.2727594,0.8744409,0.31907126,0.14539763,-0.23166555,-0.8810249,-1.8866909,-2.5933933,-2.7810755,-2.4677432,-1.7265699,-0.4064756,0.23774719,0.9559947,1.1304955,1.030852,0.90013635,1.0816017,1.1657135,0.5275322,-0.9402661,-2.2418785,-3.1020794,-3.347176,-3.0112567,-2.59243,-2.4612405,-2.4586794,-2.6119401,-3.1388874,-3.5171735,-3.680233,-3.2914824,-3.0247333,-2.8147612,-2.766837,-2.684288,-2.0841732,-1.365223,-1.1848959,-1.3415517,-1.4689037,-1.3761168,-0.7208324,0.114489235,0.21906713,-0.24702576,-0.7479608,-1.471403,-1.6262324,-1.6551553,-1.5918386,-1.2619567,-1.2810928,-0.9748916,-0.791276,-1.9698355,-2.671101,-2.6712618,-2.5445242,-1.7919343,-0.54993165,-0.49092403,-0.88160086,-1.2562174,-1.4654622,-1.6787066,-1.8667548,-1.4556402,-0.9378555,-0.8684081,-0.97045547,-1.2168319,-1.1037266,-1.16577,-1.3114219,-1.1290494,-0.9238472,-0.7318474,-0.16037123,0.5817982,0.819703,0.90216243,0.81301373,0.84081185,0.67470884,0.54147625,0.3275087,-0.09042479,-0.9115145,-1.5236881,-2.6533904,-3.1474097,-3.1637917,-2.9498272,-2.6752949,-2.4631386,-2.1871529,-1.9775631,-1.7708788,-1.6784503,-1.6187191,-1.6864684,-1.8396492,-2.0976582,-2.2482984,-2.4458249,-2.6670392,-2.8434258,-2.9260685,-2.9554632,-3.0429554,-2.8114383,-2.8276649,-2.6696434,-2.4745412,-2.2563014,-2.0765378,-2.06093,-1.9159136,-1.970624,-2.4180946,-2.6293092,-2.6295753,-2.8361115,-3.3580406,-3.7209368,-4.058921,-4.310083,-4.2499843,-4.063254,-3.9811769,-3.9233084,-3.80479,-3.635726,-3.2200665,-2.3937454,-1.7226727,-1.6896727,-1.7123109,-2.0754995,-2.0587108,-2.0527472,-2.1578722,-2.0428665,-2.5527954,-3.3211923,-3.1298935,-2.790267,-2.0687068,-1.4494208,-1.3969759,-1.482837,-1.7072963,-1.785078,-1.5354124,-1.1159933,-0.4428459,-0.38769323,0.22291422,0.95895886,1.1831586,1.0969286,0.6618207,0.17896312,-0.48599434,-1.0055598,-1.5102478,-2.355904,-3.2977867,-3.4819155,-2.9235737,-2.5327222,-2.2274263,-1.7616909,-1.1025498,-0.289079,0.20972766,0.34759244,0.38443515,0.61846966,0.7583958,0.71442753,0.38946223,0.37454808,0.6172988,0.75122166,0.46572107,-0.09514498,-0.34553254,-0.20105828,0.18551853,0.6364579,1.1613564,1.864145,2.8746727,3.5963988,4.1512465,4.8068495,6.023402,7.8060856,9.604221,11.059686,11.580884,11.545427,11.350984,10.581085,9.000663,6.529156,1.6770931,-1.1275072,-1.8986268,-2.9278164,-3.5749226,-3.8391623,-3.957903,-3.9629319,-3.9366608,-3.901411,-3.9861646,-4.2767434,-4.1512194,-3.941955,-3.9998865,-3.896463,-3.0348613,-1.859869,-1.3081402,-1.034059,-0.8143035,-0.5903007,-0.46999615,-0.2609751,-0.106737085,0.17287101,0.34771267,0.8918015,1.1333973,1.2957356,1.3302025,1.2349367,0.8441108,0.8219305,0.84781164,0.8634591,0.4982826,0.12854126,-0.10568591,-0.14378385,-0.11199259,0.32654798,0.16592386,-0.2506272,-0.4888867,-0.66865295,-0.7939311,-0.8570054,-0.80817497,-0.90085024,-1.1727877,-1.4153949,-1.6346099,-1.6574361,-1.6824807,-2.104515,-2.4855192,-2.4365366,-2.0766602,-2.1083488,-2.203455,-2.2034845,-2.2035072,-2.2035017,-2.2035058,-2.2035072
-3.2349777,-3.1489763,-3.1025434,-3.0716715,-1.3445774,-2.901904,-2.8311224,-2.8143191,-2.9656389,-3.0354218,-2.6658657,-2.2960663,-2.0698373,-2.0864825,-2.175154,-2.261645,-2.022798,-1.7585112,-1.5268688,-1.1131656,-1.1655514,-0.8997108,-0.51466596,-0.5426923,-0.987539,-1.551532,-2.2097483,-2.6326017,-2.992823,-2.473117,-2.3210812,-2.5145757,-2.888735,-3.004183,-2.9746928,-2.8398566,-3.1903358,-3.6866164,-3.8003185,-3.6752777,-2.8722854,-2.548619,-2.607996,-2.8280194,-2.7227244,-2.3056414,-2.0920582,-1.5816905,-0.95225626,-0.9482682,-1.0887569,-0.98236746,-0.9188612,-0.9482242,-0.8601413,-0.3586759,0.06556702,0.031157136,-0.09682292,-0.3100235,-0.8121135,-1.6862317,-2.356439,-2.8106399,-2.865981,-3.301298,-3.623705,-3.689022,-3.7119842,-3.7223783,-3.5827851,-3.299241,-2.9312387,-0.8556749,0.0720975,0.35450703,-0.04011804,-0.89966834,-1.4311886,-1.5718992,-1.5590922,-1.4804057,-1.3891921,-1.420318,-1.8880048,-2.2737525,-2.36186,-2.2926478,-1.8656994,-1.1162646,-1.2040632,-2.1309855,-2.7534978,-2.8966885,-2.5406713,-2.4072325,-2.4333231,-2.28974,-2.2791386,-2.248859,-2.2563038,-2.1830337,-1.9944215,-1.6213765,-1.2287688,-1.0501844,-1.0665133,-1.382576,-1.8987285,-2.3705099,-2.6230693,-2.6847243,-2.6223187,-2.5497441,-2.5288508,-2.5165663,-2.471778,-2.4223356,-2.4117522,-2.478061,-2.4838605,-2.4975321,-2.395729,-2.3318071,-2.4668977,-2.6993604,-2.6764097,-2.3997443,-2.3690763,-2.5127149,-2.5083132,-2.1658816,-1.8474033,-1.6635871,-1.4529281,-1.3023155,-0.62247527,-0.40555584,-1.2628524,-2.0714161,-2.7429564,-2.0872352,-0.9333107,-0.58557534,-0.37042436,-0.544213,-1.1818085,-1.4795432,-1.5096538,-1.461503,-1.3248506,-1.085949,-0.7891778,-0.5093857,-0.24352646,-0.19059692,-0.5939641,-1.1200135,-1.372983,-1.6616123,-2.2512681,-2.3425024,-0.8199317,0.40686738,0.13451055,-0.41710395,-1.082541,-1.9001684,-2.3893642,-2.455265,-2.2320335,-1.9825509,-1.8315115,-1.8819461,-1.7526922,-1.7386892,-1.863559,-1.8007706,-1.8256748,-1.9940597,-2.163515,-2.335508,-2.0781171,-1.524633,-0.7842656,-0.101643085,-0.0791318,-0.5681704,-1.1554956,-1.1736889,-1.2837656,-1.4257863,-1.5473402,-1.6521766,-1.8778033,-2.0606995,-2.12666,-2.1709177,-2.1872454,-2.0161757,-1.688138,-1.4940444,-1.5944616,-1.7168112,-2.0174413,-2.2539256,-2.480388,-2.6249452,-2.338256,-1.891238,-1.8140163,-1.859021,-1.956637,-2.0472844,-2.0579584,-1.9487221,-1.6150284,-1.3528285,-1.1636484,-0.8618023,-0.534413,-0.2737468,-0.0941681,0.14834103,0.26328138,0.387698,-0.5585876,-1.1055763,-0.90996295,-0.4888603,-0.36883673,-0.26956522,-0.13824835,-0.046731908,0.017094016,0.08007069,0.2772313,-0.2429772,-0.38407582,-0.30303627,-0.3646118,-0.64073604,-0.6880748,-0.18852305,0.23705615,-0.59014255,-0.96471727,-1.162868,-1.2049975,-1.3159627,-1.413216,-1.4468697,-1.5136076,-1.7581437,-1.884656,-1.8716631,-1.8512005,-1.7590611,-1.5845284,-1.5585966,-1.5743468,-1.5490172,-1.5727446,-1.6043768,-1.6427034,-1.617829,-1.6704401,-1.3062545,-1.9868078,-2.6319823,-2.9086428,-3.1433733,-3.2293224,-3.2192488,-3.222929,-3.1811326,-3.044632,-2.9380336,-2.8903222,-2.5821643,-2.322174,-1.5766323,-0.9677206,-0.6155554,-1.6920938,-2.1630445,-1.3442743,-1.3444216,-1.3445073,-1.3444908,-1.3444976,-1.3444893
-1.1514411,-1.1700155,-1.2182515,-1.2840714,-3.6459315,-1.2417183,-1.3243885,-1.4201921,-1.406218,-1.2026907,-1.1395442,-1.0950489,-1.1981804,-1.3244104,-1.2692266,-1.273685,-1.2428119,-1.3792357,-1.6076286,-1.8992815,-1.7214398,-1.7658739,-1.5061835,-1.1555337,-0.8717775,-1.0047052,-1.4734759,-2.0777543,-2.3719084,-2.6395898,-2.953673,-2.5816002,-2.170364,-1.8541734,-1.7000502,-1.76219,-1.6099541,-1.3188943,-1.268893,-1.3229811,-1.1605732,-0.87250245,-0.86771965,-0.98798716,-0.95603484,-0.8481864,-0.7900617,-0.70819414,-0.5086013,-0.43651628,-0.54650605,-0.7958608,-0.91781163,-0.8265463,-0.60826737,-0.5124676,-0.5279871,-0.20814013,-0.13055626,-0.21776938,-0.6730782,-0.7897002,-0.59543234,-0.91952205,-1.5190556,-1.3493935,-1.2956903,-1.3623997,-1.2685645,-1.2041621,-1.2742763,-1.3041239,-1.3764937,-1.1488332,-0.97867674,-1.3620411,-1.6701403,-1.8398125,-1.6329161,-0.93788135,-0.54750746,-0.43057147,-0.46056354,-0.41497633,-0.19670975,-0.15533671,-0.29309827,-0.9998434,-1.2614962,-1.0404971,-1.5274452,-1.8937703,-2.0621996,-2.3209634,-2.2360299,-2.1004288,-2.242708,-2.4891083,-2.458798,-2.391542,-2.3313422,-2.4813123,-2.6498747,-2.8826137,-3.0330603,-2.9317687,-2.3503728,-1.6966953,-1.1995789,-0.88975656,-0.9733422,-1.1634258,-1.331382,-1.3448026,-1.4354422,-1.5183597,-1.727511,-1.9592977,-2.1570172,-2.253498,-2.2753341,-2.168656,-2.1162188,-2.02712,-1.7477491,-1.4519646,-1.3992945,-1.5273495,-1.4005898,-1.2275574,-0.9476263,-0.752362,-0.55903137,-0.65121436,-0.5646143,-0.60654324,-0.5428363,-0.40862167,-0.117476225,-0.031834304,-0.4446482,-1.5695912,-2.1677575,-2.0545785,-1.8501825,-1.7000656,-1.5692867,-1.564847,-1.5359375,-1.4066377,-1.0564816,-0.70165944,-0.47088575,-0.29278597,-0.09197359,-0.054127246,0.14534304,0.37067467,0.7661903,1.0511227,1.2496188,0.740348,-0.37914455,-1.498836,-1.1877491,-0.5248624,-0.1363679,-0.039591357,0.79286456,1.1909587,1.3029264,1.0795219,0.55151623,0.094438076,-0.16774987,-0.6848959,-1.3114135,-1.5305884,-1.6623199,-1.819959,-2.1862159,-2.5939007,-2.8568764,-2.8647127,-2.8134704,-2.29675,-1.69977,-1.2353969,-1.0090737,-1.0410619,-1.0877696,-1.1789447,-1.3208331,-1.4041493,-1.3447176,-1.3027804,-1.3545465,-1.4840052,-1.5540109,-1.6546155,-1.7837734,-1.6921762,-1.3856398,-1.2565802,-1.1348697,-1.0425246,-1.1977739,-1.5545044,-1.619301,-1.2343199,-1.4534595,-1.9542134,-1.9219229,-1.636694,-1.3666271,-1.218284,-1.0578136,-0.9374333,-1.0357537,-1.0517738,-1.3660985,-1.669985,-1.8016104,-1.9387201,-2.0519176,-2.1827314,-1.9400976,-2.1261573,-2.6764245,-3.4276567,-3.4695487,-3.4028132,-3.198462,-3.0644648,-3.011832,-2.8116767,-2.7097647,-2.2668657,-1.897836,-1.5286232,-1.1758727,-0.84982634,-0.70832855,-0.63252354,-0.5312303,-0.5045472,-0.52825403,-0.5229356,-0.5261376,-0.43371636,-0.38677207,-0.33488572,-0.44920695,-0.5280738,-0.5778899,-0.72201663,-0.79127795,-1.2697878,-2.0567427,-2.092245,-2.3313751,-2.621926,-2.2627108,-1.7055845,-1.1487722,-0.7439054,-0.61902785,-1.178642,-2.2609499,-2.4442503,-2.401674,-2.360445,-2.4039433,-2.401321,-2.3826792,-2.38301,-2.4616723,-2.5023742,-2.444496,-2.348158,-2.1349907,-2.087517,-2.2750819,-2.3591926,-2.485608,-2.4369533,-3.6458337,-3.6459336,-3.6460104,-3.6460104,-3.64602,-3.6460226
-3.5457654,-3.6123304,-3.5044618,-3.313044,-4.984993,-3.0840752,-2.7655492,-2.2250237,-1.2667779,-1.0449584,-0.8493592,-0.09524663,0.6284275,1.1585512,1.5011293,1.8583555,2.053854,1.9353647,1.7018318,1.2337873,0.9542721,0.43976852,-0.50564605,-2.41993,-3.5775537,-4.159247,-4.195486,-3.8327036,-3.2879968,-2.6045334,-1.886605,-1.9712024,-2.4099708,-2.7412124,-2.8705673,-3.0688457,-3.614029,-4.3815374,-4.882399,-4.812575,-4.2595377,-3.5886567,-3.1721005,-3.0384083,-2.544595,-2.2000577,-2.5485857,-2.8454247,-3.046444,-3.1565151,-3.2572906,-3.3669438,-3.458311,-3.4844093,-3.3581638,-3.1225147,-3.2310486,-3.2970996,-3.3343234,-3.2339706,-2.9942465,-2.7354798,-2.9670372,-3.8040812,-4.0516834,-4.574177,-4.654421,-4.5178194,-4.42008,-4.119861,-3.8382754,-3.0764217,-2.7968984,-3.1098168,-3.2024496,-2.9499235,-2.82206,-2.2269778,-1.4509848,-1.5469478,-1.8934519,-2.234718,-2.417017,-2.616201,-3.001741,-3.1658945,-3.1522467,-3.3621075,-3.6703465,-3.949598,-4.1538773,-3.979165,-4.01215,-3.9095626,-3.9291697,-3.7297206,-3.156208,-2.4236069,-2.1970463,-2.133307,-2.2468472,-2.3328624,-2.6048331,-2.7771325,-2.947905,-3.3921928,-4.1208973,-4.426847,-4.7977705,-4.882315,-4.490336,-4.056628,-3.6745572,-3.3618927,-2.9470615,-2.7188845,-2.5868378,-2.5922651,-2.616723,-2.6631706,-2.7430058,-2.8158512,-2.7696912,-2.8288748,-3.0116386,-3.177814,-3.2294078,-3.6214213,-4.217162,-4.923525,-5.1725373,-5.1552916,-5.003456,-4.9673195,-4.7294607,-4.6355495,-4.30569,-4.1220174,-4.548838,-4.7263126,-4.4860544,-4.509666,-4.815271,-4.845642,-4.651258,-4.564515,-4.564388,-4.557822,-4.7514706,-4.973737,-5.147404,-5.2124224,-5.100644,-4.6278872,-3.9376364,-3.7174482,-3.6107328,-3.6696978,-3.3907008,-3.069174,-2.8322124,-2.4876814,-3.0665991,-3.4907384,-3.079171,-2.6709185,-2.5321302,-2.3554592,-2.2942708,-2.327816,-2.6004343,-2.8514125,-2.9031587,-2.9046693,-2.8694127,-2.800013,-2.4024138,-1.8896661,-1.8497865,-2.0638316,-2.5441234,-3.0810857,-3.5604923,-3.8582268,-3.9112582,-3.792439,-3.9189138,-3.7442513,-2.7003703,-1.8745625,-1.1575106,-0.34932616,0.47875142,1.2800151,1.8315146,2.1042628,2.2045527,2.4076595,2.460483,2.2818851,2.0053601,1.8245218,1.7599041,1.4540856,0.25719312,-1.242717,-2.2217417,-2.8161218,-2.6845405,-2.0779674,-1.7388961,-1.598671,-1.4360322,-1.3822054,-1.6213374,-1.8545848,-1.7853029,-1.684779,-1.3971672,-0.77062243,-0.37174278,-0.24819753,-0.16671254,-0.4649175,-1.1448901,-1.9747766,-3.4169095,-3.7692978,-3.6329541,-3.79776,-3.9503164,-4.095992,-4.1508083,-4.1371036,-4.093825,-3.989085,-4.0315294,-4.529195,-4.3526173,-3.948997,-3.804942,-3.7151573,-3.1435654,-2.3670313,-2.345388,-2.9690907,-3.0701308,-3.1171904,-3.1186152,-3.0956578,-3.0851474,-3.012136,-2.9340305,-2.9562485,-3.0934439,-3.274262,-3.3218622,-3.5594168,-3.871952,-3.8229694,-3.6782598,-3.5086093,-3.6163592,-3.789039,-4.0194216,-3.7810874,-3.4850464,-2.999048,-3.4480972,-3.8119462,-4.0712147,-4.376965,-4.411333,-4.403165,-4.3385777,-4.3244805,-4.3450055,-4.4837008,-4.816881,-4.911503,-5.072812,-5.477302,-5.8706036,-5.822497,-5.774457,-5.9521313,-4.9852743,-4.9850664,-4.984931,-4.984932,-4.9849243,-4.984926
0.87884516,1.0032991,0.9909102,0.99059963,0.41278893,1.0737766,1.0157425,0.95794547,0.6223249,0.87931526,1.8249071,1.9496267,2.1636932,2.3437757,2.5540428,2.882719,2.7866626,2.7616599,2.5220325,1.6857529,0.6642069,-0.25999942,-1.4844661,-1.9704809,-1.881988,-1.5086523,-0.8562109,-0.124915555,0.19208288,0.9628131,2.8235633,4.0663433,5.0926757,5.815551,6.855048,7.8871155,9.338382,10.338944,10.856671,10.593882,9.08782,6.3599253,4.2751865,3.4581847,2.0353923,0.52547,-0.3168885,-1.3301986,-1.7063578,-1.4883897,-1.103028,-0.656427,-0.60974866,-0.8154422,-0.73850775,-0.5494275,-0.32509562,-0.28951254,-0.25390318,-0.11064534,0.55839264,1.1537714,0.92877245,1.3907098,2.5229642,3.367358,3.8368685,3.9753757,4.0163994,4.4007707,4.044286,4.0431967,4.291354,2.372364,1.1696174,0.93775386,0.6374067,0.2095016,0.66132486,0.84466386,0.8254015,0.89022803,0.9114956,1.1549077,2.815704,5.91862,8.363556,10.211756,11.189251,10.700418,9.051907,6.3376374,4.30334,2.0708568,0.9047016,0.58470374,1.0610638,1.9126518,2.1499271,2.1990213,2.267504,2.400717,2.4704351,2.6137924,2.5591326,2.2013078,1.2844037,0.5304247,-0.46367353,-0.78196335,-0.7522678,-0.6657244,-0.49825805,-0.30939755,-0.12702392,0.13297972,0.6398212,1.0372815,1.4152603,1.7420995,1.9448509,2.0123408,1.8960259,1.7021818,1.314497,0.82373726,0.78510517,0.9495995,0.38625842,0.13153265,-0.13682918,-0.26078478,-0.1622635,-0.01390025,0.037849933,0.07387131,0.27428362,0.4566828,-0.027563266,0.12564668,0.57331437,1.2086244,1.4866214,1.5040495,1.1201367,0.69055235,-0.06291699,-0.7936537,-1.1542268,-1.3122958,-1.4133244,-1.3770597,-0.82410115,0.21515426,0.8387296,0.7772135,0.7163931,0.28777468,-0.061905444,-0.37474713,-0.45021343,0.23296884,0.88471514,0.97269297,1.0699501,0.31294876,-0.43816686,-0.062812895,0.3376106,0.3771957,0.3688234,0.44601932,0.5724256,0.6794265,0.18448089,0.016870141,0.7792061,1.1996559,1.3790963,1.5586123,1.7883751,2.0577362,1.5205705,0.8898698,0.14612138,-1.0030017,-1.7722545,-1.8432136,-0.76990616,-0.22197318,0.10151844,0.69993746,1.5907974,2.313276,2.5354042,2.6612678,2.69858,2.6423771,2.6065164,2.3785026,1.8304696,0.6468369,-0.10597275,-0.53338975,-0.70489717,-0.6686308,-0.49949795,-0.24706808,-0.57171226,-1.1134967,-0.50143474,0.7100427,1.8064404,2.0950108,2.1417425,2.1516757,2.0638866,1.4493067,0.69079095,0.8444968,1.473463,1.7867211,1.8149313,1.6018722,1.0429305,0.3914518,-0.24461511,-0.1339338,-0.04973805,0.19396774,-0.02113805,-0.2999312,-0.5829022,-0.769335,-0.6975187,-0.49273747,-0.12978794,0.46423873,0.7487783,0.4961908,-0.08013621,-0.79329395,-1.170601,-1.1404321,-1.0751097,-0.7085745,-0.5463053,-0.39142567,-0.30983928,-0.1588676,-0.055830076,0.1439439,0.26802337,0.5225508,0.52188516,0.80632436,0.88268054,0.8862658,0.8619588,0.78644854,1.3737607,2.6141841,2.8332963,2.991342,3.136949,3.088326,2.8046067,3.314989,3.7040596,3.2823167,2.8982477,2.7299857,2.5411096,2.3635821,2.228768,2.1195595,1.8552418,1.6555173,1.3627973,1.0667597,0.6964334,0.09209041,-0.24802151,-0.45596033,-0.16231644,-0.009833217,0.41185954,0.4124455,0.41279674,0.41277638,0.4127972,0.41278225
-1.7467518,-1.9152851,-2.1134176,-2.2511542,-2.0126953,-2.4847157,-2.7014737,-2.7825747,-2.4220939,-1.4472232,-1.1477923,-1.1544937,-1.1754293,-1.5869769,-1.6273801,-1.5681593,-1.5055265,-1.3034861,-0.8693188,0.18636413,1.2668004,2.5431871,4.0652666,5.176323,5.655923,5.7741413,5.814412,5.6295238,4.2567205,1.8447138,0.044751935,-0.42634678,-0.51441133,-0.48036394,-0.6524432,-0.9462472,-1.4424783,-1.6701071,-1.5416262,-1.4174881,-0.83380616,-0.1506115,-0.06626469,-0.26108146,-0.4264069,-0.6241686,-0.5784183,-0.64014775,-0.71468353,-0.3255557,-0.19348401,-0.1934489,0.13829139,0.64372903,1.2537371,1.5804174,1.5378485,1.601804,1.4949086,1.3994257,1.1780922,0.96752435,0.69599634,-0.43231738,-1.1459929,-0.9529125,-0.9431252,-0.9626721,-0.84961706,-0.7698858,-0.7243208,-0.8912012,-1.3383833,-0.7217031,0.07178828,0.2906577,0.48090416,-0.058244854,-1.0606039,-0.9538529,-0.6288137,-0.48477548,-0.49624038,-0.4863599,-0.4525824,-0.6797205,-0.5761311,-0.20286953,0.26473677,0.9700942,0.42688707,-0.005439371,0.101316676,0.10851712,0.27671987,0.37826782,0.15583095,-0.3505205,-0.4326305,-0.48342654,-0.45247325,-0.5695337,-0.6375287,-0.733351,-0.64071375,-0.34220734,0.13463975,-0.089648746,-0.12035011,0.04266286,-0.11727099,-0.20232382,-0.38080966,-0.5260408,-0.45761955,-0.44940346,-0.4477903,-0.58699375,-0.6835133,-0.862744,-1.1019795,-1.5724094,-1.7136462,-1.7929764,-1.7258983,-1.3779895,-1.4110693,-1.3992285,-0.851518,-0.71209943,-0.73647034,-0.8949277,-0.8800606,-1.012321,-1.1600571,-1.2247206,-1.3742776,-1.3667991,-0.6641919,-0.8497429,-0.87862706,-0.7827916,-0.6429442,-0.238337,0.58074987,2.3094692,4.84995,6.174716,6.701185,7.136875,8.053994,8.733156,9.654116,10.95805,11.809198,12.10548,12.264664,12.268305,12.364092,12.480521,12.432829,10.845047,6.6860304,1.6640687,0.24157925,0.10946603,0.13317156,0.16048864,1.0435921,1.3374357,1.3390969,1.041084,0.48165405,0.09327236,-0.059922606,-0.35164312,-0.74586594,-0.77191186,-0.64128304,-0.6683568,-0.79281044,-1.0738915,-1.4121363,-1.4874187,-1.6468282,-1.9113979,-2.075632,-2.1514578,-2.0003963,-1.5172086,-1.0217521,-0.751153,-0.80183536,-0.71391857,-0.40214586,-0.33015007,-0.13605435,0.04980986,0.15998417,0.8861032,2.39514,5.623664,8.1459675,9.69651,10.686479,11.237537,11.276741,10.806147,9.771943,8.438765,6.231185,3.363526,1.3126979,0.82585967,0.76852196,0.6297032,0.41690594,0.09078406,-0.68621504,-1.4067166,-1.994976,-2.3423347,-2.4131365,-2.2447004,-1.8273585,-1.4188589,-1.2018557,-1.6636498,-1.9194723,-2.4633164,-2.462242,-2.3662958,-2.2581406,-2.2076526,-2.1846967,-2.1469047,-2.1635098,-1.974545,-1.8950537,-1.639029,-1.3966597,-1.3355106,-1.5755844,-1.981449,-1.716739,-0.73196393,-0.5018319,-0.47395515,-0.48225057,-0.4458184,-0.46563983,-0.46947405,-0.71971107,-0.7807715,-0.7265627,-0.68792427,-0.58515286,-0.43201852,-0.7079625,-0.65499854,-0.5633638,-0.29049784,0.40373653,1.2397497,1.7292166,2.0382147,1.633718,0.19364274,-0.5459591,-0.4419936,-0.4108924,-0.40079147,-0.40138608,-0.38063386,-0.3933434,-0.36588416,-0.4877597,-0.7969588,-1.2143449,-1.4357064,-1.4489388,-1.358973,-1.1407712,-1.4402478,-1.8423625,-1.798356,-2.0122771,-2.0126133,-2.0127313,-2.0127318,-2.012737,-2.0127244
-1.7585151,-1.7592924,-1.6122317,-1.4303993,-2.628328,-1.344512,-1.0999687,-0.77423364,-0.04401902,0.36904648,0.5831977,1.0326238,1.3729657,1.4800333,1.5607061,1.578582,1.9655771,2.2497003,2.32302,2.0083706,1.6022712,0.91117334,0.34691447,-0.67184246,-1.4432447,-2.1663013,-2.822271,-3.2688148,-3.258596,-2.5026045,-2.2037542,-2.2008214,-2.4222682,-2.481634,-2.493801,-2.549731,-2.7219758,-2.8823137,-2.7960322,-2.5146472,-1.9075147,-0.9950644,-0.4232259,-0.13937068,0.40056568,0.8169223,0.6011244,0.5214063,0.075524844,-1.249308,-2.2019813,-2.7854905,-2.8440359,-2.7278345,-2.7057743,-2.6229737,-2.77287,-2.7810178,-2.7048533,-2.6369455,-2.4402773,-2.1186342,-1.8730412,-2.0782838,-2.3339334,-2.6784427,-2.7590022,-2.6945403,-2.6280787,-2.4757614,-2.2734456,-1.6523015,-1.3503989,-0.7183026,-0.3108964,-0.20269373,-0.44511285,-0.7667172,-0.5090115,-0.33855137,-0.46547735,-0.6925754,-0.8608536,-1.1152693,-1.7298245,-2.2469163,-2.3791144,-2.5413294,-2.7633073,-2.3746192,-2.1284094,-2.4054368,-2.8300843,-3.1235387,-3.0208955,-2.8720284,-2.680095,-2.295041,-2.0905402,-1.9472587,-1.974706,-2.0099173,-2.0463977,-1.9854158,-1.9696746,-2.1493933,-2.5134523,-2.5207283,-2.4728415,-2.6811216,-2.9267085,-2.9817643,-2.9691086,-2.908815,-2.927445,-2.9699702,-3.0972295,-3.2566717,-3.3443155,-3.3552375,-3.3270369,-3.2321272,-3.1229057,-3.0563095,-3.0561495,-3.0942616,-2.9103785,-2.5717587,-2.3782535,-2.5805154,-2.6702633,-2.6316638,-2.3980088,-2.326974,-2.000145,-1.7258213,-1.2309611,-1.0551386,-1.200911,-1.7794907,-2.1024432,-1.9432036,-2.1675205,-2.0521033,-1.412535,-0.93198717,-0.89233816,-0.9782725,-1.204457,-1.423138,-1.5372937,-1.676102,-1.8206776,-1.5613246,-1.1317918,-1.1115919,-1.190935,-1.3562037,-1.227945,-1.2629097,-1.4735585,-1.5440668,-1.3089547,-1.2249658,-0.5749318,0.34707224,0.6004598,-0.16429144,-0.52871454,-0.55349517,-0.84058666,-1.194102,-1.523192,-1.6686257,-1.1183854,-0.7095854,-0.7921736,-0.76406395,-0.83455837,-1.0734628,-1.5275668,-2.1438725,-2.6173854,-2.7414846,-2.6200461,-2.1274924,-1.7961683,-1.4045571,-1.0518599,-0.68482184,-0.1399295,0.4739146,0.822322,1.2286855,1.749836,2.0187807,2.2792125,2.2196941,2.1018476,2.360427,2.8212185,2.782424,1.9099932,0.94828427,0.21774742,-0.43062216,-0.9946526,-1.4855777,-1.560072,-1.1168916,-1.0220888,-1.2312557,-1.3899357,-1.4364359,-1.5363926,-1.668877,-1.7140071,-1.8499327,-1.8453848,-1.4857551,-1.0976747,-0.842302,-0.6849279,-0.6935806,-0.8458191,-1.2532378,-1.8390806,-2.337024,-2.057388,-1.7044356,-1.4523,-1.4886069,-1.5212216,-1.6499016,-1.8283323,-1.9333093,-1.8459053,-1.928427,-1.7020757,-1.4569874,-1.4600356,-1.7274566,-1.6909814,-1.3635831,-1.3789022,-2.0358725,-2.1685,-2.2375546,-2.2532773,-2.2191916,-2.1884053,-2.0813658,-1.9779239,-1.8216324,-1.7057118,-1.6766225,-1.6958342,-1.744589,-1.8960497,-1.8543246,-1.946311,-2.12645,-2.1769621,-2.3303437,-2.4391246,-2.3998282,-2.318401,-1.8083631,-2.130706,-2.468983,-2.5997484,-2.7943978,-2.8616178,-2.8738375,-2.8644707,-2.8019202,-2.7263913,-2.8199005,-3.1364598,-3.1609852,-3.056402,-2.9260464,-2.8842995,-2.9316351,-3.1434407,-3.2821922,-2.6286373,-2.6283932,-2.6282997,-2.628289,-2.628289,-2.628294
-0.14850715,-0.20258464,-0.24705526,-0.36502,-0.8003135,-0.6432247,-0.75848854,-0.94790214,-1.2921889,-1.0366062,-0.5555252,-0.3788662,-0.30786815,-0.12312718,-0.27962378,-0.49603623,-0.28678417,0.24083269,1.3859066,3.647746,5.3170757,7.256388,8.676842,9.69656,10.027364,10.1616535,9.947581,9.615022,8.453489,6.2728653,3.363695,2.0662313,1.9446306,2.0963058,1.8478603,1.7073917,1.7037594,1.0355835,0.64101183,0.35950065,0.48780835,0.5358045,0.46845692,0.46194613,0.28856602,0.0461898,-0.01106225,-0.29935017,-0.46412018,-0.323672,0.045678064,0.1666747,0.26060328,0.6015319,1.3258846,1.9741426,2.6864529,3.3617375,3.7193758,3.8775318,3.049238,2.157609,2.3555074,2.272694,0.90245306,0.20206805,-0.032913506,-0.11743119,0.13097551,0.004879564,-0.091558024,-0.19446562,-0.11863248,1.046142,1.1971377,0.9142814,1.1751233,0.88358325,-0.37354308,-0.6620102,-0.155564,0.32319027,0.57181823,0.76557547,0.8886492,0.6277098,0.29519868,0.8724905,2.488042,4.876153,7.1080046,8.289484,8.537155,8.198044,7.5086913,6.7716327,5.479536,3.4875612,2.6930737,2.383575,2.5259998,2.486908,2.6361315,2.9380522,3.9121327,5.4623365,7.662506,8.659849,9.511361,9.555346,9.409113,9.206945,8.891745,8.603386,8.224316,7.8627505,7.259391,6.683565,6.1375437,5.444912,4.6506844,3.300058,2.7023327,2.4325552,2.007067,1.7608576,1.1514003,0.40055338,0.62829334,0.68631154,0.83557945,1.4019282,1.8320417,1.9708035,2.2629964,2.3320775,2.6086159,3.5067067,4.411989,4.3481045,3.6623273,2.2826974,1.0614595,0.17111047,-0.33370867,-0.23192331,0.72981393,1.1683279,1.074702,0.9860148,1.4480681,1.8899456,2.4506624,2.8479366,2.9001622,2.996664,2.9622455,2.8916779,2.888277,2.9844213,2.7555761,1.7086952,1.5320513,0.6292704,-0.28266054,0.1849711,0.6083945,0.32376364,0.436743,0.6789853,0.84967536,0.7606998,0.15050748,-0.37815496,-0.4572729,0.1744236,0.18689859,0.16267686,0.40976462,0.8235564,1.5653229,3.077229,5.615316,6.967329,8.233767,9.661766,10.3580475,10.374569,9.383421,8.533494,7.121807,5.0424128,2.723655,0.90762454,-0.23391524,-0.71778405,-0.95566034,-0.9748713,-0.9815786,-0.8978215,-0.8142916,-0.56074715,0.0070830286,0.8175616,1.682706,2.3199008,2.4393947,2.2127643,1.6556529,1.3740877,1.457341,1.3435853,1.1173084,1.216723,1.4068048,1.4205542,1.1954719,0.9877882,0.7734731,0.6523801,1.61195,2.5664577,3.475523,5.4764595,7.9116545,9.892681,10.370591,9.298073,8.250374,5.9700413,4.541108,3.426069,2.5968394,2.2574792,2.0640154,1.4638608,0.73791903,0.5830084,0.14852852,0.35488507,1.2856553,2.616026,2.6880467,1.5994749,0.6721377,0.9368587,0.8488246,0.7496435,0.7082805,0.6396895,0.5703218,0.5578583,0.5391086,0.4627582,0.4864763,0.49933192,0.53004587,0.7357912,1.1905107,1.3258722,1.3482374,0.51504856,0.25002915,0.6726413,1.1603014,1.5380598,1.6243035,1.2436435,1.4139746,1.6288896,1.7170484,1.7766179,1.7356236,1.7468181,1.7594569,1.9322063,1.8645835,1.6987619,1.1769012,0.7355137,0.29734987,0.22887245,0.57325697,0.5599027,-0.02142394,-0.13681325,-0.79989827,-0.80024713,-0.80034953,-0.8003626,-0.80036664,-0.80036104
-2.1426713,-2.2050874,-2.250125,-2.1486454,-0.742831,-2.0500443,-1.9021546,-1.6758689,-0.9929791,-0.85356766,-0.89578915,-0.6222694,-0.49398965,-0.60706115,-0.70809674,-0.7335466,-0.65141237,-0.6248814,-0.72206926,-0.85995764,-0.99866885,-0.9313997,-1.0227666,-1.6347814,-2.1858046,-2.4108546,-2.405095,-2.2746255,-2.2370856,-1.9524667,-1.8977703,-2.085854,-2.3779893,-2.4589005,-2.2579892,-1.9887714,-1.7667286,-1.3261888,-0.85556626,-0.3065165,0.58118784,0.67911166,-0.0077192783,-0.52974594,-0.28019726,0.23010823,0.2755707,0.44918615,0.8477179,0.6363978,0.28012696,0.07779786,-0.029222727,-0.04474105,-0.19104403,-0.8687431,-1.3370059,-1.4797516,-1.3068752,-0.85735613,0.124085516,1.0055745,0.37494376,0.18046784,0.61192334,0.26341102,0.014282286,-0.12670922,-0.29240316,-0.37833047,-0.3141629,-0.1276229,0.05176997,-0.13844207,-0.97781503,-1.2961724,-1.8633728,-2.093189,-1.31318,-0.9396304,-1.0045903,-1.1266737,-1.1467214,-1.2416012,-1.5356181,-1.6550264,-1.7043779,-1.8785781,-1.1076202,-0.9215511,-1.337992,-2.135312,-2.472354,-2.5442424,-2.486071,-2.458425,-2.3964958,-2.2893524,-2.3634543,-2.501502,-2.5702834,-2.5727975,-2.5430737,-2.4686725,-2.5195808,-2.787117,-3.0155435,-2.9055448,-3.0335093,-3.2784638,-3.2069995,-3.1044812,-3.001343,-2.8930478,-2.6892493,-2.5467982,-2.357995,-2.222254,-2.207224,-2.1980126,-2.1599023,-2.0428991,-1.9835227,-1.9899454,-1.8265936,-1.6429712,-1.6239576,-1.5494335,-2.1654296,-2.3415704,-1.9585729,-1.3838471,-1.2007914,-1.0644257,-0.9546946,-0.8983977,-0.47092855,-0.5169816,-1.8973746,-2.593154,-2.8701727,-2.4265456,-1.7568433,-1.3435898,-1.3784552,-1.7257192,-2.447948,-2.7379863,-2.8074162,-2.9027228,-3.2322485,-3.4076774,-3.320072,-2.923645,-2.239277,-2.100934,-2.1952064,-2.4692879,-2.668357,-2.7194138,-2.669124,-2.302443,-1.9450825,-1.4670353,-1.4112551,-2.0224514,-1.513675,-1.0562944,-0.9249557,-0.97939086,-0.97598046,-0.88090074,-0.87821174,-1.2167109,-1.7881289,-2.2731202,-2.5634236,-2.555026,-2.6825485,-2.8352666,-2.9479537,-3.1144323,-3.1825502,-3.0966277,-2.8225517,-2.5327625,-2.0974889,-1.7336028,-0.87688196,-0.4193497,-0.17530164,-0.09587446,0.011811316,-0.10626674,-0.36844224,-0.49401665,-0.58325285,-0.70885307,-0.77903175,-0.7818216,-0.64849246,-0.55876994,-0.5431754,-0.31160903,-0.7525099,-1.5262132,-2.074851,-2.4477937,-2.5450044,-2.3287244,-2.3355515,-2.4953213,-2.705562,-2.7701478,-2.7560086,-2.6243284,-2.4962106,-2.6798217,-3.0744433,-3.0414476,-2.9552543,-2.7986698,-2.6818118,-2.4889913,-2.293194,-2.2288504,-2.707861,-2.2549229,-1.5778503,-0.052928746,1.2502668,2.5015714,3.6573253,4.383661,4.916354,5.811737,7.83409,9.283766,10.738678,11.250387,11.471289,11.415774,10.934568,9.739719,5.4700794,-0.32462484,-1.5665283,-2.0864336,-2.3388088,-2.706987,-2.9837224,-3.172985,-3.2523398,-3.4078524,-3.5567243,-3.6389427,-3.6198773,-3.3766289,-2.957889,-2.9543269,-2.9329948,-2.188943,-1.9604146,-2.1424756,-2.4326553,-2.299953,-2.1891668,-2.2248435,-3.212304,-3.5160031,-3.5578456,-3.5341663,-3.4144244,-3.3792477,-3.3998442,-3.415391,-3.3590226,-3.2879553,-2.9764237,-2.6274095,-2.3372536,-2.2351582,-2.3710673,-2.3315706,-2.196954,-2.1484652,-0.74290454,-0.74276906,-0.74272734,-0.74271214,-0.74271244,-0.742713
-2.4115784,-2.2369432,-2.1976743,-2.2002332,0.09462762,-2.150629,-2.212471,-2.3153515,-2.6937327,-3.4757128,-3.775475,-3.4528837,-2.8048162,-2.5040524,-2.3262239,-2.1650124,-2.2667005,-2.477482,-2.8461642,-3.3120704,-3.396988,-3.3911085,-3.3229804,-3.2048993,-3.0450234,-2.7383099,-2.193166,-1.3473749,-1.0071915,-1.2069428,-1.1734,-1.2745354,-1.4608809,-1.5830184,-1.4269456,-1.1342881,-1.097085,-1.0775267,-1.4141669,-1.7056732,-1.4267758,-1.1244621,-1.011683,-1.3058892,-1.6853068,-2.034125,-2.2797852,-2.58405,-2.4877348,-2.189826,-1.8658992,-1.4214703,-1.242423,-1.1228384,-0.47564423,0.15282097,0.4004665,0.44403565,0.6758285,1.4035456,3.6783164,6.895047,9.05361,10.668921,10.64392,10.067574,9.736444,9.63889,9.589477,9.404854,9.403426,9.330313,8.268553,3.117549,-0.1304647,-0.7641089,-1.1633754,-1.0219331,-0.14428797,0.023454554,-0.08978307,-0.26911166,-0.35404623,-0.46207574,-0.6404025,-0.44184247,-0.019000947,0.6261497,0.5784468,-0.8276704,-1.4493778,-1.3308903,-1.3912892,-1.5713829,-1.9357126,-2.2042692,-2.1877432,-1.7369605,-1.5433891,-1.5339557,-1.5359033,-1.5841682,-1.5849833,-1.6106555,-1.7944847,-2.0974774,-2.1919622,-2.1165352,-2.6973424,-2.9367096,-2.877396,-2.7286873,-2.5490184,-2.3917522,-2.252532,-2.193237,-2.1333098,-2.0822558,-2.0631304,-2.095748,-2.210662,-2.3650765,-2.4500935,-2.5226777,-2.4232445,-2.1607635,-1.9319309,-1.3100107,-1.3800292,-1.3125427,-1.3234154,-1.3254259,-1.3365599,-1.1069677,-0.9654398,-0.8836998,-0.77457047,-1.0553799,-2.0006,-2.3235183,-2.4070358,-2.3427522,-2.4147518,-2.167033,-2.2717776,-2.508767,-2.8089528,-2.6666956,-2.2665753,-1.8167526,-1.5239854,-1.2978141,-1.0305289,-0.6019629,-0.1407609,-0.20983994,-0.47581285,-0.83896327,-1.0239985,-1.2048358,-1.3721526,-1.5762571,-2.5301542,-2.9932249,-2.7236354,-2.8757677,-1.8442624,-1.108934,-1.0551188,-1.1547353,-1.3730457,-1.5026985,-1.3174336,-0.9682514,-0.86990803,-1.5534525,-1.9524593,-2.028833,-2.103786,-2.1626635,-2.1476643,-2.1608043,-2.1250176,-2.0843308,-2.0429564,-2.5609434,-3.2054663,-3.308772,-2.833636,-2.5166187,-2.4972315,-2.650178,-2.503138,-2.176591,-2.1722832,-2.0849662,-2.019127,-2.0478008,-2.0815244,-2.2122145,-2.3729885,-2.4719088,-2.3261437,-1.8077179,-1.4156094,-1.2380166,-1.0560876,-0.7389645,-0.41492462,-0.6164618,-0.96429086,-1.0719645,-1.1171393,-1.0672269,-0.87498057,-0.48623165,-0.06037143,0.13017726,0.1317831,0.27281243,-0.011306971,-0.37202474,-0.7017425,-0.9652757,-1.0041422,-0.67219204,-1.3693261,-1.6312253,-1.5163952,-0.9085525,-0.63218284,-0.20891312,0.06323758,0.032305233,-0.086486876,-0.18147932,-0.015461385,-0.32455838,-0.12559146,0.08435318,0.07394138,0.08675483,0.18351758,0.6580566,0.8512249,0.08142397,-0.21621653,-0.19441655,-0.24092142,-0.23257694,-0.24627438,-0.15220231,-0.17283589,0.07510102,-0.035319738,-0.068082646,-0.23275764,-0.9465662,-1.4941536,-1.6659007,-1.4732543,0.008900894,0.16758016,-0.107542746,-0.37840497,-0.5952027,-0.78059584,-0.55562866,-0.8257096,-1.2919855,-1.2792767,-1.0646284,-0.9695637,-1.0304008,-1.092128,-1.2329688,-1.4450388,-1.5131947,-1.2155367,-0.8961922,-0.3046643,0.05207324,0.033347055,0.09309004,0.54747224,0.7166618,0.09442262,0.09458192,0.09458393,0.094591305,0.0945885,0.09458274
-1.8755641,-1.7977692,-1.7518113,-1.726944,-0.70570827,-1.6986706,-1.6949887,-1.6394229,-1.4134107,-1.1328249,-1.2328361,-1.1056952,-0.756535,-0.5568499,-0.2201332,0.19459188,0.1890353,0.058296055,-0.27494603,-0.86840594,-1.3608868,-1.8685248,-2.3311505,-2.7471182,-3.0300674,-3.0711677,-2.5992155,-1.5987988,-0.25468642,0.29119876,0.8053715,0.72660524,0.31727782,-0.09154388,-0.3852648,-0.5924745,-0.89979815,-0.929032,-1.028034,-1.0997772,-1.460019,-1.537621,-1.4213597,-1.3813169,-1.125168,-0.96552724,-1.1195322,-1.1762385,-1.214071,-1.4596934,-1.6111469,-1.6154782,-1.6242296,-1.7182188,-1.5823171,-1.2294537,-1.298265,-1.6306654,-1.9246151,-2.0957713,-1.7886981,-0.9996466,-0.767458,-0.3583227,-0.11595012,-0.7176093,-0.82182366,-0.9130726,-1.0285931,-0.9843075,-0.7561103,-0.33788407,-0.07424386,-0.99611866,-1.574188,-1.5027518,-1.8019753,-1.9777441,-1.5138211,-1.413071,-1.4829477,-1.6507998,-1.7231438,-1.8424308,-1.8892958,-1.49364,-1.0792286,-1.1452934,-1.437572,-2.2087512,-2.3765123,-2.0171165,-1.8427529,-1.7305722,-1.8846993,-1.8624132,-1.4283572,-0.4243043,0.045355856,0.28037614,0.18388337,0.03875509,-0.12833226,-0.32891062,-0.70835865,-1.1839128,-1.7226851,-1.9074922,-2.7025526,-3.2919455,-3.4116554,-3.2709165,-3.0768619,-2.987167,-2.8385296,-2.7043114,-2.4342809,-2.2723484,-2.1119692,-1.996666,-1.8907784,-1.7616006,-1.7021585,-1.7353874,-1.7606044,-1.8795526,-1.7411436,-1.631947,-1.9584492,-2.1030467,-2.3425019,-2.4242547,-2.4447005,-2.3599677,-2.2526646,-2.1506865,-1.9988865,-2.1780424,-2.7974167,-2.9828799,-2.2663202,-1.9346325,-2.0156958,-1.7184732,-1.4031736,-1.3277721,-1.5806477,-1.8082883,-1.8854506,-1.8735075,-1.9502189,-1.8187977,-1.6093835,-1.2105484,-0.7462056,-0.6862007,-0.8424975,-1.1862898,-1.3619204,-1.5597005,-1.8372188,-1.9732552,-1.9125113,-1.8447655,-1.2377021,-1.1872973,-1.7204814,-1.2756109,-0.9542248,-1.0573856,-1.2865652,-1.299859,-0.75601465,0.06695494,0.45337558,-0.050875008,0.26693183,0.5722275,0.6458012,0.62096786,0.5227167,0.27057052,-0.4463595,-0.86508703,-0.90075594,-1.0979352,-1.6355181,-1.9491282,-1.7622681,-1.6281099,-1.5716457,-1.2690269,-0.73702323,-0.30890918,0.08480513,0.3291398,0.5623596,0.6870993,0.75674343,0.66549563,0.4808227,0.18430819,-0.06400117,-0.29337204,-0.5324773,-0.7343019,-0.7297112,-0.33823797,0.29995793,0.2579046,0.1800774,0.25684085,0.27401674,0.059490442,-0.29237863,-0.6030022,-0.8481624,-1.0188023,-0.9045523,-0.7964269,-0.80155236,-0.81552976,-0.9154041,-1.2429764,-1.4916589,-1.6119246,-2.3450437,-2.5457149,-2.360942,-2.2516155,-2.364121,-2.384272,-2.412393,-2.3577642,-2.2695155,-2.032874,-1.2428712,-0.86523914,-0.379371,-0.29134744,-0.5680092,-1.0160384,-1.2775973,-1.3842947,-2.029958,-2.4188035,-2.384131,-2.323657,-2.281901,-2.2131824,-2.15474,-2.0172064,-1.9593439,-1.6971282,-1.6289738,-1.5573112,-1.5701725,-1.6827471,-1.6883268,-1.6702666,-1.3628392,-0.9301249,-0.8196969,-1.0520705,-1.2995818,-1.1366712,-0.91543543,-0.26885736,0.31357473,0.525824,0.2747721,0.082916334,0.06356007,0.017546773,-0.05821687,-0.17349814,-0.35603756,-0.5220133,-0.55975974,-0.5643201,-0.6015455,-0.7343502,-1.0771686,-1.2462244,-1.103724,-1.1387758,-0.70595187,-0.70574665,-0.7056563,-0.70565534,-0.70565134,-0.70565593
-2.3078537,-2.3196194,-2.351478,-2.2642825,-0.9583068,-2.0374787,-1.8173451,-1.4456698,-0.47298756,0.16483718,-0.25408185,-0.24821216,-0.31603655,-0.43116564,-0.45689052,-0.44822007,-0.35725474,-0.047876596,0.11863279,0.53407633,0.2369625,0.031153053,-0.5293536,-1.393889,-2.085504,-2.4833312,-2.5295231,-2.2715347,-2.025337,-1.7532692,-1.4149203,-1.2472146,-1.3073611,-1.4283298,-1.5678256,-1.6576642,-2.0123549,-2.0689301,-1.5738984,-1.3898335,-1.2954075,-1.2557414,-1.315419,-1.6226912,-1.276752,-1.060365,-1.2536083,-1.1882793,-0.90673083,-1.4022355,-1.9258627,-2.1717927,-2.074524,-2.022761,-2.0698764,-2.3008473,-2.5535064,-2.6199124,-2.741191,-2.688719,-2.2884426,-1.7915555,-1.5404432,-1.284741,-1.303628,-1.7066683,-1.836322,-1.9166405,-1.9230236,-1.7321318,-1.386626,-0.8943088,-0.4971903,0.5607129,0.86852556,1.2082169,0.56299675,-0.5885822,-1.3360289,-1.7391028,-2.0412824,-2.1555712,-2.1569219,-2.2380528,-2.309976,-1.9823548,-1.5227119,-1.4570124,-0.9009791,-0.3865897,-0.5587853,-1.4273074,-1.8795558,-2.1211736,-2.3040843,-2.356885,-2.1906447,-1.7499535,-1.5873885,-1.4594946,-1.489348,-1.3190846,-1.1111565,-0.71980697,-0.50191885,-0.51237965,-0.7464164,-0.55006313,-0.7126191,-1.4008701,-1.6354061,-1.5389538,-1.3538183,-1.2630904,-1.1492689,-1.0369154,-0.81140596,-0.66451746,-0.5415218,-0.49089235,-0.44170225,-0.5860318,-0.7295437,-0.8599756,-1.1749741,-1.4452038,-1.3927506,-0.9547757,-0.82700205,-0.9046247,-0.9754852,-0.49489057,-0.21146497,-0.0846256,0.035333574,0.09849331,0.5383636,0.6623496,-0.39215714,-1.5383265,-1.3792218,-0.2893581,0.56986165,1.1792169,1.7524421,1.7640269,0.50708807,-0.7051837,-1.5359432,-2.1507373,-2.6659658,-2.7407415,-2.6567042,-2.063687,-1.1066654,-0.84590614,-0.9517561,-1.3858582,-1.6348662,-1.7937496,-2.0992904,-1.5692331,-0.6079837,-0.40685934,0.47609782,0.7830097,0.6571033,0.35428768,-0.14348996,-0.5756351,-0.75733733,-0.7095951,-0.6101502,-0.65764517,-1.4284387,-1.8864229,-1.5484792,-1.1823094,-1.1048063,-1.1431444,-1.192373,-1.1505816,-1.2118726,-1.1284943,-0.8597868,-0.43582392,-0.18310425,-0.07594058,0.018172741,0.046524853,-0.22456783,-0.59084934,-0.730819,-0.6041979,-0.50135857,-0.46875334,-0.10612702,0.071036994,0.066215545,0.28294936,0.6247504,0.4343202,-0.026489466,-0.568046,-1.3490216,-1.9233023,-2.05985,-1.7999294,-1.3173748,-1.482038,-2.0396698,-2.3943863,-2.5873213,-2.846992,-3.224208,-3.4134133,-3.3182168,-2.9741552,-2.4080176,-1.690491,-1.1191354,-0.80776006,-0.7230867,-0.7960499,-0.98746526,-0.9096476,-1.1062925,-1.3607147,-1.1035429,-0.42064947,0.06786397,0.34540606,0.3768342,0.2933417,0.17224972,0.08206541,0.40262517,0.31354493,0.70649326,0.8236561,0.62395036,0.10656804,-0.0016031861,0.11858013,-0.65253687,-2.014226,-2.3783813,-2.5532668,-2.6073327,-2.7211614,-2.7725544,-2.7661672,-2.7288008,-2.7089148,-2.664716,-2.5904899,-2.5636816,-2.35535,-2.0333552,-1.9534738,-1.6788623,-1.2767327,-1.2595463,-1.5146368,-1.8803921,-2.0993092,-2.1381063,-1.9030825,-1.6532161,-1.5651207,-1.7893909,-2.119006,-2.16722,-2.101243,-2.1246808,-2.1475348,-2.1497612,-2.3453162,-2.570756,-2.5751185,-2.493866,-2.184271,-1.7258259,-1.5361856,-1.7843468,-2.1308959,-0.958773,-0.9584033,-0.95828354,-0.9582793,-0.9582749,-0.95828354
-2.2945337,-2.1447945,-1.9554343,-2.0028872,-2.3469858,-2.0503902,-2.0768058,-2.3335247,-2.9677467,-2.9630234,-2.8060703,-2.944748,-2.949792,-3.1998706,-3.2180371,-3.2722626,-3.3414617,-3.449041,-3.5929093,-3.2998257,-2.7877965,-1.9542314,-0.40684775,0.6698077,0.9983648,0.833688,0.22353348,-0.6316423,-2.1043768,-2.3128662,-2.032702,-1.8593788,-1.8049333,-1.7739302,-2.050342,-2.4532254,-3.1361988,-3.4728165,-3.3220363,-2.9611287,-2.4573705,-2.4700184,-2.525979,-2.6286902,-2.6605887,-2.5284853,-2.2494786,-1.6781633,-0.90861064,-0.19971757,-0.2935661,-0.29030663,0.1919755,1.3370203,2.7349877,4.2133,5.2486606,5.9200745,6.0306926,6.1461334,5.914737,4.740097,3.6432238,1.293925,-0.36056194,-0.96605825,-1.2597034,-1.4384742,-1.4631766,-1.729958,-2.0460963,-2.2752185,-2.4169116,-2.396604,-1.9325671,-1.4388763,-0.5451571,0.17987964,0.457123,1.5987604,2.6556797,3.2326417,3.3993616,3.2618623,2.851906,1.9476782,0.9059386,-0.24514723,-1.8597715,-2.2605853,-2.6627917,-2.7098632,-2.6859863,-2.5556834,-2.149814,-1.9253657,-1.9476073,-2.0132911,-2.0237117,-2.0421083,-2.0902228,-2.3166053,-2.4393601,-2.547943,-2.515703,-2.4282033,-2.3352647,-2.6232557,-2.547413,-2.2785516,-2.2856746,-2.3318703,-2.3905778,-2.4150615,-2.425705,-2.4860697,-2.6426566,-2.7835448,-2.8356702,-2.8848839,-2.8763466,-2.827489,-2.7811646,-2.75623,-2.7345052,-2.6671877,-2.6978374,-2.6196847,-2.4782917,-2.529026,-2.4845688,-2.5182705,-2.589579,-2.777116,-2.8247817,-2.8662422,-2.7502882,-2.6873715,-1.804561,-1.2339694,-1.3897657,-2.036407,-2.4565399,-2.5478764,-2.4418383,-2.167224,-2.0204358,-1.7774817,-1.4474388,-1.1556801,-0.7795616,-0.4876014,-0.2977415,-0.2228698,-0.020347562,0.039187573,-0.019769091,0.059919436,0.06061376,0.157783,0.15217245,-0.6961312,-1.7609859,-1.7183585,-1.7971091,-1.4203929,-1.4802134,-2.4174824,-3.2277226,-3.4086447,-3.5929658,-3.8000906,-3.764464,-3.507227,-2.5136323,-1.9853082,-1.9515831,-1.8896067,-1.8518765,-1.9790298,-2.2804441,-2.751007,-2.8545396,-2.6082952,-2.093524,-0.94834745,-0.1287415,-0.03031411,-0.84789276,-1.3938878,-1.9027246,-2.4132366,-2.8963172,-3.052621,-2.8609915,-2.791254,-2.813054,-2.8911662,-2.9415154,-2.831358,-2.5469851,-1.7595527,-1.0647333,-0.66499144,-0.16939817,0.41122684,0.6615362,0.5128782,0.09528768,-0.5232836,-1.1266935,-1.4314039,-1.5003151,-1.6351076,-1.8562608,-2.23115,-2.5221379,-2.5405571,-2.4517775,-2.5530038,-3.0237343,-3.1851401,-3.168164,-3.0555875,-2.7048182,-2.0714166,-1.1372477,-1.2563982,-1.5229884,-1.7721603,-1.6126162,-1.435813,-1.1641275,-1.059537,-1.1890457,-1.5142703,-1.5362926,-1.4793111,-1.2279425,-0.82553214,-0.14921194,0.5341087,0.4172409,0.06738928,0.28235164,1.2105861,1.3408053,1.334471,1.3394465,1.3507408,1.3388112,1.288995,1.2411277,0.9266205,0.6331588,0.39006227,0.3255424,-0.34010905,-2.0202358,-2.3759024,-2.6724057,-2.6739883,-2.4254093,-2.0707953,-1.5484364,-1.1913724,-1.4502772,-1.6024029,-1.8561308,-2.0352495,-2.2382228,-2.3885696,-2.3988745,-2.362585,-2.3609905,-2.3289633,-2.2092786,-2.0424519,-1.5845503,-1.2988707,-0.9977594,-0.5867536,-0.5936741,-0.9070083,-1.9283516,-2.1126058,-2.3465848,-2.346837,-2.3470166,-2.347009,-2.3470168,-2.347013
-1.2967501,-1.3484037,-1.3169115,-1.2125342,-1.9094973,-1.1169131,-0.92123896,-0.5882294,0.23132634,0.7382294,1.5400319,2.3389454,2.7450132,2.72152,2.8674426,3.0156293,3.3406348,3.3357632,3.130309,2.7584243,2.3834875,1.7227223,0.44033045,-1.250996,-2.326319,-2.933886,-3.1142583,-3.2651799,-3.111759,-2.518251,-2.2286563,-2.4481773,-2.7998881,-2.9853575,-3.0329583,-3.102397,-3.0855699,-2.804539,-2.430582,-1.6713414,-0.56231105,0.2952028,0.7217374,0.6446651,1.1306175,2.1255784,2.7100751,3.3406155,3.3804002,2.3237844,1.4436796,0.7356831,0.285087,-0.05688179,-0.49239287,-0.8941311,-1.3502163,-1.5492625,-1.5057182,-1.4226217,-1.4725103,-2.1230779,-3.4018633,-3.6749132,-3.256228,-3.3639812,-3.4005256,-3.3756638,-3.4231477,-3.17032,-2.932207,-2.5546365,-1.8418026,-1.0153135,-0.93249446,-1.091262,-1.5989333,-1.5403737,-0.76222926,-0.712145,-1.0379251,-1.3449941,-1.4445256,-1.5473047,-1.8516815,-2.0696192,-2.1608047,-2.040263,-1.8274102,-2.5047817,-3.0660686,-3.1741543,-3.1680002,-3.1165738,-3.021463,-2.9430525,-2.8461328,-2.607082,-2.5562909,-2.5532155,-2.6135678,-2.5838706,-2.607069,-2.6582675,-2.880843,-3.3427758,-3.943865,-3.9742186,-3.6852083,-3.6818118,-3.4859388,-3.3635044,-3.2643125,-3.1589055,-2.92513,-2.7359202,-2.495627,-2.4034548,-2.4023345,-2.349749,-2.3406227,-2.2454689,-2.1283245,-2.0666032,-1.9970176,-1.9389721,-1.8450359,-1.9205178,-2.1881633,-2.205514,-1.886821,-1.6203173,-1.4504875,-1.4653245,-1.4123334,-1.423075,-1.2401134,-1.4405892,-2.1678238,-2.8541164,-2.4780784,-1.4546103,-1.3464127,-1.4811324,-1.6959534,-2.0035815,-2.3777263,-2.4958642,-2.564075,-2.7339985,-3.1087885,-3.4748468,-3.705798,-3.7128067,-3.3072114,-3.015487,-2.7696056,-2.7573133,-2.6544964,-2.5218754,-2.4391673,-1.8834416,-0.78404874,-0.17906177,-0.62816304,-1.5911316,-2.18783,-2.0174317,-1.7269944,-1.6155233,-1.5762423,-1.5103747,-1.5828917,-1.9596403,-2.3296041,-2.1807227,-2.051362,-1.7189229,-1.7189155,-1.9035069,-2.1672733,-2.3357687,-2.2399802,-2.0225768,-1.5812577,-0.21625316,1.9524827,3.8982222,7.008918,8.227665,9.230199,9.934982,10.016186,9.231457,8.36851,7.526882,6.1606236,5.168023,4.815061,4.4579515,4.062378,3.322631,2.5536733,1.6220148,0.41037393,-0.89438796,-1.855038,-2.6528199,-3.109827,-2.9671519,-2.665079,-2.6907594,-2.9425316,-3.0340981,-3.1642823,-3.0926352,-2.7905,-2.6232176,-2.5802746,-2.1062498,-1.8656936,-1.7768576,-1.7862074,-2.181397,-2.7360177,-3.1481047,-3.1298673,-2.4556365,-1.8540847,-1.1826134,-0.786772,-0.64639103,-0.5003878,-0.2512508,0.030419946,0.27798453,0.33122033,0.15411305,0.32681656,0.40871242,0.22498202,0.051070124,0.5085192,0.94748026,1.0504473,0.54250044,0.5555991,0.6136509,0.73349154,0.8235879,0.84743035,0.85727024,0.91115224,0.4673127,0.017270848,-0.35687527,-0.32147968,-0.055611745,0.26381612,0.23219487,0.2623754,1.0917323,1.6353137,1.7550461,1.6557479,1.8121897,1.6805174,1.107347,-1.2730956,-2.8366547,-3.195006,-3.3514676,-3.3950312,-3.4467587,-3.4146495,-3.4033198,-3.4409132,-3.4873533,-3.5342312,-3.4008074,-3.308752,-3.5657334,-3.6720314,-3.3745105,-2.7900865,-2.499051,-1.9095268,-1.9094385,-1.9093806,-1.9093686,-1.9093671,-1.9093678
-2.9962552,-2.819419,-2.6282334,-2.5455756,0.2126473,-2.3797219,-2.1800199,-2.2040007,-2.1489823,-1.7037454,-1.1693807,-0.52977175,-0.5581426,-0.7578087,-1.0449308,-1.5121596,-1.6748054,-1.7772067,-2.0212348,-2.2908657,-2.246683,-2.4313023,-2.6958513,-2.3280392,-1.7832628,-1.6220654,-1.792181,-1.9389025,-2.2141376,-2.4885664,-2.5054195,-2.588626,-2.717526,-2.764603,-2.9115226,-2.864903,-2.7827954,-2.496663,-2.061109,-1.2765472,-0.71699667,-0.91859674,-1.2359416,-1.4375582,-1.7719011,-2.0405917,-2.0233264,-1.7078243,-0.7133173,0.35025933,0.31229568,0.25348365,0.21958369,-0.043276787,-0.8489153,-1.2499297,-1.5646886,-1.7718778,-1.6102381,-1.7026546,-2.071216,-1.8495294,-0.7254819,-0.35687298,-0.97082806,-1.0417972,-1.1583563,-0.971585,-0.92799187,-1.3205436,-1.3499112,-1.349206,-1.3357587,-0.7461438,-0.7375561,-0.71373826,-0.64487696,-0.60660446,-0.6582489,-0.40437302,-0.29725796,-0.0765977,0.13913167,0.21231921,-0.17540301,-0.7962642,-0.98654604,-0.3592472,-0.063731395,-0.0028521568,-0.5905242,-1.8380151,-2.112865,-1.5642616,-1.0597252,-1.1523257,-1.5089281,-1.6712599,-1.6805115,-1.6669124,-1.6614528,-1.6061457,-1.4026823,-1.0640801,-0.69397026,-0.37197888,-0.0919795,-0.469783,-0.31182516,0.060789436,0.4016375,0.44574845,0.41316408,0.20023252,-0.16854416,-0.50912726,-0.83976215,-1.0341549,-1.063512,-1.1932473,-1.4138988,-1.86099,-2.1459432,-2.3351848,-2.5720854,-2.7125392,-2.7072,-2.608203,-2.2157998,-1.4118941,-1.1287818,-1.2077403,-1.1954458,-1.3070934,-1.1197853,-0.9326173,-0.69837457,-0.7127843,-1.0937431,-1.3598392,-1.454345,-0.6276572,-0.28457627,-0.37031275,-0.4790358,-0.45505,-0.631235,-0.52970755,-0.18564433,0.17726073,0.34675932,0.44491285,0.6018222,0.6281358,0.4548854,0.409019,0.04416883,-0.19287226,-0.5093554,-0.72780514,-0.851682,-0.52257085,-0.24226506,0.624766,0.6256436,0.5775047,-0.3772085,-1.893074,-2.9367766,-3.0358996,-2.5772042,-2.0093448,-1.6944407,-1.5506842,-1.0231066,-0.93356216,-1.2829865,-1.4499485,-1.4277004,-1.5222806,-1.5996578,-1.8246615,-1.9565125,-1.7392509,-1.6173002,-1.5941879,-0.9479,-0.4072311,0.27960092,0.21922892,0.12054169,-0.124552995,-0.6763816,-0.92342526,-0.8999872,-0.9075127,-1.1065416,-1.4396272,-1.6827412,-1.7788907,-1.7367401,-1.8996725,-2.4530644,-3.2048235,-3.673281,-3.5303726,-3.3719354,-3.4694283,-3.319322,-2.89881,-2.830273,-2.915399,-2.832821,-2.8115087,-2.9143717,-3.1650243,-3.0182207,-2.5329263,-2.048168,-1.7181292,-1.4314737,-1.3478686,-1.2583288,-1.0198247,-0.80466765,-1.0033472,-1.0952983,-1.1112376,-1.3889524,-1.517304,-1.4595501,-1.2755152,-1.0038003,-1.0710279,-1.2074394,-1.3127542,-0.7001759,-0.033248723,0.41748297,0.70064646,0.9682009,0.9286965,0.6482262,0.07267827,-0.017607868,0.826493,0.99595416,0.9510345,1.0681901,1.008384,1.0540516,0.96676934,1.1246922,0.7762214,0.546571,0.6139585,0.4702175,0.1884594,-0.05827499,-0.1716119,-0.21002755,-0.55522543,-0.55937576,-0.30872867,-0.07686267,0.18908018,0.03971833,0.21470979,-0.8269954,-1.7316544,-2.2552145,-2.5331774,-2.6447306,-2.73775,-2.8498087,-2.7985768,-2.723516,-2.5583844,-2.545011,-2.5087626,-2.5401108,-2.0398164,-1.4354774,-0.99138373,-1.0553709,-1.013567,0.21218209,0.21253619,0.2126969,0.21268289,0.21269882,0.21269044
0.7598338,0.5628445,0.69221747,1.0599327,-3.6536403,1.3738209,1.9367896,2.9593663,5.4271884,7.275285,8.446039,9.656005,10.40175,10.593475,10.704269,10.851599,10.833941,10.661132,10.403698,9.789295,9.195782,7.8717012,4.8174973,0.79361695,-1.2740157,-2.2409909,-2.4619195,-2.2907014,-1.6884046,-1.0319152,-0.6361592,-0.8325219,-1.1827233,-1.4055929,-1.3319055,-1.3712202,-1.7171168,-2.2786489,-2.3472893,-1.7947307,-0.8533102,0.2627058,0.9290309,1.1939781,1.8252766,1.9814119,1.2086741,0.714198,0.19855493,-0.43409696,-0.7239042,-0.90653384,-0.92876637,-0.89090824,-1.0024867,-1.6081969,-2.265235,-2.4835577,-2.5072632,-2.3636866,-2.0889359,-2.0399675,-2.3965573,-2.7544715,-2.790266,-3.3271422,-3.3921468,-3.2994194,-3.2310462,-2.753855,-2.5858953,-2.1945457,-2.1033752,-2.524058,-2.5758255,-2.5573215,-2.7127812,-1.9148967,-0.5261915,-0.66601264,-1.3412535,-1.8778043,-2.1728609,-2.3664858,-2.4900396,-2.2136683,-1.8453565,-1.8668675,-1.1473802,-1.2988057,-1.9035573,-2.2333071,-2.446088,-2.5222518,-2.4466066,-2.2123303,-1.768516,-1.3500932,-1.2806327,-1.2729433,-1.3567075,-1.2844664,-1.4370368,-1.6406916,-1.9747667,-2.5106678,-3.2517738,-3.2000384,-3.1710696,-3.2660494,-3.1111739,-2.9777255,-2.7965841,-2.5785117,-2.2913475,-2.0802238,-1.8249325,-1.6850876,-1.647761,-1.5977565,-1.5581262,-1.3790218,-1.2300166,-1.1714855,-1.047203,-1.0615838,-1.070828,-1.3728609,-1.83376,-2.3782852,-2.3234408,-2.0518286,-1.8702343,-1.8174256,-1.6581129,-1.6640832,-1.5217085,-1.5584868,-2.1932821,-2.5107222,-2.4551184,-2.613943,-2.843625,-2.9217806,-3.0054145,-3.0913975,-3.076521,-3.073241,-3.2022362,-3.3866308,-3.6322916,-3.847589,-3.8400855,-3.3785796,-2.751461,-2.5570824,-2.3780942,-2.4488158,-2.3359742,-2.1489885,-1.8879843,-1.3506167,-1.6035833,-2.1263263,-2.1504505,-2.2570703,-1.9539347,-1.274896,-1.0376859,-1.0936999,-1.2545588,-1.3077703,-1.3218931,-1.4710413,-1.4200058,-1.3068287,-1.0061718,-0.5518731,-0.57943565,-0.75556505,-1.1929011,-1.6602392,-2.3193538,-2.927053,-3.3524947,-3.2698627,-2.8790588,-2.175698,-0.30044198,0.8986194,2.346829,4.363908,6.5246196,8.402202,9.5553875,10.127739,10.510164,10.700976,10.761396,10.774674,10.595979,10.093478,9.062084,7.2869387,4.4252954,1.5789471,0.017379135,-0.9589094,-1.5785749,-1.343931,-0.9026883,-0.61524653,-0.30015433,0.0047862045,0.08931435,0.24765515,0.5679395,0.72171843,0.83177876,1.2923009,1.6224275,1.7088435,1.7081498,1.2372985,0.49554032,-0.014032692,-0.9835028,-1.5507027,-1.8938164,-2.232203,-2.3672316,-2.4790576,-2.4815712,-2.3368506,-2.092843,-1.8009313,-1.5552602,-1.622839,-1.3046639,-1.1091673,-1.2375185,-1.369532,-0.9472631,-0.3425875,-0.6916991,-2.1057024,-2.4483209,-2.6212034,-2.7026877,-2.7827792,-2.8526976,-2.891659,-2.8643765,-2.9547157,-3.070211,-3.251409,-3.2083163,-3.064777,-2.8912363,-2.8267822,-2.7866368,-2.5091963,-2.4285126,-2.5747721,-2.8200812,-2.7420332,-2.785411,-2.8779297,-3.46026,-3.2817907,-3.2581432,-3.3783724,-3.3555307,-3.29591,-3.217436,-3.2227702,-3.21974,-3.382404,-3.6382375,-3.627792,-3.649146,-4.146861,-4.7480483,-4.7053347,-4.1472874,-4.1080494,-3.653716,-3.653653,-3.6535676,-3.6535635,-3.6535592,-3.6535602
-3.0020201,-2.9659345,-2.7880626,-2.716901,-5.7514534,-2.7720637,-2.7020283,-2.6615644,-2.5987449,-2.5570898,-2.6046128,-2.3247323,-1.8883239,-1.7997891,-1.6632719,-1.5287242,-1.4993274,-1.6720368,-1.9007761,-2.2600114,-2.2518544,-2.360539,-2.17953,-2.5768993,-2.9202726,-3.3867135,-3.9538162,-4.5078707,-4.342091,-3.6247888,-3.172127,-3.0500863,-3.183098,-3.2836637,-3.4149134,-3.5595114,-4.0222135,-4.3006034,-4.546449,-4.5925446,-4.092889,-3.4627125,-3.1473944,-3.101355,-2.867478,-2.6595855,-2.7027,-2.5869532,-2.4907403,-2.2549276,-2.059609,-1.8863707,-1.9056287,-2.0257802,-2.133673,-1.6323985,-1.4847943,-1.6338176,-1.8032185,-1.9648633,-2.2544777,-2.5189996,-2.2908897,-2.5507858,-3.079547,-3.259006,-3.2971587,-3.1727235,-3.082769,-2.947517,-2.950179,-2.527112,-2.1689153,-2.3183026,-2.1784241,-1.8487488,-1.3920298,-0.3658089,0.58755904,1.1367246,1.4041214,1.3816404,1.2739899,1.1105436,0.66984284,0.13779835,-0.2618357,-0.8488664,-2.1529546,-2.8931284,-3.6446898,-3.8220463,-3.8583689,-3.7624767,-3.4589992,-3.3632586,-3.3016605,-3.1678467,-3.0808156,-3.010952,-3.0828533,-3.2466736,-3.4172728,-3.5349405,-3.6195235,-3.8611162,-4.165526,-4.401614,-4.2699337,-3.9331028,-3.7861795,-3.7716007,-3.7897353,-3.7618752,-3.6886945,-3.6656303,-3.6908934,-3.7516394,-3.8206162,-3.9064279,-4.002635,-4.024807,-3.9653559,-3.890029,-3.8157253,-3.7542908,-3.7784948,-3.9623897,-4.091505,-4.59206,-4.688205,-4.7893467,-4.8246403,-4.924345,-4.8187714,-4.7075453,-4.444017,-4.202924,-3.5568042,-3.172878,-2.6209083,-2.4046812,-3.0599868,-3.3831353,-3.6196094,-3.9028592,-4.16503,-4.1463995,-4.10214,-4.0517826,-4.0106287,-4.037034,-4.0776143,-4.0380898,-3.906446,-3.8134751,-3.802383,-3.7301798,-3.4934003,-3.1866002,-2.9734986,-2.417162,-2.0610683,-2.280318,-2.3076959,-2.2446194,-2.1291747,-2.2956834,-2.650847,-2.58738,-2.5438375,-2.5132816,-2.3603532,-2.1943047,-1.246855,-1.34953,-1.9011585,-2.0060015,-2.082969,-2.3170412,-2.7900865,-3.4105847,-3.8919377,-4.058569,-4.056715,-3.7383513,-3.4036567,-3.027976,-2.862353,-2.774033,-2.6106546,-2.3302944,-2.0019853,-1.682385,-1.3463676,-1.1935649,-1.2249292,-1.2885469,-1.2904127,-1.3999898,-1.5209736,-1.5034481,-1.6584537,-2.025003,-2.5456204,-3.0000882,-3.3395753,-3.6578016,-3.3945374,-2.686098,-2.653018,-2.778927,-2.723556,-2.7323074,-2.8342369,-2.932836,-2.8371758,-2.6817942,-2.553657,-2.2842476,-2.3069725,-2.3612237,-2.3959064,-2.5963001,-2.83811,-3.1650472,-3.502101,-3.757226,-3.8885975,-4.15654,-3.9622245,-3.8119764,-3.6690388,-3.5990148,-3.6111674,-3.468874,-3.0982969,-2.9200463,-2.808829,-2.5835872,-2.450365,-2.3963904,-2.3498857,-2.1700585,-1.955344,-2.0106943,-2.0696568,-2.1271775,-2.0885878,-2.087709,-2.0859387,-2.1552458,-2.140414,-2.3811686,-2.6230488,-2.857557,-2.9731648,-3.5573626,-4.269539,-4.3020577,-4.2674413,-4.2390885,-4.1395764,-4.066008,-4.009296,-3.809494,-3.652315,-3.2057405,-3.892987,-4.231069,-4.5093474,-4.703113,-4.775302,-4.800907,-4.8180327,-4.838497,-4.902341,-4.974014,-5.097581,-5.0510817,-4.833504,-4.7252803,-4.9076824,-4.8430376,-4.9078913,-4.920023,-5.751385,-5.7514267,-5.7514706,-5.751466,-5.751471,-5.751473
-1.7359899,-1.6921597,-1.6352149,-1.5156052,-1.2686262,-1.2904668,-1.0805206,-0.7395367,-0.4099326,-0.63335216,-1.1489416,-1.1377743,-0.8019939,-0.1537413,0.10559672,0.2719252,0.13240504,-0.18082988,-0.6231868,-1.2515532,-1.4147718,-1.6198726,-1.7392266,-2.205372,-2.8144116,-3.0502548,-2.8769546,-2.2585196,-0.74177253,0.8913974,2.2179348,2.3302145,2.048265,1.8482076,2.0538433,2.1069074,1.9298806,1.1577446,0.33204162,-0.6081074,-2.088051,-3.0042443,-2.9799328,-2.7427251,-2.5260923,-2.3125162,-2.5697265,-2.705987,-2.460178,-2.0209188,-2.1043808,-2.2711804,-2.5678787,-2.8658605,-2.9144824,-2.5061016,-2.195241,-2.1227074,-2.1796064,-2.090107,-1.6850648,-1.2018406,-1.5311638,-2.463648,-2.5906417,-3.021878,-3.008625,-2.9163628,-2.7806358,-2.57236,-2.5136516,-2.2040594,-2.2203004,-2.7492836,-3.0156555,-3.0392804,-2.819128,-1.8622928,-0.78559124,-1.1523777,-1.6395763,-1.97225,-2.1355658,-2.2843306,-2.451462,-2.2061796,-1.9900923,-2.7677512,-3.8189197,-3.7867956,-3.050136,-2.3967857,-2.135455,-1.4569436,-0.8561437,-0.21114284,0.7614186,1.6515087,1.8964381,1.9203073,1.7936454,1.8330488,1.5443172,1.2886007,1.0199679,0.54329413,-0.39299986,-1.1003792,-2.416756,-3.1178324,-3.2255151,-3.012547,-2.7837834,-2.6506228,-2.4219098,-2.2096975,-2.055779,-1.951967,-1.7879258,-1.658236,-1.5577974,-1.473172,-1.5237361,-1.7638136,-2.112877,-2.3988063,-2.5132246,-2.78366,-3.053151,-2.8354573,-2.7135673,-2.4775364,-2.3786435,-2.2559223,-2.3517833,-2.5055695,-2.5183537,-2.596139,-2.9470825,-3.0137842,-2.8166058,-2.993167,-3.5695612,-3.760354,-3.8315725,-3.7740924,-3.2930489,-2.8128352,-2.7405438,-2.8258667,-2.9477434,-3.089214,-3.0514863,-2.6198146,-2.1202178,-2.2321463,-2.2997081,-2.5179086,-2.4395468,-2.3501298,-2.2419374,-1.8928003,-2.5386958,-3.227216,-2.8381128,-2.0742097,-1.2300214,-0.8354525,-0.7369734,-0.80852306,-1.1671438,-1.4271345,-1.3446693,-0.87760574,0.099227846,0.69171494,1.4641321,1.9607415,1.9173274,1.7970165,1.4121103,1.0427941,0.5681218,0.23515111,0.06654784,-0.77185816,-2.0433998,-2.7262938,-3.0620534,-3.035756,-3.1056075,-3.079843,-2.8431816,-2.4251552,-1.9669937,-1.7535943,-1.6334277,-1.3208714,-1.1958383,-1.2320391,-1.4399517,-1.340007,-0.9297937,-0.42033666,-0.18969679,-0.26261067,-0.21139708,0.32152152,1.3513193,2.3877113,3.1790152,3.7163486,4.0768743,4.100672,3.9108047,3.5140052,3.344885,2.9758897,3.3338242,4.208291,4.8541565,5.1218767,5.276365,4.8723326,3.7405493,2.0112653,-0.8510096,-2.0273697,-2.0948334,-2.7072768,-3.1892896,-3.381744,-3.4126263,-3.4198835,-3.3984518,-3.2646422,-3.1803527,-3.3944497,-3.083712,-2.8107412,-2.7215977,-2.5437396,-1.7964431,-0.9138202,-0.8616542,-1.2258661,-1.1921498,-1.1469964,-1.1464274,-1.0676181,-1.0420249,-0.8923809,-0.8203856,-0.530007,-0.38847023,-0.38407272,-0.4409017,-0.4997698,-0.68419945,-0.6269903,-0.5683142,-0.85792494,-1.3499149,-1.7807367,-1.9958256,-1.9369613,-1.3637125,-0.13021478,0.42087644,0.3015615,0.33259475,0.25994605,0.18556455,0.10764078,0.18032268,0.14665821,0.08389135,0.18653847,0.40651634,0.5371606,0.49423736,-0.1566912,-1.2072928,-1.5290719,-1.782586,-2.1032803,-1.2686025,-1.26859,-1.2685841,-1.2685816,-1.2685822,-1.2685826
0.29015,0.09607929,-0.08729991,-0.1013729,-0.9018586,-0.055821657,0.010638475,0.3250632,1.6544716,3.4176083,4.07598,3.5682569,2.634539,2.3572478,2.441781,2.521832,2.3855875,2.362899,1.9291768,1.102906,0.29166257,-0.0733348,-0.865976,-1.9655162,-2.5820239,-2.8192954,-2.6450834,-2.813012,-2.9482691,-1.9807031,-1.1361116,-0.95111346,-0.8516196,-0.72077584,-0.31251943,0.08471674,0.76942307,1.7019619,3.422474,6.7339325,9.983914,11.456786,11.766506,11.7742605,11.907925,11.974068,11.82763,11.199837,9.499486,5.6352067,3.3506334,2.2842069,1.9408919,1.5633413,0.47186273,-0.6793411,-1.2430317,-1.5757711,-1.643645,-1.623345,-1.6367115,-2.0483327,-2.417154,-1.9578485,-1.2859073,-0.7929647,-0.33583766,0.18344042,0.2919519,0.5216844,0.6219423,0.95255554,1.7229072,2.146955,1.3899536,0.7096046,-0.6007979,-1.3947732,-0.96521056,-0.71512973,-0.97638136,-1.1203773,-1.1974732,-1.1597992,-0.5762558,0.060341954,0.02059725,-0.49584925,-0.38850686,-1.2343653,-1.3485413,-0.9778214,-1.0522091,-1.4589417,-1.6589015,-1.5015078,-1.2983906,-1.2262187,-1.232647,-1.2809765,-1.2659547,-1.1125045,-1.0031213,-0.9435612,-1.0538381,-1.3284273,-1.8109114,-1.9396739,-1.8838792,-1.8002625,-1.5416491,-1.4699998,-1.3590646,-1.1896852,-1.01589,-0.82532746,-0.5342219,-0.27706462,-0.05339569,0.2532448,0.60019875,0.97398984,1.0755618,1.0397997,0.8714721,0.52535015,0.4862405,0.395869,-0.2872786,-0.9033936,-0.8473011,-0.497104,-0.32322043,-0.31110543,-0.15655047,-0.13471119,0.14861651,0.5063406,-0.2151635,-0.59148914,-0.32067662,0.7691215,2.419798,3.2651684,3.367141,3.1176562,2.2606514,1.3818915,0.7290312,0.100633435,-0.6263177,-1.3979137,-1.8597647,-1.8313468,-1.5766631,-1.5507212,-1.4723073,-1.4600654,-1.6271958,-1.7308835,-1.3971968,-0.32861337,0.14158641,1.2374004,1.8056917,1.2082016,0.64122415,0.9659728,1.2813861,1.0483568,1.0447462,1.2925316,1.3952451,0.9796445,0.100026965,0.2082993,0.066586554,-0.16696852,-0.5117619,-0.6017713,-0.62009895,-0.7446834,-1.2573644,-1.5929915,-1.8932288,-1.9264746,-1.6046782,-1.4887536,-1.456169,-1.8392327,-2.21476,-1.9664124,-0.92755294,0.004405543,0.7776501,1.4787304,1.9905503,1.8476737,1.6009476,1.43522,1.3089817,0.48897687,-0.16713,-0.52197146,-1.0662948,-1.6932065,-2.027205,-2.3404493,-2.9390805,-3.2911272,-2.990108,-2.556861,-2.4105139,-2.323745,-2.2288098,-2.168102,-2.3171775,-2.8785312,-3.5680602,-3.4093974,-2.8681006,-2.3369937,-2.006399,-1.9155481,-1.8697219,-2.0795078,-1.4196103,-0.70075905,-0.47348112,0.74399424,1.4427938,1.5691254,1.4497288,1.371072,1.5299891,1.7302532,1.6292747,1.7615261,2.7474074,2.7113698,2.2131088,1.4408679,0.81062627,0.7664393,0.30960077,-1.0135454,-1.3796993,-1.5816603,-1.7031969,-1.825392,-1.8980713,-1.9790442,-1.9865289,-2.006143,-1.9282018,-1.8652955,-1.7627971,-1.4484539,-0.9178109,-0.93508756,-0.77303433,-0.6163153,-0.6957796,-0.7182137,-0.7846475,-1.060098,-1.6190387,-1.6311646,-1.9635224,-1.8500626,-1.741404,-1.6563232,-1.6231256,-1.6147499,-1.6277937,-1.5911884,-1.424987,-1.3607934,-1.2561057,-1.2051702,-1.1699619,-1.3634441,-1.9682369,-2.493866,-2.2951107,-2.066647,-0.90275633,-0.90216374,-0.9017361,-0.9017558,-0.90172434,-0.9017316
-1.149788,-1.097266,-0.87194824,-0.87706053,-1.8678246,-1.2610965,-1.3147249,-1.4037937,-1.6101234,-1.365494,-1.1649821,-1.3676069,-1.5814673,-1.790664,-1.8276305,-1.9397485,-2.1164248,-2.3258328,-2.4692898,-2.5548108,-2.4234347,-2.3841267,-2.1274245,-1.6614196,-1.2954068,-1.1870105,-1.5585765,-2.262077,-2.690098,-3.1126943,-2.795476,-2.2174919,-1.8342366,-1.6419702,-1.7458438,-1.9215057,-2.1680593,-2.2754529,-2.0552905,-1.8166555,-1.4320387,-0.9728543,-0.75955343,-0.71231455,-0.6095246,-0.47952902,-0.2894718,-0.14586738,-0.7459247,-1.1154652,-0.95333946,-0.773748,-0.6882585,-0.59786856,-0.8095147,-1.0402237,-1.1945298,-1.3699255,-1.6509725,-1.894427,-2.3673224,-2.7950552,-2.419614,-2.533637,-2.7666523,-2.1957965,-2.118794,-2.065662,-1.9116863,-1.7800804,-1.8844264,-2.043839,-2.5362782,-2.655578,-1.8465542,-1.242547,-0.5939436,-0.3896477,-1.171932,-1.2826924,-0.8798072,-0.6749355,-0.613553,-0.59721154,-0.83025414,-1.3296088,-1.8484671,-2.7234712,-2.3757927,-0.8985162,-0.38832837,-0.2492361,-0.2618975,-0.6293254,-0.9088941,-1.2504854,-1.6496649,-1.9665893,-2.0024366,-1.9595361,-1.9382368,-2.0797005,-2.179058,-2.2507463,-2.2481537,-2.197863,-1.7791151,-1.3844198,-0.78341,-0.44463688,-0.7211185,-0.99977213,-1.2416208,-1.367906,-1.5893173,-1.710849,-1.841877,-1.9179647,-1.9805474,-2.0479813,-2.108204,-2.182138,-2.1768372,-2.1496282,-2.1205904,-2.0805972,-2.2817514,-2.7601693,-2.560204,-2.5863929,-2.1903014,-1.5271072,-1.1065869,-1.051485,-0.867437,-0.77841485,-0.54563,-0.1410887,0.4651025,0.74825704,-0.0037946403,-1.3810911,-2.1631389,-2.2314954,-1.9562254,-1.8661503,-2.0476005,-2.1744123,-2.1975183,-2.0408442,-1.6646249,-1.3684256,-1.069902,-0.76756775,-0.6043848,-0.6514543,-0.67621034,-0.5492872,-0.2614689,0.044058904,0.23719649,-0.19397274,-1.1870029,-1.3653185,-0.92612725,-0.30932194,-0.39160383,-0.8656254,-1.0397315,-0.8029215,-0.6995642,-0.8118099,-1.0143983,-1.3504578,-1.6891036,-2.0987568,-2.2878284,-2.0507581,-1.7768683,-1.7991899,-1.956992,-2.1678696,-2.4095216,-2.476941,-2.520485,-2.3177404,-2.0851164,-2.0535302,-2.1069202,-1.8957878,-1.6441164,-1.569459,-1.649859,-1.6629972,-1.5736337,-1.5554132,-1.6397783,-1.7331879,-1.787221,-1.8769617,-2.0270576,-2.050817,-2.0394568,-2.4207702,-2.635524,-2.4207263,-2.2389464,-2.1040523,-1.7925559,-1.543689,-2.1675482,-2.6475153,-2.5557203,-2.4543514,-2.3401127,-2.2489378,-2.103307,-1.6802943,-1.4905977,-1.3789374,-1.3448191,-1.3371193,-1.3494072,-1.3830261,-1.414921,-2.1716928,-2.810484,-3.217493,-3.446448,-3.9854462,-4.0625978,-4.068454,-4.074426,-4.071159,-4.0664454,-3.945301,-3.6683931,-3.0165339,-2.420977,-2.2082734,-2.0877583,-1.5793533,-0.4256824,0.7376261,2.2918568,2.4351478,2.1748319,1.9593022,1.8029244,1.5335283,1.3517997,1.0592271,0.82972765,0.58172214,0.49966085,0.37718934,0.27647507,-0.36110532,-1.2192601,-1.2414796,-1.4983604,-1.9939511,-1.7357326,-1.250696,-0.8725513,-0.7264948,-0.9967718,-2.1035964,-2.5757692,-2.293678,-2.3621273,-2.4396434,-2.4557123,-2.386686,-2.353927,-2.3031306,-2.318691,-2.369861,-2.3258443,-2.2290673,-1.9907318,-1.6533537,-1.5263212,-1.3730044,-1.6266361,-1.563848,-1.8675478,-1.8676926,-1.8678095,-1.8677971,-1.8678057,-1.867801
-1.0436134,-0.96205556,-0.9935324,-0.97503555,3.220886,-1.0875723,-1.1542933,-1.2059237,-1.0306437,-0.36612007,-0.1979841,-0.38027072,-0.479183,-0.26737675,-0.21042372,-0.025408901,-0.27604985,-0.47971946,-0.7198386,-1.2652566,-1.7575673,-2.04214,-2.2748365,-2.035328,-1.7546294,-1.0319554,0.40863234,2.4641788,7.136874,9.969898,11.42896,11.811035,11.769331,11.593038,11.235052,10.76181,9.52186,7.81378,5.616443,3.269957,0.84690636,-0.35937005,-0.73494184,-0.6668675,-0.7200866,-1.232144,-1.7010179,-2.4608593,-2.5647879,-1.9980102,-1.6882612,-1.5244436,-1.555275,-1.4941838,-0.94343716,-0.41701144,-0.3832957,-0.7714821,-1.1682726,-1.2441103,-0.637344,0.4583845,0.96134275,0.4753954,0.24115181,-0.1251736,-0.18976344,-0.23950715,-0.17530699,-0.13656515,0.07746588,0.30243334,0.13649966,-1.7918899,-2.185656,-1.8479269,-1.1572466,-0.20336458,0.5659056,0.43254316,0.07594509,-0.21951838,-0.3714835,-0.5839,-0.5448399,0.02547416,0.53482044,0.16290513,-0.4882275,-0.32177746,0.7210951,1.849288,3.232442,5.7350893,7.7975216,8.994732,10.353025,11.451522,11.673585,11.723199,11.673523,11.658035,11.688824,11.712263,11.57069,10.988478,9.244869,6.6624775,2.3452342,0.45223296,0.14163314,0.5155664,0.856143,0.90536785,1.0838424,1.3180599,1.4608015,1.5206358,1.8121508,2.0169423,2.1071377,1.7867731,1.437723,1.1149267,0.6872914,0.3275895,0.13743551,-0.46130407,-0.6830137,-0.20011146,-0.148649,-0.021019347,0.14016151,-0.032028906,-0.16333455,-0.30888474,-0.85210454,-1.5366637,-2.5145986,-2.621634,-2.1336393,-1.7522349,-2.1796012,-2.433504,-2.355259,-2.1236124,-1.2789874,-0.8253864,-0.7534826,-0.7887015,-0.9137175,-0.988369,-0.91620314,-0.6093328,-0.71229905,-1.2210855,-1.858279,-2.2331517,-2.4530225,-2.6259146,-2.6457462,-1.8807733,-1.2270614,-1.6376913,-1.4293065,-0.6440129,0.025891185,0.058858998,-0.3018478,-0.5353829,-0.630321,-0.17642544,1.4104353,3.5902374,7.766444,10.313253,11.853861,12.296118,12.298433,12.269095,12.170176,11.620539,10.466381,9.520757,8.178776,5.6786203,2.7072737,1.1033193,-0.5104505,-0.9346906,-1.169596,-1.0734643,-0.7464186,-0.45480582,-0.27068216,-0.13468874,6.496906e-05,0.33412883,0.53664756,0.19518115,-0.55907893,-1.2558415,-1.3624244,-1.3010241,-1.2631378,-0.94971824,-0.023684427,2.0940795,5.5708203,8.154026,9.743174,10.704226,10.963697,10.855441,10.61867,10.367579,9.91645,9.023001,7.2152777,5.071592,3.3724236,2.563705,1.9866362,1.1269192,0.047483116,-0.8599098,-2.239623,-2.0444696,-1.5077138,-1.8043947,-2.4247272,-2.6245599,-2.643671,-2.5618017,-2.4371085,-2.120273,-1.8345914,-1.8136692,-1.7146535,-1.731183,-1.8175166,-1.9183023,-1.7790012,-1.5561805,-2.2894628,-3.0422864,-3.061703,-2.9847744,-2.965312,-2.8360434,-2.7206984,-2.4553297,-2.3349626,-1.5987668,-1.0123912,-0.5293353,-0.44615996,0.35992604,1.4059405,1.9560148,2.654544,2.3286872,1.8278177,1.7228503,1.9746511,3.0358691,5.16679,8.542252,10.499152,10.886572,10.500195,10.114011,10.010598,9.9983425,9.92073,9.9231415,9.843937,9.665984,9.043493,8.524908,7.628102,6.7549686,5.899106,5.2308483,4.542637,4.054946,3.2209396,3.2207918,3.2208369,3.2208188,3.2208195,3.2208214
0.6318549,0.3133144,0.12528658,0.10656014,-1.9821067,0.046786904,-0.011608362,0.047210082,0.17146765,-0.15843041,-0.21254653,-0.03911649,-0.36278245,-0.7178205,-0.92947555,-1.0340399,-0.8362341,-0.51207304,0.30158812,1.5110846,2.182393,2.3026724,2.9375582,3.863842,4.379132,4.618105,4.6791053,4.497053,4.3972273,3.6667495,1.4823456,0.6569685,0.6606881,0.8803449,0.70510757,0.5298817,0.649136,0.63794935,0.38926575,0.0683476,0.20254646,0.44721144,0.19913505,0.085509986,-0.17768055,-0.54174227,-0.5820322,-0.75064003,-0.8571334,-0.65880394,-0.47275293,-0.32690886,-0.24347714,-0.31237647,-0.47614604,-0.9091562,-0.8849072,-0.10480401,0.39310375,0.59345394,0.6363781,0.45701432,0.9740808,1.6059196,0.8464292,0.20172031,0.00546515,-0.1480896,-0.24275528,-0.30014503,-0.25907606,-0.17394343,0.021651894,0.8793704,0.9198622,0.69325644,0.59413236,-0.05691123,-1.0934494,-0.8698593,-0.317225,0.0709922,0.2401354,0.66346383,1.391175,1.343857,1.0271183,1.1219457,2.4260862,4.9067545,7.629052,9.257605,9.609268,9.370562,8.60215,7.7004576,5.9359403,3.168652,2.0532515,1.5608702,1.6216667,1.6324115,1.6004828,1.5324535,1.9738803,3.171557,5.848697,8.21599,9.6702385,9.850392,9.815791,9.586526,9.31218,9.128736,8.726731,8.286224,7.5383496,6.835584,6.1010838,5.3473845,4.732266,4.1433487,4.154709,4.5041404,5.1425834,5.5964746,5.4745874,5.4096313,6.6863513,7.6350694,8.301901,9.033537,9.538567,9.655952,10.080648,10.352402,10.6843605,10.809839,11.126066,11.029624,10.496851,8.21198,4.1439466,1.9256799,0.54726464,0.12003261,0.38152438,0.66523993,0.5672871,0.38423085,0.5703515,0.68047315,0.60727054,0.9259888,1.3075011,1.5169647,1.8174369,1.9696672,2.3193955,2.5527024,2.2932494,1.0944419,0.4843479,-0.9705555,-1.0999746,-0.14242288,0.48475116,0.42480984,1.2521822,1.5210612,1.3728218,0.83283484,-0.38969207,-1.1591928,-0.82804304,0.17793778,0.14713772,-0.13194777,-0.20536053,-0.1698567,-0.12207859,-0.025673036,0.2944138,0.60176027,0.8516544,1.0835406,1.008845,0.9128133,0.50655407,0.46347415,0.579401,0.3840147,-0.21520679,-0.6385226,-0.7624562,-0.97827935,-1.0738188,-1.0592446,-0.91133535,-0.6010499,-0.12473289,0.5410983,0.7681901,0.8398245,1.2432548,1.5160358,1.4377365,0.9952795,0.48180193,0.6165178,0.5550814,0.10620704,-0.3131295,-0.4999529,-0.5563361,-0.7316097,-1.114242,-1.2179759,-1.0828638,-1.3104286,-1.4867724,-1.6039786,-1.5086238,-0.89863175,-0.01127246,0.9245589,1.0734085,0.4309011,-0.07435687,-1.1670922,-1.2396086,-1.2948025,-1.5459832,-1.6396172,-1.7221296,-1.8392904,-1.9944761,-1.6777687,-1.3478127,-0.81747967,-0.15546918,0.47095805,0.4482848,0.04353708,-0.28289923,0.26261336,0.4700447,0.430398,0.42649388,0.4233454,0.39302135,0.38386744,0.39099818,0.3450913,0.3256573,0.072766274,0.00033911318,0.01868255,0.47662565,0.6655477,0.39950925,-0.47548056,-0.76431537,-0.5458444,-0.25089738,-0.20398724,-0.28223774,-0.59056467,-0.29586124,-0.19521986,-0.14740382,0.05204478,-0.018220663,-0.11363268,-0.14354828,-0.13141355,-0.2943834,-0.6017577,-1.260557,-1.6950839,-2.066639,-2.4028995,-2.2114801,-2.0132716,-1.2593942,-0.79781765,-1.982076,-1.9821056,-1.98219,-1.9821835,-1.9821957,-1.9821984
0.041181162,0.019911237,0.1266169,0.16713335,-0.77182186,-0.077218294,-0.14092499,-0.19975364,-0.034053173,0.7895085,2.0151787,2.892356,3.2813196,3.3000748,3.407156,3.4903235,3.506116,3.3155487,3.106906,2.5771854,2.2791936,1.8324383,1.8254876,2.2450554,2.395864,2.3596573,2.2677364,2.2216783,2.1370342,3.0238943,4.1610518,4.2050853,3.922338,3.66719,3.4554946,3.1631114,2.4932494,1.9938493,1.7923518,2.325166,3.0238614,3.5803092,3.759829,3.6478515,3.6612053,3.5760412,3.4038668,2.8529477,2.318801,3.6014175,4.4508896,4.8190107,4.8418036,4.379266,3.2863002,2.7618425,3.1328669,3.2142363,3.0241437,2.636425,1.8256068,0.9551651,0.95012736,2.4776568,3.113286,2.9385,2.7002656,2.5917444,2.4412389,2.1161125,1.9410238,1.6205269,1.3998429,2.2246506,2.5078137,2.4583545,2.264018,1.542744,1.0988432,1.973161,2.605809,2.8730137,2.967919,2.9088073,2.5680132,1.7758412,1.2375829,1.4645098,2.2400696,1.6662915,0.89577544,1.4581178,1.8250265,1.9383476,2.12028,2.6342235,3.622695,4.717989,5.011646,5.0871377,5.1270046,5.0362973,4.9502225,4.799163,4.462087,3.8718936,2.643487,2.0368774,2.0680144,2.0525944,1.9128569,1.7410476,1.5656574,1.4454857,1.2323564,1.0499868,0.9590775,0.99294674,1.1121455,1.2641097,1.3533877,1.3273352,1.3982022,1.3280041,1.0810174,1.0768383,0.86373496,-0.005641885,-0.19895896,0.21295328,0.6755168,1.0696497,1.3977113,1.227187,1.5647292,1.6998123,1.6588507,1.6633455,1.9678731,1.7618643,1.3812414,1.5454141,2.2599792,2.331631,2.1236753,1.7054447,1.0092098,0.5296702,0.3460745,0.20216955,0.10988563,0.059517503,0.30572462,0.89774424,1.2198982,1.4090285,1.748785,1.9783549,2.191464,2.3305998,2.173616,1.2298119,1.7841616,2.8503346,3.1812396,2.3412619,1.4213578,1.5055898,2.013012,2.289959,2.4599338,2.54001,2.5304785,2.322608,2.1965966,3.1099257,4.107523,4.649959,4.8466644,4.8412805,4.72478,4.251897,3.123417,2.4267025,1.9762828,1.7881947,1.8185182,1.5243694,1.0681338,1.2702496,1.923712,2.755738,3.3792062,3.6130471,3.6084964,3.5248322,3.4245944,3.397196,3.340972,3.0964499,2.5823867,1.6182355,1.0891088,1.1281388,1.6620965,1.9913446,1.9947712,1.7081292,1.3130106,1.4718983,2.8138905,4.050848,4.5379043,4.4821243,4.2383485,3.8113527,3.3437304,2.7218928,2.3855615,2.716742,2.805796,2.6707377,2.5560408,2.2064252,1.662333,2.0092106,2.8176713,2.4988267,2.2540727,2.4398248,2.4761245,2.396072,2.2208657,2.1087036,2.1756978,2.110643,2.0512066,2.859578,4.1757364,4.619051,4.602032,4.017729,2.9239984,1.9309394,2.0772166,2.8421488,2.866294,2.855957,2.8136725,2.7631652,2.7077615,2.6492481,2.5264497,2.2848167,2.2956984,2.4529,2.6191502,3.194964,3.7303438,3.8266966,4.0193095,4.287797,4.339414,4.3938675,4.2946405,4.046787,3.4702885,3.0598004,3.6934376,4.1135874,3.7752373,3.385038,3.2682211,3.2535434,3.2428963,3.312478,3.1477604,2.996313,2.364707,1.8806133,1.3389717,0.7307906,0.27157438,0.020388037,0.048503697,0.39025736,-0.7715523,-0.77177733,-0.77179074,-0.7717993,-0.77179664,-0.7717905
-5.342666,-5.316077,-5.2474146,-5.1422443,-4.6377335,-4.9259186,-4.711828,-4.3859277,-3.7446206,-3.6303988,-3.7543628,-3.34178,-2.8984022,-2.7396915,-2.5687332,-2.3470223,-2.3472323,-2.5754557,-2.9994178,-3.5351996,-3.7417283,-3.8409452,-3.9674885,-4.702298,-5.171187,-5.393615,-5.3863688,-5.183467,-4.699769,-4.289974,-3.7902987,-3.5682664,-3.705755,-3.8385472,-3.8755956,-4.033286,-4.5564976,-5.055709,-5.3514714,-5.4106503,-5.137952,-4.781127,-4.510242,-4.479675,-4.126412,-3.7179775,-3.7627258,-3.6026149,-3.4447808,-3.9919982,-4.490288,-4.732237,-4.7785945,-4.539109,-3.9228857,-3.3066912,-3.4455416,-3.5967524,-3.569595,-3.3058968,-2.6823316,-2.0925348,-2.2798233,-3.9763882,-4.7122035,-5.112446,-5.1533117,-5.0046716,-4.914035,-4.5847387,-4.3676195,-3.67307,-3.2059987,-3.738937,-3.9511633,-3.6486359,-3.2237883,-1.950731,-0.6910194,-0.83810425,-1.3437082,-1.7817347,-2.0212405,-2.299484,-2.7715259,-2.9575908,-3.0361097,-3.7442288,-4.819807,-5.0996532,-5.1343384,-5.3711996,-5.433484,-5.1594887,-4.872326,-4.765562,-4.593891,-4.2134223,-4.0287986,-3.9739451,-4.10619,-4.2090464,-4.3667407,-4.4192653,-4.491687,-4.82957,-5.247463,-5.6277924,-6.1842604,-6.315326,-6.1420693,-5.9415174,-5.771849,-5.6321793,-5.4049177,-5.2802825,-5.2498093,-5.297557,-5.337668,-5.4166856,-5.496825,-5.5482235,-5.55839,-5.6188135,-5.6352153,-5.6669726,-5.6203995,-5.49731,-5.6335745,-5.781009,-5.811514,-5.7503176,-5.68277,-5.6027737,-5.502446,-5.387047,-4.9717693,-4.8260584,-5.2384644,-5.3031816,-4.7945204,-4.622418,-5.0054193,-5.0549464,-4.934714,-4.8827085,-4.9015813,-4.7619967,-4.7289076,-4.764317,-4.8981876,-5.042129,-5.086026,-4.831433,-4.2275186,-4.072176,-4.084628,-4.2468243,-4.134054,-3.921205,-3.6338434,-2.8714435,-3.6441169,-4.2411175,-3.9044397,-3.3483434,-2.8759518,-2.8204248,-3.1863678,-3.4130669,-3.6765265,-3.8044314,-3.7055879,-3.5172844,-2.951895,-3.230272,-3.3841264,-3.147645,-3.146006,-3.3990211,-3.927449,-4.610482,-5.153498,-5.3373895,-5.311696,-5.2573776,-5.3474617,-5.1340113,-4.4971933,-4.174955,-3.9580474,-3.5474658,-2.9213307,-2.262012,-1.7466549,-1.5680707,-1.6501951,-1.7069819,-1.7136734,-1.7947772,-1.8232965,-1.4339068,-1.1322533,-1.298666,-2.1399992,-2.9776049,-3.384583,-3.4590554,-2.890004,-2.273298,-2.633152,-3.11423,-3.1534057,-3.0905745,-3.1917324,-3.211245,-2.9765735,-2.593441,-2.2048612,-1.88398,-2.0155354,-2.1067193,-2.1763408,-2.5455403,-3.0759137,-4.0242743,-5.407301,-5.5363245,-5.3216643,-5.384509,-5.250573,-5.0864363,-4.881749,-4.7704773,-4.656724,-4.429139,-4.2159696,-4.7070084,-4.7973337,-4.580295,-4.48345,-4.185555,-3.204384,-2.0719733,-1.8965461,-2.6996732,-2.8296776,-2.8868477,-2.8695314,-2.8380284,-2.8123622,-2.7379851,-2.5954435,-2.5268312,-2.7126727,-2.9972653,-3.139345,-3.7710567,-4.7544746,-4.9180593,-5.083269,-5.018903,-5.0070553,-5.064739,-5.1176558,-4.8594623,-4.541748,-3.8875256,-4.682306,-5.168705,-5.4062223,-5.611921,-5.6102467,-5.586579,-5.552607,-5.589268,-5.6273603,-5.744709,-5.7421055,-5.5643935,-5.3563995,-5.330983,-5.5738983,-5.6122904,-5.638062,-5.8259706,-4.6380787,-4.6378,-4.6376944,-4.637686,-4.6376815,-4.637687
