0,1,2,3,4,5,6,7,8,9,10,11,12,13,14,15,16,17,18,19,20,21,22,23,24,25,26,27,28,29,30,31,32,33,34,35,36,37,38,39,40,41,42,43,44,45,46,47,48,49,50,51,52,53,54,55,56,57,58,59,60,61,62,63,64,65,66,67,68,69,70,71,72,73,74,75,76,77,78,79,80,81,82,83,84,85,86,87,88,89,90,91,92,93,94,95,96,97,98,99,100,101,102,103,104,105,106,107,108,109,110,111,112,113,114,115,116,117,118,119,120,121,122,123,124,125,126,127,128,129,130,131,132,133,134,135,136,137,138,139,140,141,142,143,144,145,146,147,148,149,150,151,152,153,154,155,156,157,158,159,160,161,162,163,164,165,166,167,168,169,170,171,172,173,174,175,176,177,178,179,180,181,182,183,184,185,186,187,188,189,190,191,192,193,194,195,196,197,198,199,200,201,202,203,204,205,206,207,208,209,210,211,212,213,214,215,216,217,218,219,220,221,222,223,224,225,226,227,228,229,230,231,232,233,234,235,236,237,238,239,240,241,242,243,244,245,246,247,248,249,250,251,252,253,254,255,256,257
11.968183,11.941427,11.801926,11.938685,11.643348,11.174267,10.701389,9.676689,8.759542,7.4593315,6.172326,4.1272187,3.8480642,3.6490712,3.5814228,3.3611062,3.29634,2.892262,2.333391,1.5225704,1.2116871,1.2204847,1.3060408,1.1127476,0.9239959,0.7937476,0.8973583,0.8994523,0.83045197,0.81860393,0.95221853,0.96537256,0.66920257,0.25202584,0.28091073,0.6134778,1.0865325,2.0591867,2.7850266,3.161934,3.2182045,3.3155413,3.0989614,2.4330192,1.796659,1.219647,0.75982577,0.7660822,0.7004154,0.47687504,0.21869273,0.10549185,0.015112355,-0.1112736,-0.1267816,0.39879516,0.6750848,1.0677395,1.1983747,1.2311791,1.310202,1.291823,0.8469038,0.61603737,0.16713426,0.24668975,0.4293359,1.5445515,2.2141585,1.3261433,0.2438694,-0.17763354,0.00643304,-0.051143438,-0.09476498,-0.023751646,-0.054490596,-0.062428534,-0.04614538,-0.014221191,0.01881677,-0.035077065,-0.08502656,-0.15671182,-0.1260467,0.43092093,0.73979473,0.29923266,0.1989034,0.2305021,0.18713942,0.09575248,-0.090395,-0.14267899,-0.14479798,-0.18930537,0.1756014,0.6633626,1.2822928,2.2652318,2.894703,3.5696912,4.0889244,4.685854,5.6621675,6.1476955,4.9569306,4.2513,3.71224,3.005136,1.753521,0.40966663,0.26947987,0.5676212,0.6117841,0.29581434,-0.39393952,-0.88646555,-0.96206367,-0.609995,-0.3279391,-0.23162663,0.14616096,0.04885672,-0.054950066,0.06123115,0.4058937,0.1837762,0.28012738,0.55008197,0.55784345,1.6352818,2.2633536,2.6597648,2.9545708,3.2541661,3.7880569,4.504057,5.6931753,7.1077843,8.220999,9.154269,9.4806595,9.343123,8.401421,5.95592,4.3440757,4.0554214,3.9986815,3.9808307,3.909669,4.2662945,4.9732366,5.5213127,5.5288334,5.1682715,3.825402,2.3650322,0.98140013,0.1616349,-0.34145287,-0.50178313,-0.61662185,-0.9542481,-1.053151,-1.0907973,-1.1095095,-1.1232166,-1.0469735,-0.92581725,-0.8467855,-0.53702915,-0.10368353,0.05967784,0.14275552,0.5519999,0.7193191,0.8423532,1.165755,1.5580868,1.7364833,1.9592209,2.2176135,1.8361362,1.1953717,0.6847222,0.9418596,0.92102486,1.0891924,1.2084336,1.4204569,1.7452723,1.9353249,2.3252358,3.343793,4.8640213,6.346247,7.123061,7.540621,7.8466425,7.38716,5.0746903,4.4468184,4.2705,4.0246954,4.0006595,3.2679458,2.138824,1.0553145,0.49785134,0.45080477,0.46465218,0.95526135,1.4872017,1.5559824,1.6513789,1.7772741,2.0233047,2.121311,2.0193758,1.9775305,2.0537925,2.1646442,2.1100183,2.0149488,1.7372519,1.6753812,1.6968403,1.9638383,1.8631877,1.6721004,2.1063585,2.6109335,2.9659557,2.9764323,2.7956545,2.848928,3.0950754,3.540142,3.8759816,3.8837767,4.5295253,5.3213053,6.741942,7.778389,8.725929,9.688376,10.960708,11.277086,11.388094,12.019748,12.843817,12.882192,10.220068,10.218271,10.218197,10.218077,10.218043
-2.5726624,-2.62364,-2.6636617,-2.6176739,-2.6127522,-2.6878738,-2.7618852,-2.719072,-2.7272167,-2.6725225,-2.7329297,-2.5459485,-2.20083,-2.1764667,-2.2450943,-2.2901154,-2.3212495,-2.4325085,-2.4271495,-2.285049,-2.2890267,-2.2661505,-2.2698133,-2.262845,-2.2905238,-2.2494152,-2.228124,-2.1745222,-2.2140253,-2.285473,-2.3732834,-2.5033083,-2.7361722,-2.8323774,-2.5370364,-2.1512403,-1.9934837,-2.2316403,-2.5230386,-2.5792804,-2.5206337,-2.461496,-2.3355393,-2.1380067,-1.9865131,-1.8036458,-1.7366366,-2.2246745,-2.4673007,-2.0917604,-1.4193558,-1.0311784,-0.785182,-0.71413046,-0.72870874,-1.3360677,-1.6543411,-1.604578,-1.503384,-1.5220395,-1.6729379,-1.8462874,-1.9579448,-2.4630377,-2.9564118,-3.0750716,-2.7659564,-2.0313296,-1.2530432,-1.1276503,-1.3405566,-2.18804,-2.5678952,-2.3934448,-2.0844293,-1.8989264,-1.7728524,-1.6629903,-1.562839,-1.3268824,-1.0174584,-0.6979259,-0.5506433,-0.5354935,-0.5515971,-0.56058264,-0.5799226,-0.59207827,-0.8067983,-0.75969416,-0.7084266,-0.6372429,-0.7809119,-0.890946,-1.0435264,-1.2200475,-1.3843663,-1.5005641,-1.7250158,-2.1704235,-2.4988265,-2.8346553,-3.172484,-3.3071256,-3.173724,-2.9362514,-2.503993,-2.4016476,-2.3565972,-2.2198453,-2.013925,-2.1792102,-2.6325924,-2.879789,-2.9216266,-2.875903,-2.8328016,-2.8062282,-2.635865,-2.042987,-1.1759512,-0.06440957,0.7643524,1.7070895,1.7552942,1.929747,1.8648353,1.3823442,0.3961358,-0.7157701,-1.2987336,-2.197315,-2.5778055,-2.718192,-2.7899761,-2.8488104,-2.913731,-2.9625795,-2.7899768,-2.5652606,-2.5370903,-2.5218797,-2.5016165,-2.5115757,-2.5944107,-3.3852167,-3.8219519,-3.8695946,-3.7254305,-3.2671742,-2.681695,-2.297678,-2.0552073,-1.8906151,-1.800346,-1.8436918,-1.8049457,-1.8654253,-1.931282,-2.063922,-1.8832442,-1.5895888,-1.3912146,-1.134717,-1.0447733,-1.0150354,-0.99594295,-0.95321864,-0.9413547,-0.9442935,-1.1056359,-1.4819411,-1.8790972,-1.921078,-1.8874967,-2.0972457,-2.2967072,-2.3158345,-2.1778522,-2.0895863,-2.0442019,-1.5850546,-1.3131926,-1.4594495,-1.7226416,-2.2112675,-3.0909886,-3.327099,-2.870234,-2.3226116,-2.0052037,-1.7470278,-1.5336698,-1.7391176,-1.9925153,-2.5057602,-2.9869096,-3.3823519,-3.5041661,-3.5583103,-3.6589928,-3.6006262,-3.409701,-3.3160467,-3.17474,-3.0227363,-2.8138428,-2.6194968,-2.4286802,-2.395495,-2.1728199,-1.6280172,-1.4431807,-1.4616389,-1.4844784,-1.5149922,-1.476119,-1.3997269,-1.3826599,-1.3457187,-1.3133775,-1.2997088,-1.3207656,-1.309619,-1.3149322,-1.4803991,-1.6548407,-1.5514477,-1.4803661,-1.4517809,-1.6203767,-2.0279493,-2.3446636,-2.547798,-2.6291928,-2.6141496,-2.6563463,-2.6917794,-2.7226934,-2.6799498,-2.6207376,-2.6554005,-2.8061574,-2.8921297,-2.7895622,-2.834897,-3.147073,-3.8314419,-3.837867,-3.8548496,-3.3490086,-2.5843728,-2.5303133,-0.8158481,-0.8151612,-0.8151597,-0.8150558,-0.8150649
0.19247851,0.14223686,0.1007396,0.049488068,-0.009730458,-0.114979774,-0.30407143,-0.2659745,-0.25078744,-0.22740382,-0.20598865,-0.30758965,-0.16023332,-0.135375,-0.18412566,-0.2791222,-0.38593036,-0.37094843,-0.4079156,-0.46956354,-0.62770325,-0.80461663,-0.9961369,-1.039771,-0.9780882,-0.91735256,-0.88849616,-0.87139463,-0.7916948,-0.6990192,-0.5790399,-0.54256356,-0.64448273,-0.98095953,-1.4676881,-1.7592164,-1.9272734,-2.0434542,-1.9491299,-1.8458822,-1.800636,-1.7348804,-1.698023,-1.5765387,-1.5418706,-1.4690624,-0.90185684,-0.31087178,-0.57737654,-0.5923596,-0.41613758,-0.29286107,-0.2509671,-0.21371906,-0.36097124,-0.6625403,-0.9363101,-1.4591744,-1.6233678,-1.7991989,-2.037616,-2.3117585,-2.3518128,-2.0782516,-3.1272168,-3.3790789,-3.0028994,-2.3530655,-2.3060842,-2.3201408,-2.9670188,-2.9569144,-2.8812346,-2.9731574,-3.0729847,-3.114706,-3.1188755,-3.0933738,-3.0901601,-3.0407803,-2.9374034,-2.8080823,-2.6915278,-2.6635756,-2.7029305,-2.7174678,-2.8388062,-2.9957123,-2.9795375,-3.0234005,-3.0672884,-3.0244656,-3.0190396,-2.9979007,-2.989787,-2.9727988,-2.9286466,-2.9007537,-2.7953553,-2.5110195,-2.2014713,-1.6687307,-1.2423681,-0.6193172,-0.17117976,0.2516623,0.54704636,0.67374843,0.8718846,0.8268415,1.1471585,0.8758732,-0.161407,-0.87860394,-1.4707305,-2.0204415,-2.3197792,-2.564477,-2.7689743,-3.048986,-3.1537094,-2.7285964,-2.4464915,-2.6639764,-2.7697697,-2.9944873,-3.2937157,-3.0725205,-2.521813,-1.724762,-1.2882242,-0.50645065,-0.0077112615,0.024521858,-0.048646867,-0.2270599,-0.5011385,-0.47339314,0.067795135,-1.2127542,-1.4198259,-1.5314326,-1.6587586,-1.6916922,-0.8084696,0.6512606,1.1934553,1.1868458,0.5234826,-0.36637515,-0.28682902,0.39586467,1.296222,1.9405038,1.9804143,2.3740926,2.666792,2.6462598,2.1435208,1.3942078,0.87024105,0.15524423,-0.9837066,-1.880739,-2.2969258,-2.47404,-2.5478985,-2.5440695,-2.3348646,-2.1069336,-1.9147909,-1.7093482,-1.4797608,-1.6835071,-2.0158548,-2.062243,-2.1460223,-2.4414504,-2.598482,-2.3250313,-1.6811755,-1.1876115,-0.8459867,-0.8712317,-1.1964942,-1.7774959,-2.3964772,-2.8351648,-2.836793,-2.4565876,-2.2473311,-2.3725383,-2.5067062,-2.4548626,-2.244767,-2.0719147,-1.9199452,-1.9162974,-1.7788432,-1.7543638,-1.6775205,-1.4185777,-1.3908335,-1.4535708,-1.4755614,-1.5310073,-1.6235979,-1.6362646,-1.6433841,-1.7274063,-1.9830544,-2.1268747,-1.7745687,-1.4107895,-1.3265264,-1.2992508,-1.2814622,-1.3316998,-1.3340049,-1.2391572,-1.194665,-1.2104404,-1.2592084,-1.2504758,-1.247061,-1.4861224,-1.766585,-1.8015699,-1.4417391,-0.974499,-0.84049755,-0.24196987,0.3014456,0.36489242,0.1743575,0.19276074,0.24800357,0.45182478,0.46242929,0.46613964,0.4643024,0.351613,0.37736142,0.443224,0.37824428,0.22878636,0.20718263,-0.543333,-0.756387,-0.6903539,-0.7262263,-0.5117048,-0.52383447,0.8282674,0.82857734,0.8286015,0.82858944,0.8286128
-3.3332648,-3.3726685,-3.4310665,-3.3191001,-3.4557772,-3.5817616,-3.41408,-2.7094355,-2.304073,-2.2191885,-2.3588543,-2.2827773,-2.167592,-1.8129343,-1.7395867,-1.6009216,-1.4539287,-1.4491957,-1.4766072,-1.3802915,-1.3674963,-1.1892582,-1.2390567,-1.2516754,-1.2709337,-1.1655043,-1.106013,-1.0258416,-0.9410502,-0.97743535,-0.9701356,-1.01895,-1.2398847,-1.767457,-1.829834,-1.5910246,-1.2187973,-0.9891406,-1.2277896,-1.5064279,-1.7793878,-1.9845141,-2.0570052,-1.965635,-1.786745,-1.7963917,-1.9762044,-2.2179592,-2.3063264,-1.9864162,-1.4625809,-1.2781866,-1.1292175,-1.0016329,-1.1797103,-1.5269272,-1.7252653,-1.482824,-1.391345,-1.4131278,-1.679679,-1.8016987,-1.6242667,-1.4052408,-2.3370507,-2.1710453,-1.756536,-1.0302367,-0.4935544,-0.47230488,-0.72565615,-1.0330074,-1.1044652,-1.3606651,-1.7197123,-1.9228175,-1.9422252,-1.9572394,-1.9277692,-1.8283124,-1.5954778,-1.1863964,-0.9074334,-0.7916807,-0.77917784,-0.84550595,-0.73147213,-0.6280569,-0.80692315,-0.75800145,-0.7401968,-0.6134387,-0.5773442,-0.5447817,-0.7014005,-0.90482783,-1.0901381,-1.1513264,-0.9534323,-0.6149901,-0.29539812,-0.019628607,-0.18487637,-0.74972177,-0.9722452,-1.2052969,-1.4009523,-1.3994923,-1.5080487,-1.5451858,-1.1673918,-0.9647722,-1.0830029,-0.8860422,-0.4642697,-0.30352724,-0.71958333,-1.2634288,-1.7504636,-1.8127805,-1.5867677,-0.5930321,0.3620607,1.0791553,1.2193396,1.4289591,1.5886302,1.1781725,0.45663208,-0.39804077,-0.76410735,-1.443517,-1.7537035,-1.9628332,-2.0820436,-2.2233655,-2.2724462,-1.8957088,-1.7560371,-1.98487,-2.0515957,-2.1798358,-2.296969,-2.4698992,-2.323969,-2.0403497,-1.8088384,-1.6904582,-1.7578509,-1.8079975,-1.5065043,-1.4749088,-1.5628026,-1.3860264,-1.2750169,-1.3124973,-1.19056,-1.1375154,-1.0525835,-0.9410307,-0.6209601,-0.5165415,-1.1069624,-1.5587593,-1.7230685,-1.7847935,-1.7789898,-1.742677,-1.6758177,-1.5316796,-1.3024056,-1.351477,-1.7608575,-1.8373113,-1.9734266,-1.6489738,-1.662689,-1.7912861,-1.7836807,-1.3860631,-0.81818485,-0.16343993,0.3083654,0.30148938,0.06333433,-0.52651066,-1.3447276,-1.5973073,-1.6258192,-1.4936996,-1.4014767,-1.3468031,-1.4889609,-1.9132394,-1.8620701,-1.809422,-1.9773587,-2.220256,-2.1946402,-2.1780033,-2.264769,-2.3306124,-2.171076,-2.1970143,-2.111136,-2.0797377,-2.0045693,-1.8583815,-1.6790369,-1.6345445,-1.4768178,-0.92831784,-0.665141,-0.61926866,-0.7416835,-0.9137604,-0.97515416,-0.9999987,-1.0751367,-0.96337485,-0.8190026,-0.7247716,-0.7053067,-0.6444886,-0.6275157,-0.9418012,-1.3349124,-1.3825936,-1.1752682,-0.9579338,-0.85743505,-1.1607932,-1.5728387,-2.0709417,-2.3738966,-2.4261622,-2.5117848,-2.5786612,-2.6417947,-2.64496,-2.47403,-2.4987893,-2.692755,-2.633926,-2.4787145,-2.3241,-2.0029914,-2.0475368,-1.9346838,-1.8491838,-1.2219958,-0.9980834,-1.0796874,0.12152389,0.122161746,0.12216759,0.12224463,0.12226659
0.37435997,0.37719104,0.31639692,0.4667909,0.25959545,-0.087430865,-0.21529973,-0.3907585,-0.6343289,-0.7672216,-0.78639674,-0.4440137,-0.65930337,-0.8338469,-0.7393231,-0.7172417,-0.8719548,-0.99125695,-0.8961295,-0.8781183,-0.5850432,-0.48764434,-0.43238646,-0.39967483,-0.40785614,-0.47530535,-0.64694166,-0.6866813,-0.65895164,-0.6508605,-0.75495523,-0.7463126,-0.59222436,-0.28670698,-0.32285583,-0.3747549,-0.66098726,-0.668514,-0.4438436,-0.23639128,-0.10724424,0.024590135,0.19155353,0.2827173,0.27313408,0.5787944,1.0140867,1.6892694,2.0833526,1.699016,0.962966,0.5500662,0.25475454,0.116394654,0.037722662,-0.13112324,-0.30647996,-0.8843863,-1.3392017,-1.4678495,-1.5723461,-1.6000324,-1.6455917,-1.0760647,1.3110011,2.2675624,1.3566985,-0.45410046,-1.2185932,-1.4008828,-1.0881579,-1.255581,-0.9134924,-0.22870111,0.43507794,0.9093957,1.1905895,1.2870497,1.29332,1.1518166,0.8951216,0.63539875,0.53452903,0.6812238,1.0321846,1.190458,1.4595057,2.2911582,2.8901258,2.8315578,2.6844249,2.3175812,2.5854883,2.8368115,3.195827,3.6691868,3.9535053,4.069186,4.0219855,3.5778308,2.912737,1.9030545,0.95173573,-0.44794518,-1.2547505,-1.4029224,-1.0141866,-0.8434448,-0.6440493,-0.54600435,-0.8111207,-1.2897484,-1.1005764,-0.4976672,0.02265048,0.79960173,1.530029,2.039234,2.5596926,2.9323955,2.706223,1.2640271,-0.09350529,-0.067009926,0.31676814,0.4131692,0.3607873,0.5467765,0.59204096,0.09434689,-0.99263585,-2.6449463,-2.9226224,-2.6608593,-2.4861243,-2.230049,-1.6292214,-0.995579,-0.44395423,0.1666087,0.24462475,0.45234418,0.35403147,0.18998523,-0.4040572,-0.23123865,0.4037913,0.88295513,1.53673,1.9219964,1.1592927,-0.32110378,-1.2640162,-1.575108,-1.7047077,-1.9876194,-2.1623592,-2.127365,-1.7485827,-0.78862935,0.6166116,2.198824,3.7470112,4.476837,4.647141,4.6843634,4.671145,4.5475864,4.370698,4.0152392,3.3649845,2.3967266,1.495832,0.6347803,0.23554665,0.08682534,0.22293086,0.74645257,1.1859286,0.7141614,-0.45188928,-1.1378409,-1.4077277,-1.3833857,-1.1395321,-0.945853,0.016105156,1.0509158,0.98652214,0.27295753,-0.41676468,-1.0953022,-1.5581559,-1.8890531,-2.4533617,-2.921854,-2.7917526,-2.2210717,-1.9439659,-1.7014203,-1.272961,-1.0342524,-1.0832546,-1.1422682,-1.0982912,-1.0906904,-1.2589569,-1.3939621,-1.4816406,-1.0966225,-0.70963776,-0.57022196,-0.52016944,-0.55263984,-0.5470691,-0.5584992,-0.5587562,-0.55417883,-0.4478678,-0.51550776,-0.6024489,-0.58946705,-0.517555,-0.53017014,-0.44270355,0.022852689,0.60724187,0.7307423,0.4228651,-0.4288554,-1.0983567,-1.7631229,-1.9542091,-1.7450969,-1.5263963,-1.4682342,-1.3145088,-1.286842,-1.1950758,-1.242379,-1.3102589,-1.1549408,-0.9391203,-0.6397331,-0.46753606,-0.40777886,-0.7912477,-1.3384302,-1.4009566,-1.2329364,-1.2972298,-1.158102,-1.1383538,0.2522191,0.25165316,0.25161457,0.25156602,0.2515556
-2.0041986,-2.0281796,-1.9883897,-1.8827739,-1.7897952,-1.6590166,-1.5635912,-1.1192845,-0.59806275,-0.39931056,-0.564046,-0.7208482,-1.2462459,-0.69231135,-0.19955793,0.14000118,0.8196273,1.0070099,0.7569177,0.84394777,0.4631608,0.6457132,1.222555,2.37609,3.396048,4.4718246,4.8869743,5.7724576,7.0594606,7.7946434,8.431784,8.728144,9.00053,9.357321,9.541571,9.112934,8.46997,7.0283413,4.8690057,3.0156898,1.5906515,0.5486708,-0.22906592,-0.9620007,-1.3119538,-1.8671284,-2.5358334,-2.6374388,-1.297757,-0.2816769,0.1746258,0.20745909,0.22074312,0.36844546,0.22719818,0.60352093,0.5825484,0.29098958,0.1892501,0.21089673,0.35768872,0.57094085,0.245579,-1.1398786,-1.6924082,-1.985115,-2.7327552,-2.6690497,-2.137265,-1.3575739,-0.50838715,0.152773,0.06786125,-0.0477058,-0.20690237,-0.430811,-0.54442567,-0.6739441,-0.85290086,-1.0918288,-1.3417985,-1.5122073,-1.6025808,-1.6464977,-1.6041126,-1.6269386,-1.7882562,-1.8396859,-1.8915334,-1.9147849,-1.7671542,-1.8016992,-1.6562526,-1.4995811,-1.3767631,-1.2243667,-1.1740535,-1.1077833,-0.9726385,-0.87666684,-0.9574022,-1.2679641,-1.4875748,-1.9216273,-2.0916727,-1.702524,-0.7314381,-0.3758775,0.07524015,1.6197091,3.7289896,7.6134434,10.241373,10.959581,10.765237,9.959258,8.45849,6.6478233,4.3446565,2.0773103,0.49970353,-0.41744852,-0.49977225,-1.0574882,-1.2715966,-1.2756879,-0.83237666,-0.32678294,-0.7328148,-1.8971138,-2.659112,-3.2303696,-3.3293517,-3.317738,-3.2809076,-3.0955524,-2.709511,-2.1011007,-2.1744094,-2.6823268,-3.3000002,-4.1359615,-4.461933,-4.4496727,-4.013324,-2.8694181,-2.2397969,-2.0296373,-1.8308463,-1.787643,-1.9211218,-1.7377746,-1.4480538,-1.3058248,-1.1037959,-0.88709545,-0.33747593,0.5755489,1.273528,1.3335145,1.3665961,1.0301529,0.48596767,0.0042234063,-0.24091068,-0.2825337,-0.11805919,-0.014310837,-0.08043131,-0.22520956,-0.553319,-1.1554368,-1.64102,-1.9799039,-1.8432337,-1.4610476,-0.706967,-0.4162027,-0.5392479,-0.7401495,-0.70507896,-0.48602545,-0.75283486,-0.57092434,-0.12010892,0.910988,0.9461584,0.45630717,-0.06979484,-0.27966648,-0.30240542,-0.025754675,0.29753023,0.15609442,-0.72715116,-1.4749784,-2.1339524,-2.8094559,-3.0955846,-3.3046174,-3.6346202,-3.5112655,-3.25998,-3.1800923,-3.1493058,-2.80597,-1.9355142,-0.72639835,-0.17668694,-0.3534406,-0.18286934,0.070374906,0.074205935,-0.5192777,-0.9555768,-1.1705992,-1.269261,-1.2189184,-1.1430128,-0.9763956,-0.861412,-0.7711911,-0.72746813,-0.66787606,-0.81696445,-0.79787743,-0.8116784,-1.2827922,-2.0111632,-2.5029774,-2.5087814,-2.7574837,-2.920199,-2.927454,-2.795428,-2.643238,-2.5577857,-2.4758148,-2.3169675,-2.301284,-2.1965144,-2.0647674,-1.9203709,-1.5344999,-1.481004,-1.6528056,-1.7831433,-2.4004755,-2.3481412,-2.377985,-2.445883,-2.6127205,-2.5375714,-1.3783348,-1.3777114,-1.3776758,-1.3776467,-1.3776307
-2.719168,-2.7142372,-2.7237835,-2.7330713,-2.7265005,-2.6036325,-2.5305212,-2.5987992,-2.6533968,-2.4267154,-2.353372,-1.949517,-1.7761769,-1.635225,-1.645622,-1.590425,-1.5905064,-1.5773445,-1.5455804,-1.3642844,-1.2594106,-1.2387741,-1.224708,-1.1980699,-1.1954702,-1.2955077,-1.4067017,-1.48507,-1.4853779,-1.3345133,-1.1497824,-1.0493348,-0.8792871,-0.48142684,-0.43859023,-0.72313046,-1.143288,-1.597942,-1.9105377,-2.0230358,-2.0585082,-2.0555,-1.9546171,-1.7427443,-1.4503411,-0.99816173,-0.48804855,-0.2406041,-0.08117339,-0.006214842,-0.20377636,-0.51579297,-0.6600069,-0.8110569,-0.9414277,-1.076376,-0.9758794,-0.81828034,-0.7479961,-0.7663536,-0.71392375,-0.57600135,-0.48396206,-0.59716666,-0.4012372,-0.7791846,-0.7514273,-0.0019991994,-0.5835357,-1.1201411,-0.72422427,-0.31398353,-0.39601862,-0.6431261,-0.8511317,-1.0366035,-1.1324394,-1.1692969,-1.2014413,-1.2108124,-1.2532067,-1.3719234,-1.4980803,-1.5357246,-1.6129316,-1.7538047,-1.9520887,-1.9731688,-1.9422526,-1.9091458,-1.825026,-1.7721987,-1.7983083,-1.841984,-1.8655373,-1.8352137,-1.853787,-1.8856485,-2.1587145,-2.7546868,-3.1255934,-3.3013947,-3.3035023,-2.9162226,-2.8167763,-2.865299,-2.8033524,-2.7477956,-2.673709,-2.344143,-1.8156853,-0.9584142,-0.60137594,-0.7449615,-0.36401427,0.160685,-0.020525187,-0.35446006,-0.67265844,-0.85310155,-0.9849482,-1.1083479,-0.67344654,-0.38949305,-0.2099492,-0.09647031,-0.6444493,-1.3147439,-1.9039991,-2.2929983,-2.5514061,-2.821075,-2.8674228,-2.7949002,-2.7352557,-2.595449,-2.4412274,-2.2198155,-2.3434675,-2.6825113,-2.9197483,-2.9820054,-3.0063508,-3.034316,-3.2132227,-3.13065,-2.7770112,-2.4709613,-2.0823836,-1.7562528,-1.77652,-1.7731621,-1.8226212,-2.0789304,-2.1669931,-2.5379546,-2.6325526,-2.4168217,-2.0103912,-1.8141816,-2.019641,-2.2212515,-2.0317187,-1.6351845,-1.4496856,-1.3944242,-1.3708804,-1.385079,-1.5422456,-1.781805,-2.0311487,-2.0585968,-1.4855534,-0.70615125,-0.21552986,-0.12342012,0.04119003,0.15072866,-0.18643928,-0.69754636,-0.9053108,-0.91492146,-1.2526518,-1.4228386,-1.2119637,-0.61237586,-0.6006588,-0.50848794,-0.37348837,-0.26005054,-0.11986856,-0.037821785,-0.26702467,-1.0942914,-1.6571808,-1.75362,-1.842128,-1.945135,-1.8826,-1.8542874,-1.4856788,-0.5046232,0.066682875,0.7366016,1.4847444,2.8415854,4.7067833,6.9574833,8.99415,10.217298,10.782469,11.147919,11.202844,10.952218,10.711979,10.433937,10.076914,9.710158,9.287887,9.159083,8.966943,8.638255,8.327562,8.174817,7.911502,7.3328524,6.463704,5.243049,4.0599985,1.8227987,-0.26267326,-1.7362553,-2.5525227,-2.9024062,-2.8942072,-2.8947382,-2.8708177,-2.8747282,-2.9419334,-3.0252573,-3.070126,-3.2138348,-3.4162655,-3.7999473,-3.9613123,-3.971929,-4.0591016,-4.033806,-3.9148073,-3.9919074,-3.5816827,-3.2971725,-3.2482557,-0.76403606,-0.7620795,-0.76199394,-0.76183724,-0.76184773
-0.544835,-0.6161356,-0.692315,-0.69528913,-0.75439674,-0.9010009,-0.97005945,-0.9096601,-0.7033371,-0.50849366,-0.50808877,-0.41985643,-0.20005685,-0.14120026,-0.14353853,-0.03103356,0.04973574,-0.12665686,-0.08369905,0.11167428,-0.046587795,-0.009826362,-0.11474149,-0.15900783,-0.18136889,-0.08361399,-0.0990057,-0.16524574,-0.32079303,-0.5415496,-0.71562016,-0.8146713,-1.0001647,-1.278841,-1.1593513,-0.9501108,-0.93607605,-1.2729814,-1.5069234,-1.5677676,-1.4234897,-1.2969704,-1.0318232,-0.5286391,-0.06884654,0.3053077,0.42249295,-0.21457775,-0.6597246,-0.1937482,0.47192222,0.6930268,0.81471366,0.91464084,0.8307457,0.2682763,0.1017745,0.38468027,0.61550224,0.7344658,0.6298443,0.41144302,-0.36836565,-1.4581015,-0.91642666,0.31378353,1.7391465,2.1427455,1.4793568,1.0276576,0.83335054,0.48585182,0.5587215,0.65479684,0.70131856,0.69389516,0.7365983,0.7572031,0.8147444,0.9914231,1.3013105,1.7331142,1.9558489,1.8848002,1.6092087,1.5044711,1.2788974,0.9206363,0.5513364,0.55967164,0.75172377,1.0100361,1.1631672,1.1538881,0.93295944,0.5725703,0.19048488,-0.0647226,-0.021178216,-0.08101666,-0.30637002,-0.768265,-1.1878308,-1.2883081,-1.1571627,-1.0231087,-0.97518027,-0.91300523,-1.0116441,-1.0448359,-0.8582719,-0.85157794,-1.0306838,-0.8726416,-0.61839044,-0.53667426,-0.83369374,-0.7994971,-0.28529733,1.1388953,3.7599795,7.563097,9.607414,10.647181,10.893364,10.985177,10.931854,10.522124,9.635214,7.973402,6.1472607,2.616508,0.31114537,-0.6116851,-0.84181064,-0.93206334,-0.52320147,-0.07255125,-0.30854186,0.04607454,0.12523323,0.026321858,-0.22096005,-0.57366985,-1.5195793,-2.5084453,-2.587222,-2.3197465,-1.7263274,-0.70002973,0.42170712,0.5134426,0.0042172074,-0.40973496,-0.6087373,-0.96282446,-1.036968,-1.0881546,-1.1219516,-1.2229774,-0.99540704,-0.63834435,-0.54920423,-0.27399015,-0.12003276,0.0048582703,0.2335734,0.62775236,1.1067846,1.4656317,1.6548451,1.598199,1.1313756,0.95271593,0.6365213,-0.07736136,-0.38994038,-0.31629297,-0.0053287446,0.062541544,-0.36631215,-0.45272467,-0.1559258,-0.23372056,-0.3881117,-0.74049246,-1.1214026,-1.0431883,-0.34089476,0.26001835,0.6264156,1.1528859,1.5979326,1.2528636,0.42832157,-0.5280976,-1.0314382,-1.1063261,-1.0280972,-0.9027615,-0.7503251,-0.780375,-0.9919879,-0.9573175,-0.6445794,-0.36918408,0.018806074,0.1657342,-0.31606355,-0.7710854,-0.6820262,-0.37463188,-0.35633302,-0.38982028,-0.42655802,-0.51502985,-0.55926216,-0.56766856,-0.61112195,-0.45912427,-0.3628746,-0.34582376,-0.34170008,-0.26952052,-0.30179757,-0.6133039,-0.8653554,-0.55479985,-0.29752412,-0.18128471,0.034389675,-0.4022501,-1.168886,-1.8368424,-2.1552548,-2.155289,-2.132327,-2.0659778,-1.973563,-1.9253104,-1.8316259,-1.6491711,-1.6266701,-1.4197469,-1.3215761,-1.2131412,-1.1317034,-0.7823207,-0.5294702,-0.5176704,-0.08493745,0.12665889,0.084858835,0.49348834,0.49372336,0.49372455,0.49374655,0.49378002
-0.01676637,-0.05919078,-0.14535102,-0.2405001,-0.40465662,-0.5997957,-0.90975153,-1.6788464,-1.7701628,-1.6943882,-1.8452327,-1.8763483,-1.657587,-1.884548,-1.9082003,-1.9746777,-2.0009947,-1.9974138,-2.068391,-2.1298628,-2.0688283,-2.0782173,-1.9504095,-2.071175,-2.229785,-2.3134353,-2.358252,-2.293017,-2.1513896,-2.064695,-2.166337,-2.3267531,-2.2307503,-1.4845775,-0.7130911,-0.40982315,-0.38790146,-0.6750498,-1.0143075,-1.1496146,-1.1318811,-1.0488842,-0.9568199,-0.7619584,-0.6053552,-0.5512586,-0.7986774,-1.2689375,-1.6601846,-1.8710171,-2.0890179,-2.1345072,-2.2166486,-2.3608797,-2.4331784,-2.2075987,-1.7773631,-0.8282375,-0.47856727,-0.4171733,-0.27913883,-0.17972866,-0.3195274,-0.6227156,0.46631372,0.2100626,-0.21867293,-0.35191834,-0.09220676,0.88209224,2.1707666,3.844048,5.384224,6.676051,7.4413595,7.7229023,7.684317,7.79123,7.88732,8.121668,8.355139,8.443997,8.438108,8.300063,7.9280787,7.5278683,7.0966315,6.2464037,5.5310545,5.480215,5.497218,5.896297,5.2418027,4.764763,4.349167,3.9127326,3.595335,3.3229835,2.781215,1.8029351,1.1587305,0.6240618,0.22150767,-0.11979206,-0.4217551,-1.0347729,-1.3104181,-1.3555698,-1.4401895,-1.5478525,-1.8435175,-1.8694669,-1.5218747,-0.8543048,-0.43659136,0.039873987,0.6271309,1.0439347,1.231981,1.1667168,1.1124661,0.35142416,-0.10986779,0.31835538,0.6676971,1.0489241,1.1176304,0.779435,0.26767284,-0.49514768,-0.9186555,-1.4347236,-1.5988214,-1.4940102,-1.4358727,-1.3510392,-1.2469416,-1.1238531,-1.1193007,-1.2295902,-1.5330818,-1.7274036,-1.6008905,-1.286979,-0.86047244,-1.2667913,-1.7748764,-1.8779355,-1.8775327,-1.6312217,-1.588947,-1.804814,-1.8976002,-1.8774643,-1.8068545,-1.7048079,-1.5202894,-1.4795449,-1.0748601,-0.7790865,-0.37872574,0.21017835,1.0728712,1.5936996,1.8341504,1.8893458,1.7694147,1.4040065,0.7586675,0.24935435,-0.29467022,-0.94678223,-1.3776417,-0.82108307,-0.036043286,-0.09179422,-0.6277075,-0.6389449,-0.6748589,-1.0646778,-1.536505,-1.617499,-1.6818935,-1.6131163,-1.3627543,-1.0387678,-0.989288,-0.848176,-0.5042548,-0.4958832,-0.5833049,-0.38509104,0.33118933,0.5961104,0.25607118,-0.34705734,-1.0948585,-1.6095996,-1.9085385,-2.0393853,-2.015552,-1.7563878,-1.5947018,-1.3801515,-1.1627309,-1.0153548,-0.9178572,-0.84712064,-0.416433,-0.1311363,-0.1361739,-0.24924305,-0.5518218,-0.9307668,-1.1403781,-1.3037722,-1.4770848,-1.5276998,-1.6412191,-1.7870258,-1.9294171,-2.0880964,-2.2051568,-2.2833867,-2.3079216,-2.1937304,-2.0213552,-2.206934,-2.6021786,-2.424954,-1.6028465,-1.6657776,-1.8708874,-1.9310435,-1.7778391,-1.689499,-1.6126385,-1.6843952,-1.5786582,-1.5165513,-1.4344823,-1.2948093,-1.2888191,-1.4337807,-1.524743,-1.6768706,-1.7352359,-1.1743393,-1.1930616,-1.3446566,-1.4283037,-1.5247059,-1.5773169,-2.6222746,-2.622695,-2.6226807,-2.6227305,-2.6227136
-1.1258715,-1.1041313,-0.91134757,-1.0083348,-0.55261296,-0.017429948,0.51928025,1.9736035,3.435061,4.445261,5.193054,6.0437164,5.9049835,5.829895,5.776067,5.885128,5.7150517,5.7516804,5.9645605,6.315859,6.522258,6.363496,6.275211,6.260068,6.325221,6.15759,5.765733,5.3566346,4.7208977,4.326493,4.0550814,4.022213,4.0226808,3.1263561,1.6674435,0.68179834,-0.2775213,-1.0152996,-1.3156683,-1.4292927,-1.5070173,-1.4819499,-1.3304642,-1.0998539,-0.7489942,-0.2368392,-0.028923258,0.32305592,1.2288487,1.5523697,1.621492,1.5559516,1.5357505,1.597264,1.622192,1.79987,1.6996317,1.378647,1.0578917,0.89322454,0.6229671,0.23805541,-0.2939127,-1.2942808,-0.8127331,-0.04240887,-0.38042653,-2.6497583,-3.0414352,-2.8583643,-2.5122352,-2.68754,-2.7808423,-2.7552338,-2.6704268,-2.581334,-2.5266342,-2.52349,-2.5556555,-2.6796498,-2.9086447,-3.1514685,-3.2131877,-3.1986709,-3.2061286,-3.2629337,-3.2658424,-2.971696,-2.786909,-2.8609734,-2.868425,-2.9534926,-2.755323,-2.5908713,-2.4090438,-2.095374,-1.990647,-1.9344931,-1.9434109,-2.0331526,-2.181457,-2.5172076,-2.8682775,-3.564073,-3.918495,-3.6345828,-3.168226,-2.9899397,-2.692501,-2.2699914,-1.8898413,-1.3918712,-1.1647016,-1.6581837,-1.9323142,-1.9666928,-1.6128548,-1.2066175,-0.8071526,-0.38924077,-0.34031925,-1.1391046,-2.3124216,-2.3763032,-2.1123369,-2.0517693,-2.3310256,-2.3635058,-2.5052624,-2.7875824,-3.0384643,-3.6044102,-3.5023239,-3.2364194,-3.1167488,-3.019843,-3.0462508,-3.3511667,-3.5289922,-3.3608046,-3.4966257,-3.8734164,-3.7795458,-3.5760741,-3.195445,-2.6498446,-2.3012145,-2.154322,-1.7188332,-1.4707237,-1.7175663,-2.3458552,-2.8011546,-2.9403276,-2.9460945,-2.963478,-2.7864811,-2.4341996,-2.0436232,-1.7331264,-1.6207343,-1.6389854,-1.4045601,-1.0811865,-1.0381091,-1.0951358,-1.1653951,-1.1558367,-1.0010185,-0.7203377,-0.27601963,0.24061403,0.62314415,0.3032289,-0.3427965,-1.8929164,-2.0825372,-1.4862437,-1.0589638,-1.154592,-1.9301279,-2.6691813,-2.658434,-2.281447,-1.8034495,-1.3595517,-1.1652225,-1.1323807,-1.4254525,-1.6935313,-1.6715783,-1.3096979,-1.0336471,-0.89631194,-1.067741,-1.5389845,-1.973875,-2.3948698,-2.4933572,-2.5405102,-2.7131817,-2.774965,-2.6939075,-2.8101354,-2.9026132,-2.8408012,-2.5586228,-2.006436,-1.3310491,-0.5655167,-0.03942673,0.4755087,0.60933125,0.35145003,0.14501254,-0.02815673,-0.10679572,-0.1695753,-0.12735593,-0.11287344,-0.19292197,-0.2672648,-0.32823667,-0.33279455,-0.3587955,-0.2737558,-0.22531606,-0.27012235,-0.75554395,-2.0304754,-3.2736053,-3.5320654,-3.1593378,-2.5473409,-2.1460643,-2.0197144,-1.9462423,-2.0501313,-2.0987887,-2.215817,-2.2509286,-2.296503,-2.2623968,-2.2710733,-2.3216045,-2.4477773,-2.9023914,-3.7942045,-3.7587218,-3.6563482,-3.6886346,-3.8208187,-3.7636807,-2.8259091,-2.8254905,-2.8254528,-2.8254547,-2.8254616
-2.9908996,-2.9753675,-2.9361196,-2.9977326,-2.9395397,-2.7583869,-2.5906842,-2.0807962,-1.7819743,-1.5315347,-1.5969326,-1.5896003,-1.7038411,-1.4877281,-1.5004417,-1.4457383,-1.2894208,-0.99258685,-1.0522314,-0.99115735,-0.94348776,-0.962538,-1.1429029,-1.2496053,-1.2024366,-1.1092924,-1.046415,-1.0617491,-1.1050261,-1.1102178,-1.0395764,-1.0063356,-0.98297584,-1.0194662,-0.9392716,-0.7647611,-0.4909938,-0.38362074,-0.43283433,-0.5540622,-0.61790437,-0.66022694,-0.802942,-1.1191424,-1.3755524,-1.6604553,-1.6556472,-1.4553547,-1.957483,-1.990432,-1.605463,-1.26175,-1.0218877,-0.88665015,-0.82498276,-0.7261065,-0.65987456,-0.16430691,0.13686538,0.2255758,0.19561318,-0.13187818,-0.9528718,-1.6291482,-2.3925662,-1.8291559,-0.5026491,-0.39989185,-0.30134302,-0.42618114,-1.0336099,-1.3236299,-1.445054,-1.6489015,-1.8320518,-1.898951,-1.9021828,-1.8977613,-1.8542864,-1.776058,-1.6422703,-1.4883295,-1.4007384,-1.4019884,-1.445668,-1.5934651,-1.7277181,-1.8516204,-1.9700545,-1.893219,-1.845715,-1.6913404,-1.669606,-1.7221465,-1.846273,-2.0076313,-2.1667876,-2.2227383,-1.9789832,-1.4424765,-0.7741054,-0.40814656,-0.68134487,-0.707266,-0.46508616,-0.15195915,0.14177927,0.23230988,0.33580276,0.5259973,1.0053718,0.8365504,-0.036753416,-0.31768674,-0.77014714,-1.365607,-1.8574218,-2.1169329,-2.302814,-2.3509717,-2.0736873,-1.0741633,-0.7925422,-1.0103533,-1.2230632,-1.413615,-1.2566986,-1.0158236,-1.1770076,-1.7054273,-1.8059444,-1.2097921,-0.6645519,-0.77885836,-0.87278664,-0.89639455,-0.9213868,0.04073155,1.5456703,-0.48080248,-0.50300133,-0.22376828,-0.14424628,-0.1312594,0.5419438,1.864228,2.9879239,3.4967675,3.904676,4.366954,6.123946,7.8623204,8.633462,8.924859,9.097407,9.537638,9.943475,10.257041,10.338291,10.077678,9.1235485,7.3552465,4.678937,2.468602,1.1527896,0.4227164,0.09339297,-0.27579308,-0.2851857,-0.1832698,-0.09072441,0.03676474,0.1110951,0.029780164,-0.3404156,-0.9356789,-1.3578725,-1.4863713,-1.1814334,-0.26822984,0.4786648,0.5997087,1.1134465,1.1185203,0.5370537,-0.43261367,-0.91449803,-1.3117211,-1.559477,-1.4190114,-1.2491314,-1.226533,-1.0936623,-0.7224167,-0.6195708,-1.0631058,-1.5308814,-1.9280186,-1.941245,-1.9430609,-1.925338,-1.7150576,-1.7015047,-1.8679465,-2.0239837,-2.1497855,-2.09507,-2.0304778,-1.9163833,-1.6155624,-1.2826285,-0.7839216,-0.35810912,-0.03464532,0.031749636,-0.038716227,-0.1383214,-0.32262337,-0.57951236,-0.5741222,-0.54174656,-0.56170785,-0.5852041,-0.49793333,-0.44614232,-0.6545818,-0.9436937,-0.48752135,0.273641,0.53570044,-0.43290508,-0.6781727,-0.62776357,-0.81414604,-1.0092568,-0.99522686,-0.96183944,-0.8694715,-0.9396939,-0.9932725,-1.0313984,-1.1544105,-1.194218,-1.2604556,-1.3836727,-1.5932473,-1.874843,-2.8307672,-3.0382361,-3.1249728,-2.9755654,-2.4845424,-2.4850652,-1.2032485,-1.2021585,-1.2020806,-1.2020656,-1.2020183
-3.6558008,-3.6596384,-3.619106,-3.6493626,-3.5341868,-3.3433864,-3.1987815,-2.873359,-2.5723128,-2.2107449,-1.9055398,-1.385485,-1.299542,-1.2471906,-1.3313621,-1.30106,-1.2687033,-1.1728992,-1.0361254,-0.8338991,-0.82242805,-0.8748397,-0.8724635,-0.83535284,-0.84988296,-0.8743605,-0.85819274,-0.8638137,-0.8407067,-0.77621233,-0.7195567,-0.67645586,-0.5673499,-0.32692456,-0.5622542,-0.9846956,-1.5103503,-2.0974045,-2.503755,-2.6748364,-2.7721229,-2.8265839,-2.7731123,-2.5498686,-2.215726,-1.7124954,-1.245991,-1.0351754,-0.7374505,-0.7745732,-0.836177,-0.8144556,-0.7577504,-0.7850363,-0.74766576,-0.8901988,-0.9672704,-1.0536792,-1.1688695,-1.2024763,-1.1428958,-0.75201964,0.23506472,1.043581,0.88434166,0.015553923,0.1071803,-0.97743547,-2.3811023,-2.7047098,-2.3484805,-2.036656,-2.0518777,-2.2197802,-2.4273224,-2.6455388,-2.7640805,-2.836762,-2.9289582,-3.0844,-3.3262608,-3.6300664,-3.816514,-3.8579128,-3.8223667,-3.9171667,-4.034125,-3.8139563,-3.5507905,-3.5120873,-3.4673693,-3.5701625,-3.5308292,-3.4856658,-3.36726,-3.141814,-3.0547457,-3.01682,-3.2707157,-3.8037353,-4.1330166,-4.3293185,-4.3884783,-4.5581627,-4.712334,-4.549909,-4.155078,-3.9857643,-3.738617,-3.1505115,-2.4384093,-1.4758377,-0.8189863,-0.91112185,-0.836064,-0.84857494,-0.8584858,-0.8929374,-1.1123608,-1.5611707,-2.2916682,-2.9847407,-3.3103461,-3.6077862,-3.6996562,-3.8155413,-4.1704893,-4.4724374,-4.76437,-4.8822165,-4.6924124,-4.23658,-3.8971643,-3.768063,-3.7374809,-3.61735,-3.4636168,-3.3514588,-3.474594,-3.7062273,-3.9011533,-4.1050677,-4.151497,-4.0666924,-3.9656477,-3.354347,-2.7392344,-2.4455996,-2.2291384,-2.237927,-2.6287026,-2.9137917,-3.131556,-3.3580823,-3.3858294,-3.5740705,-3.4680524,-3.1859055,-2.9647806,-2.950848,-3.0544243,-3.1540046,-3.0301754,-2.675706,-2.475483,-2.4044428,-2.3941436,-2.405663,-2.49132,-2.5812783,-2.6330671,-2.6434631,-2.1186016,-1.3681221,-0.6243861,0.28603378,0.7085501,0.3147677,-0.31505597,-0.8245494,-1.1926258,-1.7537174,-2.2959502,-2.1934586,-1.5915534,-0.54474026,-0.3247725,0.037901755,0.2610898,0.6341877,0.69573015,0.32971632,-0.30631268,-0.9979514,-1.6111333,-1.8521245,-2.1103582,-2.5053043,-2.6500182,-2.810462,-2.9101663,-2.5289335,-2.1928785,-2.0934327,-2.0691662,-1.8410277,-1.5251105,-0.9785062,-0.04924947,0.5545341,0.6242919,0.8824425,0.8253148,0.6808168,0.66035664,0.68911916,0.59236073,0.50430673,0.49161458,0.45895892,0.50500995,0.53114545,0.56165123,0.5532975,0.64335144,1.05196,1.2561002,1.0893607,0.53163743,-0.31149697,-1.047183,-1.8809257,-2.3719559,-2.6036294,-2.6540189,-2.6733706,-2.7537963,-2.8500586,-2.946997,-2.9399917,-2.8633575,-2.9237843,-3.0182648,-3.2715654,-3.3162184,-3.2854745,-3.1200132,-2.9253283,-2.8103783,-2.8794227,-3.1153138,-3.8713295,-3.911601,-3.1869578,-3.1860352,-3.1860147,-3.185913,-3.185926
-2.7050629,-2.5950825,-2.311023,-2.3941133,-1.9103029,-1.148774,-0.5438775,-0.16950732,0.25973296,0.59206736,0.8660089,1.3738984,1.5165083,1.736762,1.6561131,1.7031472,1.691975,1.7169929,1.7247367,1.802069,1.7211397,1.5441324,1.5204575,1.4952277,1.4009042,1.0308516,0.76354796,0.35849446,-0.20775738,-0.43114135,-0.4090163,-0.2271855,0.18011257,0.64971733,0.7852837,0.54914755,-0.19446856,-0.78601015,-0.83450115,-0.7718915,-0.7427211,-0.6720339,-0.47406384,-0.21521354,0.19526234,0.6617255,1.0858314,1.8615867,3.1164064,3.4408169,3.2763276,2.8951693,2.7708914,2.697962,2.5811472,2.7456622,2.8348365,2.6224616,2.4114442,2.2540407,2.024188,2.11052,2.655162,3.183367,3.6659086,3.4903073,2.4257805,0.3267805,-0.829332,-1.1601565,-0.8748611,-0.92081594,-1.0249178,-1.0568286,-1.0152351,-1.1040038,-1.1260442,-1.1413305,-1.1420869,-1.2162104,-1.4217608,-1.7474551,-1.9578642,-2.0672135,-2.1017919,-2.1453135,-2.17518,-1.893215,-1.5656723,-1.4235259,-1.2052449,-1.2413328,-1.0615978,-1.0388985,-0.96937686,-0.8404926,-0.8121043,-0.72533935,-0.7617404,-1.0118046,-1.235217,-1.6004528,-2.0544152,-3.030845,-3.4319694,-3.3396044,-3.0248241,-2.923595,-2.719492,-2.0583045,-1.6386753,-1.1047095,-0.62687314,-0.28173432,0.00893715,0.34604287,0.46511734,0.54365396,0.62608045,0.70901823,0.49971566,-0.5554775,-1.3276324,-1.3892038,-1.2434961,-1.0990884,-1.3536882,-1.7748107,-1.9738383,-2.0501146,-2.1017275,-2.252506,-2.114059,-1.9956865,-1.9917934,-1.8878784,-2.0642912,-2.0562,-1.8277057,-1.8391914,-1.8810282,-1.8233434,-1.4148186,-0.9415023,-0.39512482,-0.33209714,-0.43073827,-0.38601738,-0.013655737,0.32881367,-0.0168885,-0.6891866,-1.2025036,-1.6415663,-1.718465,-2.059048,-2.195089,-1.9950023,-1.6392894,-1.280467,-0.9433093,-0.7970935,-0.49207526,-0.025392085,0.11814642,0.08495501,0.04134074,0.1278355,0.30740523,0.5528384,0.8196078,1.1941489,1.6800656,1.7571949,1.6702781,1.2789814,1.6020136,1.6886117,1.0777988,0.06357426,-0.91848314,-1.4390205,-1.8683558,-1.8473402,-1.4941714,-0.97386163,-0.5581193,-0.05275718,0.3314306,0.2381314,0.3126693,0.5887622,0.56896627,0.0068323165,-0.5754755,-0.9402599,-1.3137461,-1.7825415,-1.9146284,-2.0158417,-2.3349683,-2.6634173,-2.6828773,-2.5738082,-2.4721034,-2.181984,-1.8561113,-1.433038,-0.86710066,-0.15296221,0.39856023,1.0982552,1.3717973,1.3424144,1.2768824,1.2399157,1.1647213,1.1551301,1.177238,1.1679214,1.0997895,1.0269026,0.97540194,0.9315164,0.91937304,1.0806918,1.1348894,1.176645,0.72163725,-0.24442048,-1.2420284,-2.2216568,-2.56777,-2.4623666,-2.2854004,-2.216723,-2.1886854,-2.1987758,-2.160811,-2.119812,-2.043181,-1.987012,-1.8823113,-1.7399149,-1.5304179,-1.3367119,-1.2667346,-1.6533655,-1.8049669,-1.7399876,-1.9765455,-2.3482802,-2.3664894,-3.5008178,-3.5009086,-3.500864,-3.5009217,-3.5009274
1.276255,1.4647969,2.0375056,1.8923281,2.8907318,4.068467,5.070714,6.5149136,7.0031753,7.540882,8.034536,8.781246,8.949338,8.988592,8.978469,9.073805,9.014412,9.025166,9.3005705,9.401783,9.491374,9.601936,9.766921,9.872533,9.825188,9.610144,9.380428,9.219158,8.94849,8.76934,8.291878,7.8688393,7.233206,5.5003495,2.7888227,0.95036685,-0.27352238,-0.62106764,-0.34688663,-0.10537824,0.19760671,0.46927235,1.1732616,2.3940887,3.8547876,6.184811,8.491925,10.19049,11.420936,11.367954,10.7119875,10.027825,9.595516,9.26455,8.590401,7.4495835,6.423209,4.0316286,2.8109465,2.3542838,1.6732886,1.3047947,1.3165187,0.9010853,1.3808948,1.4090768,0.11836359,-1.8454695,-2.856748,-2.9335284,-2.4346404,-1.8997571,-1.4258984,-1.2752542,-1.2385113,-1.2236657,-1.1735497,-1.2366147,-1.3405201,-1.5886569,-1.93133,-2.1952593,-2.2370744,-2.1192186,-1.8836434,-1.7500337,-1.6237316,-1.0058407,-0.44719738,-0.41897666,-0.3892789,-0.60695416,-0.16278543,0.17060637,0.49242404,0.8872982,1.1042043,1.1832973,1.1896086,0.99495715,0.69585127,0.012987986,-0.780563,-1.8537292,-2.3385072,-2.4198716,-2.092772,-1.9052057,-1.6726738,-1.2624719,-1.006877,-0.29384038,0.7241341,0.7503942,0.5435744,0.7960384,1.4609435,1.9874929,2.30254,2.4594095,2.1173723,0.4002147,-1.0236949,-1.4107398,-1.3354611,-1.3272139,-1.5441551,-1.7023565,-1.8954356,-2.2536702,-2.6727772,-3.1973152,-3.1506784,-2.9314733,-2.8614428,-2.716024,-2.5332446,-2.3409703,-2.188115,-2.2204401,-2.6911345,-2.9885054,-2.9614248,-2.7040849,-2.2040684,-1.4233451,-0.71132994,-0.34479225,0.1991833,0.46369138,-0.26506978,-1.4999456,-2.044783,-2.3073225,-2.451917,-2.6879015,-2.7944293,-2.6329408,-2.332323,-1.6973293,-0.8169279,0.058061242,0.82618237,1.2617605,1.3496826,1.3500373,1.3807875,1.5005417,1.7315665,1.9252015,2.0972395,2.1410835,1.9896133,1.7645857,1.7972898,1.9058647,1.9597185,2.01589,1.8956599,1.1451832,0.019717306,-0.8824269,-1.6832194,-1.749563,-1.2031047,-0.37895274,0.2659462,0.8105128,0.7285514,0.12222622,-0.3140806,-0.5871841,-1.1607418,-1.7296588,-2.2323573,-2.3663409,-2.2601933,-2.0885217,-2.095339,-2.0959754,-2.287523,-2.4626884,-2.6457632,-2.8555732,-2.9474235,-2.9884782,-2.9744484,-2.7117362,-2.183112,-1.3537318,-0.6895505,-0.11975505,0.02822248,0.14677164,0.21944515,0.32132,0.3981453,0.35912305,0.3749243,0.2070649,-0.060357064,-0.25582612,-0.3696513,-0.49536112,-0.58719325,-0.40019494,-0.2408866,-0.6144944,-1.2682577,-2.258762,-2.7624261,-3.1009808,-3.0275738,-2.8167892,-2.663581,-2.7065425,-2.7355819,-2.8229518,-2.9129984,-3.0357938,-3.0731213,-3.1045845,-3.017992,-2.9643257,-2.872169,-2.6497436,-2.5487604,-2.1289072,-1.7587147,-1.6919788,-1.7825005,-2.7674417,-2.8662698,-3.4861019,-3.4863276,-3.4862747,-3.486379,-3.486375
-1.0336637,-1.0629053,-0.97496617,-0.91832244,-0.71986467,-0.43475267,-0.047552418,1.0625467,2.2611315,3.24852,3.5794134,3.7828193,3.3041534,3.8683085,4.368632,4.6184673,5.173576,5.455941,5.335305,5.3444376,5.0764976,5.094148,5.16852,5.4704866,5.653337,5.97493,6.319816,6.527485,6.6753063,6.6845136,6.8027105,6.972551,7.3867774,8.2390585,8.483192,7.799733,6.6947083,4.545314,2.3504455,0.95255804,-0.08791053,-0.8035387,-1.4308033,-2.2154787,-2.7858152,-3.0352654,-2.6949182,-1.6009213,-0.46374467,-0.6957734,-0.9906567,-1.041862,-1.0196463,-0.99425197,-0.91467685,-0.87925184,-1.0524497,-0.99252367,-0.88785785,-0.6428212,-0.2506496,0.23504502,0.3035981,-0.35090417,-0.07510094,0.016101718,-0.15878898,-1.0787092,-1.4200929,-1.250113,-0.50045955,0.019455105,0.25362384,0.17414623,-0.050556004,-0.33888495,-0.47227758,-0.60397744,-0.7860098,-1.0127819,-1.241607,-1.3983263,-1.427666,-1.3277823,-1.172967,-1.0645578,-0.9432435,-1.0426419,-1.2383986,-1.359985,-1.3530016,-1.420429,-1.5033398,-1.4244056,-1.3667895,-1.2625954,-1.2274791,-1.2179536,-1.1294584,-1.0984197,-1.2181916,-1.6061947,-1.6942323,-1.9408851,-2.1434193,-2.115344,-2.1161342,-2.153416,-2.1871555,-1.8587451,-1.4789774,-0.56739444,0.886646,2.5642023,3.2731357,2.9925766,1.7983737,1.2480593,0.7470074,0.024422228,-0.6112675,-1.0017583,-1.1393092,-1.5660169,-1.5263352,-1.4670155,-1.18774,-0.9510669,-1.1261637,-1.918962,-2.5556383,-3.12779,-3.3200111,-3.3931365,-3.3820176,-3.2364504,-2.7285073,-1.9385893,-1.5627269,-1.6799996,-1.7944245,-1.7984917,-1.731626,-1.4504762,-1.088724,-0.6785362,-0.21671808,0.07690987,0.43841174,0.7452456,0.41077068,-0.21479246,-0.9175123,-1.3085688,-1.4102186,-1.7777879,-2.0163085,-1.6749436,-1.1087964,-0.63611245,-0.374372,-0.6408279,-1.1266435,-1.4460093,-1.5283946,-1.4652666,-1.1973867,-0.94837373,-0.83258295,-0.7760902,-0.74715513,-1.007887,-1.2700825,-1.1714888,-0.93434227,-0.5140388,0.086488225,0.036257476,-0.5392887,-1.3386836,-2.2753594,-2.732255,-2.88297,-2.7863572,-2.26037,-1.3570235,-1.27736,-1.2136039,-1.1801198,-0.9501159,-0.7473334,-0.520126,-0.34446943,-0.47296318,-1.2031418,-1.618591,-1.6585684,-1.6080856,-1.7869107,-1.8523118,-1.9824061,-2.0298624,-2.0344741,-2.13004,-2.2938042,-2.2768567,-2.2372277,-2.1922584,-1.9952753,-1.8193148,-1.5747786,-1.4013057,-1.5088749,-1.6685125,-1.569554,-1.2500303,-0.97048485,-0.66779625,-0.44676447,-0.35183358,-0.14012346,0.075556636,0.26894298,0.41138715,0.33747113,0.5425163,0.702073,0.61814845,0.17151785,-0.16499615,-0.470828,-1.0608791,-1.3574631,-1.4163961,-1.3198497,-1.2858843,-1.2098404,-1.124971,-0.9357655,-1.0456314,-1.1545609,-1.0815883,-0.8094829,-0.30322593,-0.020020038,0.2012115,0.8160734,1.6523907,2.0790105,1.7785214,1.2080994,-0.24202521,-0.2830348,0.51828825,0.5185127,0.5185287,0.51853466,0.51854664
4.2705283,4.2211304,4.0780377,3.9182417,3.4087806,2.8355277,2.1267161,1.0169902,0.44714546,0.6245001,1.0989292,1.655454,1.6563722,1.187198,0.87520957,0.8562368,0.64752823,0.75968844,0.8781661,1.2715216,1.327388,0.9566151,0.7813184,0.6063655,0.53522193,0.56149995,0.6088284,0.53123957,0.30720398,0.21435675,0.2219297,0.3289472,0.645666,3.0545318,5.2560263,6.977887,8.34996,9.812948,10.798682,11.234377,11.448648,11.518987,11.551418,11.60655,11.467787,10.666011,9.078438,6.94046,3.8280137,2.21771,1.5490208,1.7064474,1.4810159,0.87851846,0.7588634,-0.4141745,-0.6990934,-0.6472608,-0.43775508,-0.29285383,-0.22036566,-0.10504641,-0.16712166,-0.27632272,-1.1068825,-1.8580612,-2.8177874,-2.1154711,-0.72134113,0.36275035,0.8184067,0.63990945,0.3747222,0.25408775,0.06635609,0.011550665,-0.039374232,-0.107667,-0.17231236,-0.16543475,-0.031195194,0.20972662,0.15365759,0.05238384,-0.16696508,-0.36671174,-0.35009304,-0.22908953,-0.32242507,-0.339605,-0.44726264,-0.28625333,-0.5625829,-0.77263665,-0.93717504,-1.1676499,-1.340729,-1.6868136,-2.3282473,-3.120749,-3.4719763,-3.5561771,-3.4878025,-3.17975,-2.3063886,-1.289999,-0.97667,-0.8715036,-0.76925504,-1.0423508,-1.1041305,-1.4510689,-1.4431995,-1.0624195,-0.9321965,-1.1904547,-1.3246801,-1.138735,-0.84683037,-0.9625094,-1.5804318,-2.110287,-1.4405088,-0.42454892,-0.25632948,-0.4953677,-0.97442704,-1.1402047,-1.1153421,-1.2748736,-1.659039,-1.2282453,-0.6136558,-0.20446813,0.12580305,0.19128205,-0.09653259,-1.1925633,-1.7931423,-1.9274206,-1.6705079,-1.4247506,-1.4053849,-1.5820205,-1.717595,-1.3240273,-0.9407776,-0.8330242,-0.8430456,-1.242949,-1.8142719,-1.8013301,-1.4334464,-1.2724183,-1.2402334,-0.9293385,-0.7030248,-0.8025235,-1.5992961,-2.2840872,-2.395646,-1.9954007,-1.4394721,-1.0500338,-0.86674345,-0.75381845,-0.79641676,-1.0179734,-1.3633193,-1.7885554,-2.227591,-2.3545067,-2.147318,-1.7604746,-1.6997776,-1.7854033,-1.6869841,-1.7289445,-1.893368,-2.2046328,-2.2200253,-1.7340498,-1.3856932,-1.2935976,-1.6628975,-2.3210948,-2.175593,-2.2899342,-2.3327336,-2.1206033,-1.8282257,-1.6167965,-1.4898343,-1.2971768,-0.8218784,-0.3273741,-0.110546134,-0.114991605,-0.04298821,0.08962287,0.25522548,0.09431495,0.12640555,-0.03749519,-0.15217154,-0.26206103,-0.14681083,-0.11493667,-0.4416585,-0.7085345,-0.8184666,-1.1961886,-1.1335025,-0.8318292,-0.69971025,-0.5642885,-0.49059498,-0.5146804,-0.5396701,-0.4844163,-0.38760865,-0.37379152,-0.41804567,-0.40357608,-0.3844317,-0.47902158,-0.65942377,-1.0090566,-1.2148786,-1.6637796,-2.0092323,-1.6162287,-1.0157142,-0.53723764,-0.39199895,-0.30225947,-0.2253834,-0.19289894,-0.19335386,-0.09198983,-0.03655696,0.08576098,0.2485711,0.4221361,0.15833393,-0.26980022,-0.5222383,-0.14975059,0.2858789,0.3579811,1.191704,1.7017704,1.715803,2.0503383,2.050318,2.0503244,2.0503035,2.0502973
-1.1248051,-1.1464784,-1.3161392,-1.3715997,-1.5703518,-1.7191505,-1.8950443,-1.7744291,-1.5291505,-1.3376973,-1.34411,-1.7056984,-1.8489542,-1.964966,-2.0038517,-1.9730799,-1.8130435,-1.5621176,-1.525661,-1.500592,-1.6496563,-1.8205762,-1.8973157,-1.8525459,-1.7785774,-1.6623807,-1.5441918,-1.3775826,-1.1269541,-0.96785355,-0.8869927,-0.88347733,-1.0054375,-1.1426711,-0.96299934,-0.683962,-0.361469,-0.15934876,-0.15475905,-0.27184984,-0.35689986,-0.4336121,-0.66206145,-0.8676829,-0.846045,-0.83647335,-0.71507907,-1.2006633,-2.2166126,-2.4235973,-2.2925043,-2.1827543,-2.1223998,-2.0704994,-2.042641,-2.0876234,-2.0756702,-1.8365958,-1.5370216,-1.3581123,-1.1455317,-1.177596,-1.3114583,-1.543294,-2.0636775,-1.8839267,-0.7290909,0.3680866,0.945622,0.56083703,-0.09211187,-0.63887095,-0.90165037,-1.0428727,-1.0665996,-0.98006934,-0.9394448,-0.8525876,-0.7390976,-0.4856097,-0.08795957,0.44726956,0.931706,1.031427,0.8307303,0.7896302,0.73844147,0.107097715,-0.39048168,-0.519356,-0.6106622,-0.2833004,-0.51709825,-0.730451,-0.9108883,-1.1987307,-1.3418918,-1.4228563,-1.2816553,-0.8683242,-0.24582776,0.35442883,0.65092266,0.37241495,0.11130276,-0.19450739,-0.8292999,-0.99761754,-1.1164253,-1.4814942,-1.4423983,-0.9370064,-0.72255206,-1.355066,-1.6552396,-2.2142973,-2.6944094,-2.9085343,-2.897521,-2.7403722,-2.3502173,-1.7281977,-1.4081298,-1.1646196,-1.0353376,-1.0310608,-0.0998562,1.8755896,5.3142614,8.41995,9.56857,10.41344,10.843766,11.037397,10.959068,10.769918,10.121086,9.1729355,8.365142,8.439585,8.028276,6.662321,5.3851767,4.5047874,3.4363399,3.1750448,2.821989,2.1354833,0.658219,-0.5103945,-0.42639863,-0.14747378,-0.23669404,-0.100619674,-0.0032274425,0.40754217,0.4417464,0.29277372,-0.2170932,-0.6649791,-0.8881745,-1.190113,-1.5057429,-1.7202866,-1.7624768,-1.7226576,-1.6838212,-1.4259479,-1.0077627,-0.6211201,-0.22350866,0.058758497,0.07265127,-0.038339872,-0.5007827,-1.0641153,-1.8226075,-2.0111098,-1.8393927,-1.2927959,-0.49777904,-0.10010177,0.4838378,0.850308,0.8346073,0.39852083,-0.3553,-1.2223809,-1.9027412,-1.8404276,-1.6856557,-1.650662,-1.5353799,-1.0280823,-0.45085758,-0.17102185,-0.36130807,-0.3958647,-0.6106748,-0.7682575,-1.007095,-1.3398733,-1.5184841,-1.4465792,-1.3747461,-1.6363463,-1.7815063,-1.6969373,-1.5678598,-1.4437187,-1.3255682,-1.2254047,-1.0747722,-0.92493474,-0.8201058,-0.8614697,-0.9622382,-1.1491435,-1.3154714,-1.2945781,-1.2111387,-1.188663,-1.2189972,-1.2144951,-1.222187,-1.4534752,-1.6612543,-1.2585124,-0.2233794,0.7100272,0.6473684,1.7875807,2.6051993,2.9935994,3.1892734,3.234819,3.2338452,3.2432706,3.1516137,3.033462,2.9245176,2.7350626,2.5144846,2.0957303,1.7937406,1.4074336,0.5461121,-1.3534813,-2.2424805,-2.1825001,-2.4062157,-1.3407193,-1.2362955,0.96199787,0.9631982,0.9632765,0.96329707,0.96335185
1.1049132,1.0905584,0.9830402,1.0366268,0.9436683,0.7101842,0.4047153,-0.23225649,-0.50957495,-0.7833091,-0.59971297,-0.30538183,0.048942044,0.00838238,-0.103734404,-0.3982726,-0.76561517,-0.9111746,-0.86872244,-1.0392699,-1.3065249,-1.6102529,-1.9411689,-1.9895864,-1.9381566,-1.9274932,-1.8881398,-1.8177012,-1.6903461,-1.6155312,-1.5459509,-1.5466506,-1.7666861,-2.2461286,-2.4769328,-2.367756,-1.9494951,-1.4046683,-0.8042011,-0.3352704,-0.05369337,0.09804122,0.1783234,0.34081417,0.41299957,0.13573018,-0.27372578,-0.8524297,-1.097277,-0.91742593,-0.47401625,-0.20836222,-0.15974662,-0.20702943,-0.5149549,-0.8130732,-0.9107202,-1.1085732,-1.1155754,-1.114333,-1.1460319,-1.2286556,-1.1197863,-0.75364006,-1.8600996,-2.3959541,-2.6711662,-1.8934703,-0.935686,-0.65307415,-1.1816624,-1.2799541,-1.5241562,-1.7206525,-1.7216702,-1.5658786,-1.4919038,-1.4481177,-1.4036987,-1.3755627,-1.3627527,-1.4468685,-1.6184475,-1.627954,-1.5365553,-1.5225618,-1.3264378,-0.88599646,-0.6604455,-0.73906225,-0.97933495,-1.2142642,-1.2938514,-1.2653584,-1.2151841,-1.114104,-0.966409,-0.917731,-0.9746049,-0.6302992,-0.23380744,0.42670718,0.8268182,0.50509727,0.41210452,0.4516457,0.54055816,0.52423894,0.50400937,0.28159615,0.16201973,0.48664483,0.81851035,-0.050700575,-1.0148088,-1.6534076,-1.9073412,-2.13303,-2.2259202,-2.3034012,-2.4674768,-2.1797101,-1.6806836,-1.6620524,-1.8433837,-2.0670621,-2.2563221,-1.9888554,-1.661561,-1.152463,-0.7907462,-0.5818713,-0.49553496,-0.56866044,-0.73537266,-1.0157601,-1.3132669,-1.593828,-1.4886991,-0.9082993,-0.41375595,-0.22335565,-0.2929092,-0.4940799,-0.56107056,-0.9129011,-1.122037,-1.2618692,-1.4769883,-1.8812958,-1.919103,-1.5726163,-1.1495575,-0.99044585,-1.0553753,-1.0635116,-1.2191634,-1.6030183,-2.1304917,-2.301523,-2.026049,-1.4982053,-0.9351189,-0.7140485,-0.5787239,-0.4562385,-0.5325561,-0.6804872,-0.89263237,-1.0680814,-1.1790129,-1.0764226,-0.7961246,-1.063524,-1.4879384,-1.7902167,-1.7759317,-1.925451,-2.0689363,-1.87667,-1.2354592,-1.0752332,-1.217917,-1.6050539,-2.2621374,-2.391267,-2.209352,-2.3308756,-1.893439,-1.5890722,-1.4079773,-1.2622256,-0.91860723,-0.29957038,0.62170327,1.6629217,2.007091,1.6717944,1.3534122,1.2374876,1.0595447,0.46231872,0.4261083,0.34004563,-0.12324479,-0.4286993,-0.48575956,-0.38002032,-0.095217854,-0.112412095,-0.43681723,-1.0235988,-1.1909058,-1.398106,-1.5776491,-1.7407398,-1.843209,-1.9392573,-1.9029195,-1.759769,-1.6807926,-1.6267321,-1.6578875,-1.6941032,-1.7324405,-1.9866378,-2.1244783,-2.2745028,-2.0262806,-1.5569363,-1.1680244,-0.5170648,-0.047235638,0.21134868,0.16132973,0.116959065,0.04133883,0.033967853,-0.052530125,-0.009205058,-0.105107695,-0.16502196,-0.24833775,-0.27098954,-0.08712693,0.12561508,0.46951666,0.98940384,1.2072223,1.1336005,1.4298184,2.2883706,2.3938146,1.5802789,1.5795083,1.579423,1.5794506,1.5794051
-1.7553749,-1.7271147,-1.7099276,-1.7267051,-1.7180129,-1.7975256,-1.9996381,-2.1387174,-2.0440726,-1.691087,-1.4230297,-1.1984746,-0.8784789,-1.0651541,-1.1265105,-1.2444079,-1.4782898,-1.474174,-1.4104823,-1.3567927,-1.4958783,-1.823963,-2.0683742,-2.1206372,-2.077344,-2.0239077,-2.0113223,-1.9784837,-1.93538,-1.853773,-1.8084471,-1.8407111,-1.925659,-1.9164221,-1.9015534,-1.8985441,-1.9134436,-2.1251674,-2.3065362,-2.3719227,-2.3462238,-2.3061504,-2.2649295,-2.028546,-1.8154707,-1.5335598,-0.88249946,-0.64914966,-1.2609239,-1.374235,-1.0854872,-0.8461052,-0.7553013,-0.7731818,-0.9676163,-1.45377,-1.7121732,-2.1333845,-2.2535686,-2.3040047,-2.3746858,-2.479055,-2.4603376,-2.5434341,-3.5866218,-3.9857116,-3.8147597,-3.2563999,-3.4410775,-3.2924972,-3.733707,-3.4182172,-3.0622897,-3.0366657,-2.998867,-2.9338076,-2.9122982,-2.8357215,-2.7614877,-2.6312363,-2.4664307,-2.3681588,-2.3252335,-2.2549639,-2.3128338,-2.511118,-2.5433109,-2.5755491,-2.5894465,-2.6530504,-2.7657917,-2.855979,-2.9751248,-2.9933228,-2.9627295,-2.858207,-2.769256,-2.6782885,-2.684435,-2.4703848,-2.1487143,-1.4757776,-0.7992252,-0.64300436,-1.0082227,-1.3698598,-1.5621841,-1.6133404,-1.6957465,-1.9086396,-1.9695301,-1.8092335,-1.8748622,-2.4025187,-2.8366919,-3.4281209,-3.659089,-3.7478375,-3.8278508,-3.926218,-4.005828,-3.745347,-3.3684158,-3.2864847,-3.3357668,-3.508254,-3.941616,-3.7926176,-3.3040848,-2.241891,-1.4725633,-0.97641635,-0.8121086,-0.82654965,-0.9186833,-1.2808666,-2.0353193,-2.7444973,-2.8573978,-2.6598215,-2.37284,-2.2239733,-2.2692826,-2.4670877,-2.648107,-2.8061154,-2.8990886,-3.0713139,-3.268096,-3.4278717,-3.2409096,-3.0006995,-2.9132984,-3.0863132,-3.117978,-3.0002866,-2.9558275,-2.997672,-3.1025217,-3.012542,-2.5855358,-2.4541786,-2.6225078,-2.794881,-2.8132741,-2.811965,-2.921938,-3.0876007,-3.2291017,-3.2925525,-3.2755427,-3.2616012,-3.148858,-3.0562706,-2.9245853,-2.8277397,-3.1957276,-3.7944157,-4.2244463,-4.1521707,-3.2902422,-3.1479979,-3.2932746,-3.455957,-3.7753263,-3.7981515,-3.6223269,-3.7178383,-3.3684535,-3.0601017,-2.959698,-3.0837584,-3.0641274,-2.678239,-1.6458266,-0.3973833,0.16934676,0.111586474,-0.33530736,-0.61038077,-0.753598,-0.56935936,-0.34240985,-0.35343525,-0.4647071,-0.64235866,-0.69848335,-0.61267823,-0.28815114,-0.601594,-1.3806846,-2.163506,-2.436833,-2.564336,-2.6181216,-2.676917,-2.722671,-2.8184137,-2.8606193,-2.8202,-2.8398986,-2.8762321,-2.926086,-2.936975,-2.9278994,-3.0364592,-3.0981793,-3.0472772,-2.6177778,-1.8286209,-1.4399816,-0.9373207,-0.32350016,0.017397001,0.09818882,0.027503997,-0.10652435,-0.2742163,-0.5622958,-0.7529395,-0.95928615,-1.2270029,-1.4112978,-1.8011836,-1.9944154,-2.0073733,-1.6753327,-0.8861306,-0.7140004,-0.84009135,-0.9654579,-1.1971068,-1.2130263,-2.1928554,-2.1931286,-2.193169,-2.1931338,-2.1931381
-0.43196136,-0.3032226,-0.22493997,-0.32220817,-0.3195537,-0.44675788,-0.6251527,-0.74780035,-1.4383999,-1.5073344,-1.1863815,-0.6349742,-0.38780957,-0.24092174,-0.28234738,-0.37486693,-0.3940497,-0.4313227,-0.312098,-0.06360793,-0.0004799366,0.16239354,0.06591484,-0.09060648,-0.1962376,-0.28412437,-0.26408345,-0.38456675,-0.5337534,-0.61368537,-0.638875,-0.6425067,-0.65460193,-0.3552665,-0.361022,-0.40283114,-0.073865816,0.3444983,0.52456844,0.61110526,0.65811634,0.6233962,0.73134315,0.931109,1.1812716,1.2921873,1.1760432,1.0145714,0.24353522,-0.2741946,-0.56694436,-0.6263224,-0.5711541,-0.46201208,-0.34225357,-0.4906343,-0.49304056,-0.26936978,-0.0294327,0.0137192905,0.13352776,0.02909647,-0.9185745,-1.799349,-2.9636884,-3.363862,-3.8579006,-2.7159111,-1.3642626,-0.4389698,-0.4152036,-0.80793893,-1.05858,-1.4336886,-1.8774785,-2.1581345,-2.2920704,-2.3697162,-2.3919208,-2.3782933,-2.247324,-1.9755881,-1.9138253,-1.9593318,-2.1437197,-2.2273984,-2.2712636,-2.2755432,-2.2780712,-2.2254634,-2.2124867,-2.2462273,-2.3415203,-2.3453712,-2.4532952,-2.5347905,-2.5887384,-2.7349453,-2.9592175,-3.233265,-3.267343,-3.265982,-3.2217631,-3.289777,-3.3018928,-2.9538543,-2.5720181,-2.3980565,-2.2511435,-2.119948,-1.6594765,-1.2881808,-1.21555,-0.960967,-0.8525734,-0.99846995,-1.531488,-1.6677883,-1.8116567,-2.2124553,-2.697159,-2.4929466,-1.5164971,-1.1420721,-1.2016499,-1.2351267,-1.0223851,-0.8824514,-1.2920105,-1.898746,-2.3879917,-2.6142826,-2.3546062,-2.0812564,-1.8886725,-1.7922544,-1.8300545,-2.0484533,-2.5277753,-3.2075312,-3.3377786,-3.292903,-3.120696,-3.0203218,-2.818169,-2.1412168,-1.5327003,-1.4022201,-1.6637689,-2.2991543,-2.5984368,-1.8867173,-1.1717173,-0.7042467,-0.40074927,0.24005888,0.992221,1.4991112,1.328167,0.62693465,-0.4098464,-1.677074,-2.9147415,-3.3819308,-3.4492493,-3.4481091,-3.38268,-3.3728154,-3.545684,-3.6616902,-3.5673618,-3.184927,-2.5643363,-1.8077478,-1.5755119,-1.6569738,-1.5727843,-1.5991647,-1.6520293,-1.3991146,-0.62175035,0.08762106,0.24020469,0.19292524,-0.08839396,-0.21292555,-0.08510279,-0.4249186,-0.9216255,-0.8883604,-0.57107973,-0.20665655,-0.27537584,-0.87695885,-1.3809783,-1.6464593,-1.6945896,-1.8025051,-1.7096435,-1.696727,-1.5456176,-1.1045198,-1.0084147,-1.2415257,-1.540487,-1.6024352,-1.3603272,-0.8931842,-0.7251428,-0.9932544,-1.0923004,-1.0326235,-1.0407332,-1.179184,-1.3117785,-1.4118147,-1.4619665,-1.4904747,-1.4977095,-1.5220208,-1.5765426,-1.5984242,-1.6148677,-1.6030059,-1.6081306,-1.6161017,-1.782076,-2.2999983,-2.7242053,-2.6642642,-1.8949689,-1.7674894,-1.8553025,-2.0724657,-2.2609978,-2.280239,-2.395409,-2.480555,-2.6538932,-2.6497703,-2.5515032,-2.680053,-2.86348,-3.0171082,-3.0921998,-3.047533,-2.9594173,-2.0555367,-1.4360275,-1.4295604,-1.1348147,-1.7324716,-1.8252392,-1.4697542,-1.4700297,-1.4700646,-1.4700356,-1.4700575
-1.673557,-1.660131,-1.637679,-1.592194,-1.7330549,-1.9192424,-2.104502,-2.503813,-2.317643,-2.1372232,-2.018491,-1.8832656,-2.005343,-2.1607308,-2.1089563,-2.1009855,-2.1337261,-2.1696348,-2.1250782,-2.1074786,-1.8584495,-1.8137339,-1.7082227,-1.7062291,-1.7740922,-1.8433536,-1.9396855,-1.8695421,-1.755639,-1.6554619,-1.6989379,-1.7479763,-1.5428914,-1.136228,-1.1067815,-1.3124942,-1.5671276,-1.6180125,-1.4026321,-1.1501585,-0.9280939,-0.7811592,-0.68064094,-0.59764874,-0.6370182,-0.6523589,-0.82308495,-0.8993498,-0.5723595,-0.6683464,-1.095887,-1.3500259,-1.5478822,-1.6667715,-1.6915824,-1.5291574,-1.3850173,-1.4734029,-1.6841896,-1.8067349,-1.8622844,-1.9224355,-2.0415342,-1.7081558,0.12348519,0.815434,0.10046668,-1.1844912,-1.0090785,0.92289376,3.6116934,6.9448643,8.5879545,9.587864,10.179533,10.502294,10.724743,10.799231,10.815298,10.7837925,10.664725,10.4509945,10.288758,10.362809,10.662502,10.765055,10.900038,11.263178,11.352863,11.384299,11.411139,11.358789,11.311087,11.312526,11.326742,11.343888,11.278542,11.176622,10.937691,10.32207,9.606264,8.676743,7.6698413,5.116005,2.448334,0.16100869,-0.54893386,-0.67727244,-0.7768919,-0.99791396,-1.6770744,-2.157764,-2.3991563,-2.4619741,-2.2755694,-1.6432245,-0.71209306,-0.17828089,0.17261931,0.37999588,0.4445701,-0.3565204,-1.4205034,-1.437401,-1.1064554,-0.7042892,-0.52176976,-0.6576195,-1.0064769,-1.341943,-1.7372551,-2.6372907,-2.909112,-2.8245428,-2.8415217,-2.8850017,-2.9616585,-2.7072577,-2.2517679,-1.9690901,-2.2445428,-2.22069,-2.1298552,-1.866879,-1.4960036,-1.6501416,-1.8890009,-1.8785946,-1.5696762,-1.1243646,-1.4001958,-2.2811348,-2.8321915,-2.7914412,-2.6669486,-2.3331037,-1.7001307,-1.0049319,1.1328528,4.351307,7.320577,8.979036,9.966089,10.168347,10.210991,10.175249,10.0441265,9.705929,9.171473,8.562496,7.45732,5.234229,2.627749,0.8894818,-0.008873819,-1.2002311,-1.4763885,-1.162945,-1.0298272,-1.4317319,-1.8898554,-2.0019584,-1.9808799,-1.9527719,-1.9077469,-2.130741,-2.1162333,-1.792583,-1.4085991,-1.6399665,-1.8766589,-1.7225204,-1.2212056,-1.0022879,-1.2355411,-1.783059,-2.222261,-2.3103607,-2.4555113,-2.4697237,-2.5476465,-2.419252,-2.2775264,-2.3174052,-2.2647886,-2.1810894,-2.067314,-1.8990536,-1.5112338,-1.0761657,-0.9011138,-0.9980321,-1.2707238,-1.6284757,-1.7786534,-1.838759,-1.8678088,-1.8150687,-1.7966648,-1.9310539,-2.0965748,-2.2277222,-2.2906895,-2.3545046,-2.3844998,-2.1904032,-1.8895707,-2.0958247,-2.6163027,-2.9982147,-2.910481,-3.254176,-3.305953,-2.9993773,-2.63876,-2.5075016,-2.409301,-2.4744282,-2.4227567,-2.4864721,-2.532994,-2.5251262,-2.446063,-2.4673471,-2.477638,-2.4654326,-2.4354436,-1.8938026,-1.9655001,-2.029645,-2.298598,-2.6754582,-2.6917963,-3.6128473,-3.6133149,-3.6133065,-3.613361,-3.6133509
-5.1740284,-5.1258054,-5.1297483,-5.2083755,-5.2671285,-5.3347774,-5.4240737,-5.105308,-4.795885,-4.197811,-3.7167284,-3.2752118,-3.1665926,-3.1825933,-3.1896489,-3.1896565,-3.2372422,-3.0655355,-2.92138,-2.6700525,-2.6027849,-2.8038092,-2.9340708,-2.991569,-2.9999843,-2.989232,-3.0050025,-3.0134928,-3.0522428,-3.0089865,-3.005785,-3.0371857,-3.0062551,-2.5270975,-2.2012312,-2.1109135,-2.059976,-2.4736228,-2.9557495,-3.1634855,-3.1981158,-3.2378154,-3.2993736,-3.2621646,-3.0753417,-2.8240244,-2.3974411,-2.4288568,-3.0407267,-3.203071,-2.953106,-2.6985564,-2.5264993,-2.4084973,-2.4137845,-2.687943,-2.8709521,-3.0158734,-3.0262241,-3.022264,-3.0743318,-3.272005,-3.481418,-3.7732625,-4.640066,-4.8985343,-4.641411,-4.4274244,-3.7871518,-3.3898742,-3.66861,-3.8770528,-3.7034283,-3.4353971,-3.216076,-3.0331502,-2.9580283,-2.8449116,-2.753598,-2.5739248,-2.3414295,-2.118869,-1.9164989,-1.7884874,-1.8418,-2.1072106,-2.1542084,-2.2186403,-2.4140003,-2.5015593,-2.6621652,-2.6421294,-2.9648955,-3.1119199,-3.1988986,-3.1980896,-3.2737346,-3.3952026,-3.643921,-3.8427234,-3.7530823,-3.4768739,-3.2081475,-3.3104796,-3.6985755,-3.796996,-3.6151552,-3.5236585,-3.435245,-3.421947,-3.1209838,-2.6441731,-2.8239026,-3.6210861,-4.0653114,-4.6187015,-5.1246505,-5.359103,-5.510718,-5.6138697,-5.5581636,-5.065522,-4.5253997,-4.1139603,-4.031517,-4.137703,-4.269135,-3.7495432,-2.8911285,-2.166012,-1.9112098,-1.7621876,-1.3853271,-1.1785872,-1.212693,-1.4958375,-2.2257802,-2.8467648,-2.948175,-3.2313178,-3.3353791,-3.4178343,-3.507224,-3.5610337,-3.5461845,-3.4690485,-3.5411563,-3.8474522,-4.4293566,-4.9123206,-4.8544903,-4.5431123,-4.4585905,-4.425005,-4.326009,-3.9263587,-3.5573235,-3.4394999,-3.4187584,-3.192023,-2.6376846,-2.5144637,-2.73847,-2.8933978,-2.8995914,-2.9309847,-3.0586994,-3.1778104,-3.2398715,-3.1927962,-3.0764265,-3.098507,-3.1279938,-3.1115866,-3.2324517,-3.7060127,-4.286198,-4.694122,-5.007678,-4.86595,-3.951089,-3.2288918,-2.884004,-2.8041189,-3.0388613,-3.3600564,-3.8340025,-4.524746,-4.9024954,-4.6083937,-4.320152,-4.283979,-4.2348223,-4.265605,-4.3021746,-4.304579,-4.444935,-4.690854,-4.8803105,-5.0058556,-4.9241276,-4.1063933,-3.6204262,-3.800941,-4.0125084,-4.1340413,-3.755875,-3.2523046,-2.8369715,-2.8966131,-3.1422338,-3.1293266,-3.1220276,-3.1131866,-3.0201092,-2.9423044,-2.879868,-2.8909686,-2.8799038,-2.844347,-2.8169568,-2.834577,-2.9089854,-2.9347432,-2.9576423,-3.1053345,-3.2997239,-3.4801073,-3.3933213,-3.1435885,-3.271756,-2.9029899,-2.4905238,-2.308176,-2.2343915,-2.2777295,-2.4452646,-2.6548753,-3.0312972,-3.2466226,-3.3727658,-3.679326,-3.9292245,-4.4123745,-4.636327,-4.822112,-4.941051,-5.0256624,-5.14172,-5.2533364,-5.4761686,-5.5538106,-5.5642643,-4.018528,-4.017704,-4.0176907,-4.017603,-4.0176005
0.00912109,-0.06201008,-0.18265879,-0.18978214,-0.26785648,-0.35337818,-0.38587487,-0.49088633,-0.6586832,-0.8331453,-0.81333894,-0.6984619,-0.48312768,-0.7889054,-0.92129636,-0.95089155,-1.1089342,-0.95577663,-0.91282225,-0.77521324,-0.71033084,-0.9380263,-1.1058916,-1.0921614,-0.92743677,-0.71692884,-0.6930548,-0.694598,-0.7575164,-0.88918513,-0.93469304,-0.92885214,-1.1001208,-1.5914133,-1.589159,-1.197207,-0.51338303,0.058812927,0.3402538,0.42169777,0.57199657,0.64408576,0.6759331,0.6678356,0.47455654,0.18830346,0.1043475,-0.15814699,-0.85107154,-0.8120451,-0.36325455,-0.17121279,-0.14555848,-0.16602585,-0.2819657,-0.2565435,-0.09624805,-0.06216052,0.021475893,0.03236872,0.076515436,-0.07673744,-0.51551515,-0.6108055,-0.8394311,-0.6626634,0.18199366,0.96545756,1.4575015,1.3769459,0.19974592,-0.6429266,-0.79089725,-0.7137284,-0.54687357,-0.5279616,-0.5133997,-0.4594544,-0.3831646,-0.28673548,-0.14346305,-0.06451538,-0.09175965,-0.13154694,-0.31491274,-0.4883947,-0.58143085,-0.7734418,-0.89206296,-0.9356394,-0.9088174,-0.84368736,-0.75966084,-0.7501932,-0.8075319,-0.8764316,-0.9409308,-0.95883846,-0.70179653,-0.077346444,0.3366056,0.7309756,0.9393412,1.2895908,1.9936109,2.540389,2.407479,2.334727,2.193229,1.7443292,1.2809291,0.6052609,-0.5386584,-1.3276805,-1.7290077,-1.851178,-1.4353213,-1.2844027,-1.1087888,-1.0092845,-0.8663875,-0.36496225,0.22531648,0.83150995,0.8704158,0.85206866,1.6097362,2.7180552,3.6385148,4.4585743,4.926281,4.844358,4.0510902,3.2062793,2.77059,2.2845993,1.6548475,0.72392845,-0.023457766,0.5041552,0.8588165,0.5377749,0.09669763,-0.31162,-0.8889152,-0.92470217,-0.9113452,-1.04514,-1.0352721,-0.7510889,0.14877272,1.0786537,1.5330689,1.6443355,1.7432872,2.0345132,1.9579414,1.5416601,0.8708687,0.3667862,-0.092075944,-0.37439656,-0.7281697,-0.8278292,-0.84294164,-0.78836834,-0.72205603,-0.5792608,-0.44902855,-0.41044968,-0.32153976,-0.09449844,0.034343578,-0.23352945,-0.6324729,-1.064348,-1.243833,-1.2618755,-0.983986,-0.38380378,0.028749436,0.38101965,1.0723504,1.1262332,0.5406382,-0.37855637,-0.9092194,-1.199108,-1.0556968,-0.8958494,-0.8057616,-0.55585426,0.080828585,2.0331562,5.1913147,7.0972643,7.937701,8.503162,8.776667,8.84415,9.381548,10.473728,10.784446,10.818125,10.763586,10.35156,9.996592,9.455586,8.309379,6.3460884,4.0288734,1.505162,0.16215141,-0.5738171,-0.8650042,-1.120015,-1.3373193,-1.5716947,-1.7177489,-1.6659769,-1.6642426,-1.6956573,-1.7361586,-1.7250063,-1.7073054,-1.8526604,-1.9472245,-1.6678833,-1.239678,-0.9300692,-0.5791141,0.8623512,1.8255622,2.3932648,2.5312786,2.5840344,2.5067692,2.4272327,2.378891,2.381869,2.2807844,2.287726,2.1516385,1.8832798,1.6358213,1.5187826,1.6942902,2.3157706,2.449059,2.4176445,2.038505,1.7043436,1.7286249,0.53646153,0.5364231,0.53640956,0.5364048,0.5364314
-2.1139724,-2.0685382,-2.0386028,-2.002995,-2.06951,-2.103887,-1.9458363,-1.6073563,-1.026354,-0.7211416,-0.48778456,0.28470898,0.28463057,0.2934684,0.45536345,0.48842973,0.50104743,0.61554515,0.6500265,0.60047734,0.8242382,0.8903348,1.1364102,1.2858698,1.3132643,1.3381685,1.2724553,1.3356925,1.5144038,1.563908,1.3191516,1.166541,1.2746456,1.1100092,0.37255514,-0.20731686,-0.7216365,-0.9837066,-0.79617405,-0.5724808,-0.3964021,-0.3176602,-0.12846746,0.11621478,0.30942932,0.4783597,0.5315246,0.4722295,0.46162644,0.09499627,-0.4330177,-0.6289593,-0.77611375,-0.8812413,-0.8166189,-1.0753418,-1.2152247,-1.4008797,-1.5349982,-1.4720892,-1.4438462,-1.4036355,-1.2451646,-1.0269995,0.4228401,0.65448666,0.05261019,-1.0736134,-1.1519605,-1.0116423,-0.060355574,0.092864476,0.007955402,0.31311634,0.69788224,0.9302677,1.0652266,1.1212287,1.119121,0.9763639,0.71542346,0.3650656,0.18226418,0.18566746,0.32889134,0.39191836,0.6410843,1.3396072,1.7079203,1.6449834,1.4877719,1.1918131,1.3001697,1.4690621,1.7708814,2.1280832,2.3112555,2.3405,2.0827565,1.3962631,0.7323331,-0.09791708,-0.5584053,-1.1039217,-1.5065085,-1.4851443,-1.0561295,-0.9121831,-0.7989976,-0.85353076,-0.99094707,-1.0214257,-0.61928993,-0.3658056,-0.20935065,0.2919771,1.243642,2.1945682,2.5953336,2.5535095,2.228922,1.2367498,-0.10374157,-0.5746284,-0.19804001,0.1255753,0.3134629,0.59182745,0.9530417,1.2419639,0.9187204,-0.5952896,-1.3554822,-1.4877889,-1.6267946,-1.8116574,-1.9688058,-2.0080976,-2.2732952,-2.3084178,-2.568779,-2.3857121,-2.2013745,-2.0417476,-1.7711573,-1.3683085,-1.039403,-0.80016404,-0.5065191,-0.35144007,-1.0583915,-2.169722,-2.9667156,-3.168819,-3.1809053,-3.0461888,-2.6834786,-1.9480206,-0.4933439,0.9667051,1.7924813,2.153734,2.597803,2.8086095,2.8235269,2.8245697,2.8103182,2.6232529,2.4006174,2.1855993,1.925103,1.4110682,0.53315467,-0.28285354,-0.7751043,-1.5041944,-1.8449223,-1.5582178,-1.3343076,-1.7393787,-2.0897048,-1.958493,-1.9059786,-1.8016946,-1.5869474,-1.529896,-1.1008705,-0.6202609,-0.6896043,-1.115852,-1.512898,-1.7359614,-1.6890166,-1.6202624,-2.0378547,-2.5548587,-2.833558,-2.6829398,-2.6506472,-2.5690389,-2.226439,-1.5180182,-1.3552339,-1.3169831,-1.1784368,-1.0024278,-0.85657877,-0.9243243,-0.92213297,-0.6198451,-0.3897434,-0.15181664,-0.2870984,-0.52640146,-0.519058,-0.3895387,-0.20870356,-0.050615788,0.17285292,0.21760911,0.24907815,0.32261744,0.42309612,0.4633239,0.6260833,1.2303854,1.8490894,2.1030962,1.9850452,1.6741064,1.2503986,0.27136979,-0.28816757,-0.5265267,-0.5419405,-0.5486567,-0.56401896,-0.67127305,-0.79584765,-0.79407597,-0.6922185,-0.8257148,-0.91040814,-1.167978,-1.3345969,-1.4245069,-1.6961517,-1.8834479,-1.8164754,-1.7283479,-2.0600305,-2.4609709,-2.415585,-2.7865853,-2.787068,-2.7871385,-2.787116,-2.787155
-1.5706623,-1.5502739,-1.5102949,-1.6428704,-1.6587826,-1.7260754,-1.8456051,-1.8583077,-2.012268,-1.8591087,-1.6820407,-1.4949558,-1.3306068,-1.1180372,-1.0381488,-1.0557243,-0.9898827,-0.8803095,-0.9559763,-0.88142693,-0.82125115,-0.80288196,-0.86372834,-1.1669145,-1.3994331,-1.5282669,-1.504204,-1.6229537,-1.9028955,-2.1115775,-2.371416,-2.5958562,-2.7781305,-2.4947834,-2.3436236,-2.2338958,-2.0335882,-1.8234335,-1.7817811,-1.750217,-1.6469343,-1.6038764,-1.5289416,-1.2942269,-0.9457756,-0.7781955,-0.88378704,-1.1906309,-1.7124366,-1.8338299,-1.658688,-1.3939514,-1.2244225,-1.1685425,-1.0563138,-1.0600209,-0.9309993,-0.49250713,-0.39214048,-0.49466404,-0.65066993,-1.067719,-1.9771376,-2.7504597,-2.3953855,-2.757783,-3.1018443,-2.6395671,-1.60407,-0.9710647,-0.7051741,-1.1238668,-1.313102,-1.2673892,-1.2678638,-1.3335838,-1.4495196,-1.4702617,-1.4840026,-1.4289498,-1.2929701,-1.085906,-0.9301591,-0.89640135,-1.0273504,-1.2810802,-1.2731581,-1.281296,-1.4091403,-1.480972,-1.5601683,-1.4741651,-1.659936,-1.7347089,-1.8175539,-1.8810894,-2.0340595,-2.2634027,-2.7669766,-3.4177246,-3.7761397,-3.899755,-3.6752758,-3.0055695,-2.6105165,-2.2281957,-1.898997,-1.7807059,-1.7407653,-1.7875019,-1.6482742,-1.351466,-1.7918124,-2.8540943,-3.2329211,-3.487142,-3.4359555,-3.0966783,-2.8629136,-2.8840137,-2.9843652,-2.965879,-2.3568778,-1.4812629,-1.2285521,-1.1576307,-1.5080035,-1.8589339,-2.4096131,-2.699321,-2.5221336,-2.437059,-2.4618068,-2.3969433,-2.3763475,-2.5010843,-2.7713873,-3.384095,-3.7787628,-3.8857474,-3.8038032,-3.5825665,-3.47055,-3.493247,-3.793775,-3.9802952,-3.687305,-3.475813,-3.3611975,-3.3342276,-3.4854503,-3.2681112,-2.9257345,-2.5488663,-2.3030486,-1.814611,-1.1957462,-0.9490882,-0.7937466,-1.0001853,-1.2612919,-1.577544,-1.8119223,-1.6899636,-1.5178387,-1.4436473,-1.4654207,-1.5068412,-1.6176188,-1.704036,-1.8126918,-1.9854985,-1.9157945,-1.1726153,-0.7882013,-1.3169994,-1.9201975,-2.3636756,-2.7138543,-3.0303884,-3.0003252,-2.5870667,-2.0719187,-1.826396,-2.0577674,-2.509064,-2.5527918,-2.2587829,-2.2874935,-2.3662648,-2.3947718,-2.379197,-2.1800508,-2.305415,-2.453936,-2.3712163,-2.1490505,-1.9582673,-1.875884,-1.8194325,-1.5250565,-0.7029239,-0.36962754,-0.48422843,-0.63043845,-0.58911395,-0.114839494,0.4772853,0.906497,0.7379495,0.5687802,0.4065493,0.30721298,0.23665005,0.13511007,-0.063117355,-0.28608742,-0.4923309,-0.69752616,-0.8626393,-1.0492907,-1.2194473,-1.3342404,-1.3795942,-1.3639082,-1.3711598,-1.511457,-2.0404148,-2.58914,-2.9777958,-2.7040174,-2.4598055,-2.2707126,-2.0702038,-1.9170289,-1.8592465,-1.9311726,-2.1011443,-2.286703,-2.3367567,-2.3144429,-2.4403749,-2.5992267,-2.9539003,-3.0453935,-3.0553482,-3.0714407,-2.647755,-2.3745697,-2.3972487,-2.302168,-2.6706092,-2.711875,-2.557176,-2.5568843,-2.5568833,-2.5568154,-2.5568337
-2.3768106,-2.3370285,-2.262206,-2.256925,-2.1577587,-1.9312174,-1.4717748,-0.77566034,-0.14747724,-0.037730962,0.08543544,0.42797148,0.15828428,0.016618595,-0.08464749,-0.044518054,-0.13259973,-0.23713526,0.056201562,0.14781013,0.42829436,0.5365417,0.538242,0.48126364,0.3550759,0.092481844,-0.08881736,-0.2775679,-0.36079162,-0.26537606,-0.08998747,0.17234462,0.73146516,1.3520942,2.0442882,2.1379552,1.7139881,0.8932097,0.4075067,0.26353085,0.2007894,0.19240381,0.21355073,0.28872848,0.3760631,0.84292495,1.2924927,1.7395709,2.6511137,2.5882728,1.91185,1.3612027,1.1575629,1.2885706,1.5398407,1.9162312,2.0213256,1.490449,1.0244145,0.9556856,0.99971545,1.8584353,5.064612,8.713945,10.62027,10.885236,9.984115,7.721218,3.7948935,2.0497272,2.1128824,2.4797897,2.3456025,2.6790106,3.079376,3.2370298,3.3853416,3.4043863,3.403454,3.3318434,3.192563,3.0813203,3.0186915,3.241528,3.5999908,3.8244724,3.9708712,4.399168,4.633786,4.5942016,4.5147166,4.277233,4.406838,4.5094414,4.5739083,4.6943645,4.8091345,4.7658334,4.5869517,3.9514043,3.3270655,2.5461845,2.140278,2.0277238,1.3386253,0.2418077,-0.24862383,-0.28861877,-0.26886514,0.09171264,0.1991718,0.44802403,0.9091302,2.310471,4.0199456,6.4933486,8.431627,9.085045,9.455207,9.681639,9.687836,9.220191,7.966691,5.854617,5.086216,4.4001646,2.813786,1.1404212,0.6147174,0.895753,1.3196932,1.4954337,1.3310027,1.3776405,1.6496357,2.454889,4.1732717,5.737171,5.6716194,4.6484404,4.077619,4.6887674,5.5132895,6.2971516,7.382799,8.179108,8.365917,8.403595,8.653528,8.803669,8.310953,7.03485,5.497093,4.237356,3.632171,2.1147788,1.3087312,1.5212727,2.1696937,2.0738654,1.0354091,0.75691444,1.5224876,2.0828013,2.281199,2.405547,2.5034037,2.5161982,2.3582187,2.0853152,1.875977,1.9785249,2.4255142,3.3117692,4.6420236,7.719407,9.492191,10.264758,10.55299,10.112382,8.541845,5.9392586,3.5517392,3.3858013,5.223669,8.464348,9.8486,10.189697,9.645825,8.847627,7.778707,5.9674206,3.3744407,1.1123339,-0.39140308,-0.895329,-0.7001854,-0.057216942,0.14649662,0.29761738,0.62531173,0.97422546,1.1911802,1.6662008,2.2203867,2.6617126,2.7613611,2.855919,2.987825,3.3862662,3.9298525,4.4891815,4.4788246,4.9567227,5.630747,6.436184,7.1956205,7.847203,8.3981,8.568551,8.7726345,9.0054,9.17009,9.227777,9.351948,9.715142,10.042115,10.052957,9.52708,8.578623,7.4917507,5.2094865,3.286046,2.0330653,1.5697017,1.4138219,1.4797161,1.6590488,1.7245891,1.5851669,1.463528,1.3694513,1.291964,0.9336455,0.4205765,-0.010169864,-0.42235723,0.10681425,0.39824614,0.24279621,-0.056141894,-1.0306653,-1.142491,0.86873156,0.8703192,0.8704549,0.87045836,0.87049997
-3.272508,-3.2393851,-3.207014,-3.2200878,-3.0867333,-2.8987799,-2.5170085,-1.4084004,-1.4115493,-1.5087936,-1.454925,-1.4890164,-1.384505,-1.3073182,-1.4207041,-1.5327663,-1.5506124,-1.511347,-1.46808,-1.4577235,-1.2196763,-0.980368,-1.138582,-1.3466929,-1.4277642,-1.4069653,-1.355108,-1.3064282,-1.1766176,-1.1010635,-1.0107118,-1.0822016,-1.3604807,-1.9903302,-2.281098,-2.131767,-1.460223,-0.8040936,-0.9091347,-1.180377,-1.3259165,-1.4269612,-1.5046189,-1.6612124,-1.8293834,-1.9312358,-1.9055067,-1.8730216,-2.577013,-2.7315388,-2.5696888,-2.471549,-2.2698228,-1.9754972,-1.8045254,-1.1533225,-0.79596364,-0.29303908,0.008545499,0.07919751,0.019913182,-0.4672344,-1.560999,-2.3534575,-3.4641557,-3.1376011,-2.3167577,-1.7217495,-0.7385495,-0.24332592,-0.95543844,-1.3881772,-1.4360857,-1.4710932,-1.6581112,-1.7041701,-1.7246974,-1.7315173,-1.6972306,-1.6877463,-1.6559148,-1.6113706,-1.6312056,-1.7023275,-1.700778,-1.7976656,-1.953309,-2.0293362,-1.9851892,-1.8544786,-1.8388677,-1.838923,-1.727844,-1.6483392,-1.6330423,-1.6608546,-1.6924522,-1.6457808,-1.2361372,-0.25786823,0.6538243,1.2966938,1.1945138,1.4608245,2.0349956,2.681306,3.418903,3.6504824,3.8437524,3.8034227,4.075624,3.508204,1.9884385,0.6463883,-0.7760923,-1.7691549,-2.4996657,-2.975183,-3.407716,-3.6598635,-3.654827,-2.7174067,-1.9193611,-1.942857,-2.1906018,-2.363218,-2.0761185,-1.7513405,-1.827435,-2.2579627,-2.3673906,-2.027858,-1.5716968,-1.5542431,-1.6636567,-1.8355864,-2.0321624,-1.7553976,-1.3614303,-1.9206284,-2.0680487,-2.0961356,-2.0042608,-1.9140464,-1.5289617,-0.7617247,-0.5531598,-0.6871273,-1.0686808,-1.4002863,-0.6851784,0.86261165,1.8633306,2.3326912,2.3960872,2.530816,2.7303858,2.487825,1.8415887,1.3755311,1.0106896,0.47996002,-0.48155928,-1.173136,-1.4730844,-1.6461395,-1.7190828,-1.8115242,-1.8930795,-1.8672867,-1.716411,-1.4239477,-1.1443207,-1.0121468,-1.0582142,-1.1611544,-1.51881,-1.3949873,-0.124407426,3.3226213,7.76852,10.329895,11.14871,11.239162,10.833336,8.468046,5.0218067,1.9622722,-0.395522,-0.7243589,-0.5570166,-0.38706964,-0.2668515,-0.34217167,-0.8328203,-1.6750169,-2.0298896,-2.2334156,-1.8882239,-1.7833092,-1.4423709,-0.4120069,-0.006750107,-0.20984015,-0.5024724,-0.65875363,-0.71966636,-1.0390875,-1.7393972,-2.4184651,-2.743312,-2.687947,-2.5928025,-2.4649587,-2.402608,-2.4290032,-2.4335482,-2.4666607,-2.5425048,-2.5550835,-2.5789728,-2.5906975,-2.601593,-2.56712,-2.5359163,-2.6023402,-2.8111918,-2.7647288,-2.4472036,-1.8059889,-1.345062,-1.3689682,-1.562459,-1.9866686,-2.3419833,-2.424302,-2.601127,-2.69317,-2.856294,-2.8729486,-2.7358747,-2.8431697,-2.962027,-2.8198352,-2.5063157,-2.1788638,-1.8218763,-1.9189801,-1.8987772,-1.9427556,-2.0386903,-2.1561885,-2.226496,-1.0837158,-1.0830469,-1.0830313,-1.0829864,-1.082967
-0.85293365,-0.81879383,-0.7333292,-0.6217584,-0.4546625,-0.26635435,-0.052826643,-0.002917558,-0.38826177,-0.7172384,-0.66540146,-0.40785062,0.13018613,0.27825826,0.18035085,-0.08685017,-0.36740744,-0.411018,-0.46852592,-0.6006374,-0.7082108,-0.9213257,-1.2362158,-1.3645706,-1.3248099,-1.2723553,-1.2738444,-1.2301809,-1.1249256,-0.9642932,-0.76293266,-0.7347397,-1.0187252,-1.520129,-1.7885444,-1.6481056,-1.1580472,-0.5510843,-0.202518,-0.102660686,-0.0655981,-0.05585289,0.005507648,0.09486723,0.060797036,-0.02946341,-0.0026718378,0.10662326,-0.20892917,-0.34245795,-0.1816148,-0.0741701,-0.101221606,-0.1925671,-0.55376303,-0.93898153,-1.2181171,-1.8590691,-2.0156615,-2.0995476,-2.2303636,-2.4871936,-2.8050008,-2.3312855,-2.9154415,-3.0253804,-2.7340858,-1.9947598,-1.460243,-1.3656406,-1.90481,-2.1503363,-2.3959317,-2.701171,-2.8709958,-2.7904801,-2.709351,-2.643139,-2.5884352,-2.5600555,-2.554941,-2.6444478,-2.7344484,-2.810188,-2.7201414,-2.7284894,-2.7000682,-2.3764954,-2.0482893,-2.0049942,-2.064691,-2.2244883,-1.9993143,-1.789674,-1.6180016,-1.4514741,-1.2585559,-1.0107301,-0.24130388,1.6624675,3.274754,5.404139,7.047709,9.049033,9.822331,10.248644,10.667621,10.845778,11.062693,11.204517,11.127596,9.852275,7.040393,3.4667308,0.7841594,-1.1503838,-2.4142628,-2.8473878,-3.0716305,-3.2892487,-3.3955035,-2.984263,-2.6679761,-2.9637427,-3.1697564,-3.3624063,-3.1767788,-2.562645,-2.0540066,-1.8308282,-1.9046242,-1.8059194,-1.7301755,-1.8324609,-1.9649496,-2.23099,-2.5891807,-2.5819702,-2.1553774,-2.2932348,-1.9537388,-1.5063127,-1.3023248,-1.3187811,-1.3913484,-1.1904857,-1.0355062,-1.0928516,-1.3991649,-1.8855236,-1.78318,-1.3318312,-0.89661247,-0.8014096,-0.88468695,-0.7813506,-0.65771246,-0.7380322,-1.1200112,-1.462064,-1.5416099,-1.4814329,-1.6866393,-1.9541583,-2.0752962,-2.1228724,-2.2031004,-2.3639064,-2.5624852,-2.6830823,-2.7196531,-2.5733385,-2.3297951,-2.541081,-2.7586823,-2.497166,-2.057984,-1.9527218,-1.8857505,-1.3134553,-0.3122991,0.36705685,0.35011908,0.08052057,-0.5365722,-1.107707,-1.7772357,-2.1771133,-2.1766925,-2.2359526,-2.348966,-2.5755339,-2.6194048,-2.1799054,-1.208257,-0.651463,-0.60465974,-0.8845934,-0.7017574,-0.63007164,-0.42927504,-0.10836842,0.026156873,-0.023092128,-0.3754351,-0.5981587,-0.6236831,-0.55836415,-0.5820488,-1.0555971,-1.6647971,-2.1376255,-2.1548817,-2.060269,-2.001276,-1.953711,-1.9071732,-1.9388237,-1.9238727,-1.8596207,-1.8423291,-1.8477623,-1.8748151,-1.8794892,-1.893914,-2.1628509,-2.4751983,-2.5741723,-2.1155443,-1.5021486,-1.526404,-1.7271194,-1.7245619,-1.8693564,-2.100073,-2.1014957,-2.2148812,-2.1748977,-2.2076244,-2.1149845,-2.0343194,-2.1781662,-2.2713697,-2.1082253,-1.7367824,-1.3619735,-0.57098305,0.06190306,0.29337114,0.3143012,0.64418274,0.73129034,0.7612624,-0.35182214,-0.3522097,-0.35223186,-0.35228392,-0.35227874
-1.4793925,-1.5104821,-1.5294483,-1.5368452,-1.5554918,-1.5760412,-1.7016053,-1.9634323,-2.0017312,-1.8903401,-1.8808329,-1.9995382,-1.900358,-1.8329922,-1.755698,-1.8018141,-1.8555467,-1.8202682,-1.7996023,-1.8058443,-1.8293856,-1.9473791,-2.0885081,-2.166342,-2.1279452,-2.0707648,-2.071126,-2.0615873,-2.0758076,-2.0656545,-2.0728877,-2.096837,-2.2022,-2.3949497,-2.3922396,-2.1159782,-1.8846502,-1.7973661,-1.7406033,-1.729387,-1.7550032,-1.8145018,-1.9076198,-1.9968877,-2.0973802,-2.2454467,-2.1233928,-1.8592339,-2.043476,-2.0446618,-1.8067751,-1.5906163,-1.5319862,-1.5563729,-1.6676114,-2.0733538,-2.3266687,-2.752867,-2.9073896,-3.0239334,-3.1606555,-3.5041382,-4.0174046,-3.505869,-3.8024366,-3.9487648,-3.279824,-2.057751,-1.3014126,-1.2645543,-1.9833822,-2.4372535,-2.7358866,-3.1378393,-3.4031372,-3.4425106,-3.4623961,-3.4349208,-3.385613,-3.2645597,-3.0240784,-2.7169018,-2.535867,-2.5690641,-2.73214,-2.8509965,-2.9489102,-3.1967359,-3.3204253,-3.3965137,-3.457754,-3.381327,-3.4851885,-3.5494199,-3.605653,-3.66175,-3.669311,-3.7152305,-3.7083755,-3.3271918,-2.7792768,-1.9861393,-1.326587,-0.88921714,-0.9225719,-0.7552797,-0.49579048,-0.38229835,-0.3472935,-0.5362247,-0.27202275,-0.23402382,-0.9849438,-1.8264825,-2.3315492,-2.866589,-3.0269332,-3.0813732,-3.2058387,-3.4700422,-3.5218775,-2.9188125,-2.5714378,-2.5445971,-2.6421123,-2.8030744,-2.8416686,-2.1037612,-1.3724241,-0.88004833,-0.62378144,-0.17630687,0.10248381,-0.004767984,-0.06254771,-0.33118492,-0.85481685,-1.4356899,-1.408924,-1.3063264,-0.8348256,-0.47209996,-0.48236018,-0.6438846,-0.59315133,-0.4341604,-0.4797942,-0.67403364,-1.3194029,-2.0793982,-2.1087599,-1.8157004,-1.6138102,-1.5710808,-1.513503,-1.0555856,-0.5911888,-0.49099386,-0.8912158,-1.505962,-1.9776989,-2.3355224,-2.771998,-3.0124145,-3.1394176,-3.179412,-3.1986737,-3.141275,-2.9981117,-2.8532472,-2.6328647,-2.350058,-2.3097258,-2.8442545,-3.3536663,-3.699973,-3.5821784,-3.6305938,-3.7854152,-3.5589523,-2.5747344,-1.783549,-1.2533462,-1.2972387,-1.8236148,-2.5503335,-2.843274,-3.4069183,-3.7977152,-3.9493294,-4.104616,-4.4113493,-4.363063,-3.541225,-2.4436207,-1.6254568,-1.3335598,-1.3618516,-1.4096351,-1.4633952,-1.2385579,-0.6826902,-0.5868194,-0.58686864,-0.71425617,-1.1030138,-1.3561208,-1.5303123,-1.6636219,-1.7899048,-2.1248932,-2.4602838,-2.4088326,-2.2694697,-2.1898332,-2.206839,-2.2666337,-2.3957388,-2.4741077,-2.4409308,-2.3928692,-2.3717203,-2.375409,-2.3480031,-2.3158088,-2.468617,-2.6004152,-2.468017,-1.8346939,-1.0329866,-1.0262852,-0.31674963,0.35482424,0.664356,0.77642363,0.85526,0.92865205,1.0040076,0.9475249,0.9880212,0.8645623,0.53795356,0.2734963,0.03271666,-0.1368066,-0.20526116,-0.23499693,-1.289516,-1.796536,-1.7472996,-1.767125,-1.3887185,-1.3554206,-0.7470854,-0.7468809,-0.746908,-0.7468655,-0.7468752
-1.2889068,-1.2689893,-1.2906221,-1.36149,-1.2883508,-1.2515032,-1.0872852,-0.43361184,-0.44157594,-0.40701827,-0.21010175,0.07139579,0.12954079,-0.053206764,-0.26476485,-0.42133713,-0.5995888,-0.54005486,-0.36172166,-0.16741335,-0.01491056,-0.15362838,-0.59040546,-0.9948578,-1.140544,-1.1440713,-1.0689672,-1.1525714,-1.3304118,-1.4006333,-1.4116253,-1.4120878,-1.4020337,-1.4485409,-1.5133699,-1.2404432,-0.75050306,-0.37997264,-0.21618596,-0.20007214,-0.117750496,-0.16991091,-0.17527023,0.01127018,0.17842257,0.19510429,-0.040568635,-0.39418635,-1.4036393,-1.7168787,-1.6440864,-1.4939651,-1.3903902,-1.3030263,-1.1615052,-1.1175549,-0.94761217,-0.35715687,0.004806727,0.21341534,0.3041795,0.19743752,-0.11543649,0.01079075,-0.868,-1.1157117,-0.6196798,0.2517247,0.7459561,1.221049,1.000712,0.6146057,0.5319679,0.26804844,-0.15780616,-0.39024433,-0.5814965,-0.71478015,-0.7141093,-0.70766616,-0.4819752,0.021636367,0.26180726,0.21485126,-0.17597106,-0.58171165,-0.66686517,-0.80415064,-1.1482766,-1.2541623,-1.4255519,-1.2745667,-1.5323988,-1.6682367,-1.8893578,-2.1761765,-2.4191337,-2.7551675,-3.006462,-2.8450046,-2.3358746,-1.8629551,-1.4964782,-0.8630722,-0.7571605,-0.7216017,-0.5265257,-0.37473464,-0.35722753,-0.6301364,-0.4313653,-1.0903413,-1.8280503,-1.7541806,-1.8377862,-2.04757,-2.0536027,-1.9795146,-1.9380772,-2.0104702,-1.9986652,-1.2003528,-0.60973895,-0.21403918,-0.15360662,-0.2616476,0.18641496,1.104468,1.2260301,0.16989535,-0.44030216,-0.52341396,-0.30316845,-0.31661063,-0.10632074,-0.106251255,-0.27289084,-0.7446736,-1.3143774,-1.9377223,-1.6004411,-0.9439745,-0.47462612,-0.34225866,0.13122061,0.81076264,1.2495402,1.1459587,0.44244394,-0.48037866,-0.7018294,-0.28341684,0.057837352,0.006879136,0.06909098,0.5920586,1.3162761,1.487679,0.628988,-0.6134411,-1.476469,-1.6835598,-1.7034607,-1.6459625,-1.6478938,-1.6436157,-1.6186528,-1.6343334,-1.7486669,-1.8879344,-1.8377454,-1.4981515,-1.2465184,-0.93423045,-0.91284895,-0.84487253,-0.7915107,-1.0605423,-1.325619,-1.048348,-0.27983552,0.16064695,0.47360605,0.6525844,0.3883683,-0.16240901,-0.10623106,-0.5700483,-1.3977087,-1.7511075,-1.8261564,-1.9490767,-1.9736527,-1.6314783,-1.5243111,-1.46243,-1.2193646,-0.9670382,-0.74319464,-0.6209528,-0.13582134,0.7724711,0.85330653,0.57314706,0.020422049,-0.6698133,-1.1852968,-1.7189047,-2.028771,-1.916477,-1.7835324,-1.5809418,-1.3672215,-1.0568539,-0.9073661,-0.963762,-1.0406082,-1.2191393,-1.3891828,-1.3231856,-1.1369178,-0.992639,-0.9314497,-0.82645524,-0.72479165,-0.98365784,-1.339325,-1.4866166,-1.2009609,-0.84291565,-0.923483,-0.7884724,-0.5392895,-0.51832485,-0.55493754,-0.56607693,-0.55960536,-0.6000894,-0.76974857,-0.8463727,-0.9604001,-1.177681,-1.403116,-1.6706136,-1.8793446,-1.7157376,-1.4421659,-0.92490673,-0.5888038,-0.60525197,-0.3219468,-0.34358603,-0.43166944,-0.21000186,-0.21043067,-0.21049458,-0.21046409,-0.21049982
0.86595607,1.0092427,1.2751713,1.3110721,1.7137868,2.158362,2.4557722,2.5074303,1.8769083,1.6725199,2.0077753,2.636592,2.6790235,3.1665008,3.1754684,3.1495466,3.2738342,3.2907999,3.448468,3.5913644,3.5447226,3.7375116,3.9908447,4.100937,4.048541,3.7790232,3.7032118,3.565071,3.2233992,2.840232,2.4141917,2.2200267,2.061491,1.4476085,0.23292395,-0.635489,-1.2017925,-1.1839302,-1.073524,-1.0212183,-1.006779,-0.9874286,-0.7600095,-0.38854045,0.20000842,1.0957909,2.0115867,2.7192173,3.7223763,3.9798899,3.802967,3.5862393,3.446227,3.3129916,3.293983,2.9314375,2.4435337,1.5703735,1.3836864,1.2332524,1.0913683,0.9756916,1.0476556,0.9532194,1.334537,0.95895433,-0.40009153,-2.5237236,-3.3340557,-3.360557,-2.8961692,-2.5193934,-2.2709012,-2.3490207,-2.4939475,-2.6255565,-2.648707,-2.7316794,-2.8241432,-3.0037336,-3.2502036,-3.4395456,-3.5003698,-3.459884,-3.2870765,-3.10716,-2.9535494,-2.4796433,-2.179706,-2.1304722,-2.0441132,-2.1419601,-1.9732609,-1.8397689,-1.6833131,-1.4340622,-1.2945433,-1.2505239,-1.2702307,-1.4308808,-1.6179376,-1.7511774,-1.8356367,-2.067453,-2.1673684,-1.9750063,-1.6202651,-1.4656235,-1.2047645,-0.5636244,-0.14199385,0.5444004,1.6961195,1.4721421,0.8850572,0.7407072,1.0946144,1.2621232,1.1816056,0.9499502,0.2910475,-1.2264664,-2.2067792,-2.3767428,-2.2559233,-2.0713863,-1.9180019,-1.791508,-1.9166759,-2.4317636,-2.8843117,-3.030025,-2.807417,-2.6467443,-2.6406617,-2.557455,-2.6650598,-2.6802402,-2.5417767,-2.5373669,-2.733183,-2.9817276,-3.0368376,-2.863519,-2.4689596,-1.6881069,-1.0049895,-0.7211523,-0.42021483,-0.40427917,-1.1675833,-1.9581019,-2.1764188,-2.152711,-2.12577,-2.1165423,-2.0429084,-1.8294076,-1.7512693,-1.7483673,-1.7489554,-1.8099549,-1.8139794,-1.559596,-1.4592025,-1.4312564,-1.3417346,-1.0083253,-0.4820259,0.067804396,0.6599947,1.0565386,1.098707,0.86810803,0.8318344,0.9492309,1.6851946,2.0595088,1.8491454,1.1091496,0.1657512,-0.7023102,-1.3940095,-1.4902785,-1.1608751,-0.6243802,-0.09189375,0.61918044,0.87718177,0.5137712,0.19567063,0.033311605,-0.41525596,-0.945134,-1.164603,-1.1091087,-1.1017652,-1.2606592,-1.4270828,-1.5697677,-1.992054,-2.4130454,-2.668978,-2.9501572,-3.175501,-3.3544211,-3.4137812,-2.8565805,-1.4599965,0.0006311536,0.7584465,1.0558294,0.90325147,0.50965023,0.2510912,0.064308174,-0.10210276,-0.24510105,-0.2438176,-0.3550127,-0.46864206,-0.49652284,-0.50069857,-0.5264541,-0.48541516,-0.15867127,0.07738132,0.0259436,-0.50960875,-1.4360176,-1.975968,-2.2321777,-2.2804046,-2.230157,-2.149959,-2.1169133,-2.1237621,-2.1698372,-2.161633,-2.12545,-2.0316048,-2.0509446,-2.014101,-1.903288,-1.7914132,-1.6201034,-1.5146714,-1.5811063,-1.3552765,-1.260694,-1.0521225,-1.4892132,-1.4879421,-1.5465392,-1.5469704,-1.5469508,-1.5470065,-1.5470155
-3.7056856,-3.6680272,-3.6441507,-3.666213,-3.6115372,-3.5141015,-3.3918517,-3.0004854,-2.891644,-2.5976195,-2.222412,-2.0476005,-2.0752172,-2.0376968,-2.0279472,-2.0629056,-2.0575907,-1.9954298,-1.9058163,-1.939947,-1.8101337,-1.6575822,-1.7148216,-1.7951481,-1.8246559,-1.819217,-1.7808266,-1.7553079,-1.7251424,-1.7512486,-1.8279707,-1.9592459,-2.1950068,-2.5101156,-2.3862953,-2.070741,-1.5831087,-1.1843425,-1.04277,-0.94362414,-0.8955957,-0.93632936,-1.053604,-1.2365615,-1.3539479,-1.5265335,-1.6958579,-1.7476883,-1.9313507,-1.745821,-1.3429577,-1.141569,-0.9429326,-0.7360033,-0.7719537,-0.53947264,-0.4684187,-0.5259334,-0.5957322,-0.60864115,-0.71555877,-1.0806375,-1.7162849,-2.216033,-2.9575353,-2.9029598,-2.1849275,-1.7776937,-0.6002619,-0.035144508,-0.33289945,-0.36834434,-0.50064117,-0.8637077,-1.1914295,-1.2410287,-1.2961649,-1.3259768,-1.3121455,-1.2886097,-1.2517828,-1.2449281,-1.3070314,-1.3006741,-1.1770829,-1.2313049,-1.0954556,-1.0197142,-1.106171,-1.0455776,-1.1741489,-1.2046844,-1.3860949,-1.4902216,-1.5874848,-1.6916984,-1.7879106,-1.9195907,-2.1084244,-2.1568685,-2.1175795,-2.195141,-2.3672705,-2.2739193,-2.0418763,-1.8828349,-1.3340576,-1.1873655,-1.0997202,-1.1116273,-1.0066828,-1.0705854,-1.4946495,-1.5425518,-1.8312248,-2.0791888,-2.4092102,-2.8720126,-3.2971406,-3.5127277,-3.414716,-2.4513855,-1.549337,-1.3886125,-1.6233418,-1.7663597,-1.6027023,-1.3108659,-1.3925534,-1.5345967,-1.3005095,-1.1355878,-1.0647714,-1.1836076,-1.3670183,-1.6519084,-1.9546133,-1.8755289,-1.4207212,-1.2665435,-1.381514,-1.6371305,-1.8864377,-1.9804093,-1.8631961,-1.8665013,-2.0473855,-2.2304611,-2.33147,-2.2974179,-1.7025304,-0.58630294,0.17040189,0.46200562,0.494636,0.6011979,0.5720789,0.15274155,-0.25187066,-0.13663714,0.42078966,0.62774307,0.3835491,0.15162863,0.08767685,-0.0005540028,-0.15862678,-0.37412563,-0.5484686,-0.6178665,-0.5695635,-0.38145354,-0.33982366,-0.72554755,-1.1775517,-1.8544548,-2.3320796,-2.4990895,-2.0360594,-0.79581255,0.36874077,0.7460427,0.9289359,0.5852227,-0.19521265,-0.85827184,-0.9550581,-1.2318379,-1.6637888,-1.6234212,-1.4603052,-1.371247,-1.1572471,-1.0375578,-1.4971623,-2.1973395,-2.7092154,-3.0464745,-3.0359948,-3.0281441,-2.8410375,-2.3414354,-2.0581055,-2.2065554,-2.473135,-2.6405668,-2.3858645,-2.2149491,-2.243023,-2.421292,-2.301396,-1.9771581,-1.9621091,-2.0364125,-2.1004314,-2.167876,-2.158184,-2.2041569,-2.2867613,-2.259359,-2.2619042,-2.2630343,-2.313506,-2.3238392,-2.3790455,-2.537017,-2.7239811,-2.861764,-2.8975801,-2.6164992,-2.3699355,-2.1207104,-2.0420427,-2.096217,-2.1722777,-2.217411,-2.3680513,-2.5271058,-2.7831404,-2.8064592,-2.7557812,-2.9293163,-3.089562,-3.2617831,-3.1684372,-3.1046228,-3.3511438,-4.114051,-4.3688784,-4.4929338,-4.4754214,-3.7849116,-3.7341902,-2.252415,-2.2515407,-2.251524,-2.2514296,-2.251429
-0.9141579,-0.9816533,-1.0156293,-0.9583268,-0.92795885,-0.74411047,-0.48432896,-0.4360051,-0.73428714,-0.841121,-0.72322243,-0.6810801,-0.6899152,-0.29417711,-0.3485992,-0.20231788,-0.05049544,-0.0675802,0.026868071,0.3181398,0.2851774,0.31160778,0.26107946,0.3127688,0.3531857,0.27599847,0.35026205,0.12715845,-0.26632038,-0.5766747,-0.70842105,-0.65107906,-0.4754519,-0.5319725,-0.41919705,-0.37188745,-0.64923185,-1.1132085,-1.3994772,-1.4823195,-1.5000416,-1.5057681,-1.4236164,-1.3012203,-1.1143181,-0.81966496,-0.51213586,0.2788286,2.76328,5.034789,7.0252724,8.11569,8.780018,9.328079,10.066431,10.8672085,11.329274,12.067182,12.237413,12.24209,12.248887,12.279839,11.812561,9.258654,4.69688,2.1705844,1.2688587,0.52365845,0.034109414,0.09812528,0.3929378,0.24255937,-0.0013711154,-0.17652339,-0.16448726,-0.27568138,-0.31703252,-0.3567482,-0.33460253,-0.2942986,-0.31000412,-0.1359812,-0.061558336,-0.35507342,-0.7071587,-0.8612196,-1.099374,-1.1635265,-1.0609169,-0.8940021,-0.5336935,-0.13875405,0.21057871,0.20632203,0.019744013,-0.2427808,-0.5886798,-0.8199027,-1.1500127,-1.4638456,-1.5350506,-1.5511991,-1.3454586,-1.5085021,-1.8136995,-1.7714403,-1.5396495,-1.3555763,-1.1384655,-0.81081617,-0.47488156,0.5670023,1.7852186,1.5655801,1.2842852,0.6356053,-0.26348245,-0.7108065,-0.95501024,-1.0152767,-0.9683045,-0.7042265,-0.34964854,-0.22242199,-0.41156313,-0.43543696,0.011897329,0.07186755,-0.0041854084,0.09295929,0.27053776,-0.24620278,-1.0021374,-1.3017803,-1.4098725,-1.4753511,-1.7198074,-2.168186,-2.8208973,-2.9952188,-2.6391394,-2.2894783,-1.9343038,-1.6987522,-1.6378056,-1.9782556,-2.1070678,-2.1846852,-2.080749,-1.9336414,-1.7757717,-1.3387936,-1.007434,-0.9076089,-0.7866355,-0.6369872,-0.22763383,0.16412136,0.29086983,0.11633214,0.07333025,0.24699217,0.76385367,1.8322792,2.4409153,2.8304563,3.3786457,4.5552526,5.8256106,7.0136967,8.54399,10.155441,11.199877,11.717336,11.734525,10.545528,8.78556,7.0324035,5.2517843,3.6099753,2.1695147,1.4416296,0.77892524,0.59652853,0.6720584,1.0656298,1.9797143,4.1485133,7.4079065,9.08699,10.072657,10.875251,11.434138,11.334234,10.46966,9.122239,7.474867,5.880583,4.9427934,4.2006826,2.8854814,1.3200603,0.026822805,-0.6106848,-1.306177,-1.8770179,-2.2029405,-2.1312337,-2.0894783,-2.082927,-1.8590629,-1.2618035,-0.74676305,-0.429411,-0.42769384,-0.6724962,-0.882374,-1.0425223,-1.1029284,-1.1441673,-1.1692922,-1.1761945,-1.1846322,-1.178653,-1.2567902,-1.2795315,-1.4475523,-1.8450842,-2.4924796,-2.5156388,-2.0226715,-2.067874,-2.2166553,-2.1873767,-2.2204425,-2.1534762,-2.252592,-2.3747942,-2.490808,-2.446349,-2.2515142,-2.2866914,-2.4664254,-2.5533006,-2.5096922,-2.524889,-2.591647,-2.4659042,-2.1815126,-2.1845846,-1.8767345,-1.691901,-1.6549633,0.8396179,0.8408006,0.84096056,0.84090596,0.84097075
-3.3782501,-3.3460927,-3.3448524,-3.4238055,-3.4663515,-3.5607953,-3.6889663,-3.3812745,-3.1856258,-2.7509508,-2.4945502,-2.4722455,-2.4874396,-2.7067094,-2.780885,-2.7946281,-2.8475137,-2.7382827,-2.6531808,-2.5731726,-2.4185295,-2.4751174,-2.5659988,-2.7101502,-2.7892807,-2.7866802,-2.7894604,-2.7733417,-2.7155352,-2.6071706,-2.5804272,-2.6815338,-2.7320006,-2.5095506,-2.1678987,-2.0433555,-1.8273591,-1.7946628,-2.0186973,-2.2092,-2.2599287,-2.2879083,-2.381957,-2.4352095,-2.414955,-2.2660887,-1.8687353,-1.8460481,-2.548008,-2.6323514,-2.411654,-2.2539382,-2.0968137,-1.9493339,-1.9483743,-1.9606695,-1.9862332,-1.9710566,-1.8900989,-1.814311,-1.7920384,-1.8408514,-1.8694353,-2.156901,-3.0675373,-3.0121875,-1.9013057,-1.0539439,-0.7038511,-0.57889843,-1.3295665,-1.7637815,-1.5755715,-1.4580674,-1.474805,-1.5174448,-1.587518,-1.5855194,-1.5569408,-1.4603248,-1.3058604,-1.1807935,-1.0866897,-1.0089715,-1.0337691,-1.2512646,-1.3399827,-1.5894685,-1.8557093,-1.8230032,-1.9200404,-1.8626451,-2.118582,-2.2800856,-2.3757133,-2.454749,-2.5616212,-2.6528473,-2.810848,-2.9757204,-2.9573383,-2.8935375,-2.8081355,-2.5680017,-2.4667716,-2.426795,-2.2211044,-2.1690102,-2.1918483,-2.26066,-2.1643853,-2.2145345,-2.7042208,-2.8327882,-2.8846812,-3.1023862,-3.3418193,-3.6710596,-3.9447782,-4.0281677,-3.9069474,-3.465501,-2.9692392,-2.5306203,-2.564007,-2.6571846,-2.6695392,-2.2322187,-1.6683874,-0.88295203,-0.15034343,0.30398256,0.20162413,-0.13064481,-0.38651407,-0.7345518,-1.2669882,-1.4400942,-1.1765941,-1.2790115,-1.2859191,-1.4768925,-1.7136711,-1.8537533,-1.823302,-1.660003,-1.7758856,-2.0074308,-2.3264327,-2.5310738,-2.0876987,-1.2335854,-0.8393042,-0.7991637,-0.73951375,-0.48703957,-0.4457401,-0.7074155,-0.9667882,-0.90303576,-0.4792786,-0.39997655,-0.8726125,-1.358108,-1.5457934,-1.6745899,-1.8345466,-2.0542693,-2.1964128,-2.277331,-2.3546731,-2.4301658,-2.5772636,-2.607091,-2.4917269,-2.366543,-2.8832943,-3.4478188,-3.4510574,-2.714446,-1.4894992,-0.82614756,-0.43649402,-0.5468009,-1.0650765,-1.6466463,-1.7507381,-2.233132,-2.7779415,-2.7362895,-2.6765156,-2.7426882,-2.5891914,-2.2037807,-1.9346665,-1.9764478,-2.173802,-2.3194914,-2.4285324,-2.5053253,-2.3771076,-1.5307722,-1.1254668,-1.3207145,-1.4541191,-1.5591261,-1.3349046,-1.2644801,-1.3784657,-1.8596697,-2.3473086,-2.7054293,-2.939619,-2.9790485,-2.9611373,-2.9424186,-2.9126244,-2.9361534,-3.0151815,-3.013971,-3.0150614,-3.0257602,-3.0589993,-3.0588782,-3.0559359,-3.1326468,-3.2256408,-3.184348,-2.9335341,-2.3597236,-1.985777,-1.514498,-1.2371722,-1.2419677,-1.2712384,-1.3698268,-1.5143546,-1.7081606,-2.0184462,-2.1922567,-2.2715988,-2.4631422,-2.6091297,-2.9548774,-3.1204278,-3.1833692,-3.2640266,-3.2855718,-3.3131125,-3.4420805,-3.5739284,-3.531777,-3.552379,-3.2680247,-3.2675736,-3.267589,-3.2675076,-3.2675023
-3.8202462,-3.721693,-3.584661,-3.5925896,-3.505401,-3.416758,-3.5295396,-4.1552014,-4.717786,-4.7009535,-4.5117283,-4.1973996,-4.1370487,-3.726822,-3.514368,-3.4294124,-3.2440147,-3.203839,-3.1991777,-3.0218632,-3.0469759,-2.8766623,-2.7202656,-2.59758,-2.5609915,-2.6042426,-2.5757372,-2.5638604,-2.6004026,-2.5867813,-2.5859087,-2.5631483,-2.425765,-2.139152,-2.1624136,-2.4733632,-2.774655,-2.888774,-2.8524706,-2.804324,-2.7410152,-2.7330427,-2.655773,-2.5355644,-2.3516695,-2.2929742,-2.2645173,-2.1926773,-1.9531167,-1.84954,-1.8361,-1.7411492,-1.6302603,-1.6046422,-1.4618561,-1.6899073,-1.8888465,-1.9209589,-1.7132702,-1.6713744,-1.5124713,-1.4088571,-1.7153741,-1.9852505,-2.043087,-2.6902993,-3.4819617,-4.081609,-3.7188287,-3.0554287,-2.4507773,-2.182631,-2.1580193,-2.172873,-2.1785908,-2.177475,-2.1457095,-2.097818,-2.0344875,-1.9048126,-1.7866449,-1.7188214,-1.6965693,-1.6876338,-1.6562071,-1.7304747,-1.8362837,-1.8507695,-1.9292896,-1.8766172,-1.7801989,-1.67981,-1.7751254,-1.8836105,-1.9578315,-2.0274556,-2.1571348,-2.2854233,-2.4756477,-2.657868,-2.6427464,-2.3441038,-1.9903345,-2.2016625,-2.9022224,-3.2967641,-3.1166995,-2.9937303,-2.8211336,-2.442686,-2.0853696,-1.5437653,-1.3398001,-1.7496791,-1.8724911,-2.171567,-2.3931408,-2.321713,-2.4041781,-2.656279,-2.9279375,-3.2968402,-3.4917588,-3.5145893,-3.5188847,-3.402155,-3.3964567,-3.4018426,-3.3599174,-3.1524148,-3.0396566,-3.0854316,-3.040163,-3.0169406,-3.1294823,-3.3718166,-4.039528,-4.3788915,-4.193208,-4.4500256,-4.644979,-4.699645,-4.684573,-4.587882,-4.533755,-4.4573383,-4.2287664,-4.0886307,-3.9246628,-3.7520792,-3.8584294,-3.9769483,-3.9126344,-3.7837024,-3.5889175,-3.1507258,-2.610271,-2.112695,-1.4780481,-0.885764,-0.7198833,-1.2132237,-1.8187684,-1.9280407,-1.917248,-1.9448993,-2.0022287,-2.0082755,-1.9860542,-1.9373477,-1.9251406,-2.0652223,-2.1976004,-2.2479334,-2.092489,-2.0732224,-2.160557,-2.4744005,-3.1086311,-3.6888745,-3.515758,-3.0380075,-3.0037394,-3.163115,-3.4630666,-3.883547,-3.6429245,-3.0650463,-2.70023,-2.8260632,-2.9226155,-2.927026,-2.8377054,-2.9664829,-2.9521146,-2.990049,-3.2595506,-3.6101358,-3.7539482,-3.8762548,-4.1023107,-4.033553,-3.9244487,-3.965039,-3.9560323,-3.8854818,-3.5524073,-2.9477916,-2.2104423,-1.9644778,-1.916139,-1.7575092,-1.9044037,-2.160598,-2.2788956,-2.3850844,-2.5398502,-2.6563785,-2.7568166,-2.8446066,-2.9635956,-3.0730934,-3.1624641,-3.2280192,-3.2604105,-3.205323,-3.164459,-3.4487665,-3.8071375,-3.7482185,-3.4469025,-3.4184108,-3.3600192,-3.2618074,-3.1470804,-3.1283703,-3.232557,-3.3595214,-3.5287561,-3.6067357,-3.615964,-3.8347437,-4.0409846,-4.3426228,-4.410049,-4.459166,-4.4560747,-4.6261387,-4.7691555,-4.7571096,-4.7523303,-4.771204,-4.747186,-5.399912,-5.400181,-5.4002047,-5.4001894,-5.400206
-1.4622006,-1.4878682,-1.5914764,-1.6666834,-1.8349276,-2.0764527,-2.3565216,-2.415808,-2.1757033,-1.7667296,-1.4913622,-1.6353933,-1.6585451,-1.872876,-1.9265895,-1.9576106,-2.0541043,-2.0015986,-1.9580755,-1.8892219,-2.0133188,-2.2309997,-2.2757087,-2.2424388,-2.1934257,-2.1418579,-2.157445,-2.1432066,-2.123414,-2.0777416,-2.0791068,-2.117962,-2.1545196,-1.9835255,-1.9264681,-1.884037,-1.9248211,-2.3083858,-2.6835763,-2.7994647,-2.7569542,-2.6878269,-2.6884003,-2.5359917,-2.3900213,-2.2360334,-1.8330858,-1.770636,-2.2942848,-2.415514,-2.1702065,-1.9212782,-1.7864157,-1.6782098,-1.6582885,-1.7770747,-1.8429633,-1.9465408,-1.9852412,-2.040852,-2.1114154,-2.201683,-2.0116928,-1.9346688,-3.1593242,-3.56328,-3.529804,-3.2825463,-2.874131,-2.5357485,-2.7154977,-2.4138386,-2.006109,-1.7190447,-1.5452664,-1.4377266,-1.4538703,-1.3924367,-1.357641,-1.2802169,-1.1935899,-1.1162366,-0.96996915,-0.8528272,-0.98918915,-1.2344937,-1.3278126,-1.5404757,-1.6789856,-1.8333713,-1.9984932,-2.0091228,-2.3312926,-2.4529889,-2.4808123,-2.378498,-2.3311963,-2.30921,-2.541449,-2.7055845,-2.691622,-2.3269591,-1.9524004,-2.0534806,-2.3722112,-2.5882177,-2.8035197,-2.8913553,-2.9188063,-3.0948024,-3.0808382,-2.6815977,-2.4501514,-2.9561424,-3.3379707,-3.9804764,-4.171693,-4.2639456,-4.303257,-4.3522816,-4.296107,-3.7597146,-3.3525538,-3.23236,-3.2604392,-3.3892727,-3.8041725,-3.7156978,-3.269565,-2.4991088,-1.9279097,-1.0657867,-0.29583657,-0.02852033,0.008600876,-0.29453403,-1.1091628,-2.229231,-2.7089725,-2.4799442,-2.2613437,-2.1863842,-2.1814728,-2.2508287,-2.2455392,-2.4326205,-2.8369737,-3.2516232,-3.7743216,-4.161621,-4.096579,-3.8680093,-3.6080198,-3.4036746,-3.289052,-2.920245,-2.680364,-2.7405233,-2.8900118,-2.8197322,-2.435649,-2.331351,-2.486681,-2.6012862,-2.515104,-2.4749985,-2.617883,-2.7415144,-2.7642417,-2.6260617,-2.3413248,-2.1650546,-2.0980299,-2.0899155,-2.062686,-2.1968362,-2.8156643,-3.500391,-4.010349,-3.9524884,-2.9988341,-2.5147908,-2.3031013,-2.0802631,-2.0205433,-1.93333,-2.4482932,-3.0121577,-2.8948603,-2.3479357,-1.9539748,-1.8617288,-1.6158408,-1.3118733,-0.89677274,-0.41304782,-0.2543527,-0.55009353,-0.99551487,-1.277443,-1.5294093,-1.4644685,-1.2054238,-1.3936552,-1.5767341,-1.7710359,-1.8920624,-1.9145739,-1.7967402,-2.0520878,-2.6282518,-2.9231672,-2.808869,-2.6760988,-2.6361032,-2.646441,-2.6767268,-2.7658627,-2.7625566,-2.7325609,-2.7191427,-2.7391248,-2.781723,-2.803214,-2.7560267,-2.8351247,-2.833513,-2.6871877,-2.117121,-0.9720056,-0.15588649,0.67477405,1.2706568,1.531094,1.5903348,1.5143647,1.4047592,1.2485771,1.0356157,0.85485953,0.64686537,0.57586575,0.5568424,0.30999723,0.11452664,0.1831796,0.98028886,2.0688362,1.7558645,1.6225317,0.6060946,-0.5489945,-0.694176,-0.959314,-0.9595865,-0.9596496,-0.95957875,-0.9596039
-0.004284993,-0.05439268,-0.14585736,-0.22172911,-0.34582022,-0.4910962,-0.7226063,-1.0439147,-1.401097,-1.3951256,-1.4192755,-1.5992743,-1.7832818,-2.107814,-2.2660465,-2.189228,-2.137688,-1.9531579,-1.816561,-1.7603126,-1.467294,-1.3816991,-1.4315593,-1.6183879,-1.691122,-1.6218915,-1.6127558,-1.6032699,-1.526442,-1.5243266,-1.5995378,-1.7387989,-1.8981035,-2.0614824,-1.5116931,-0.8064293,-0.002233237,0.5281283,0.59793544,0.5656816,0.58477616,0.5629388,0.38796136,0.10092731,-0.16419512,-0.3858223,-0.77149075,-1.2683487,-2.0673296,-2.178629,-2.0604582,-2.070342,-2.1003056,-2.1210544,-2.250183,-2.1569421,-1.9729321,-1.6354635,-1.3453219,-1.1163585,-0.9468051,-0.9913864,-1.1978163,-0.8519407,-0.26148772,1.2465739,6.0881634,9.871798,11.555576,12.023233,11.516024,9.965612,8.452711,6.7154427,5.054594,3.8860874,3.1967187,2.777822,2.4931948,2.1667895,1.9605032,1.7549522,1.622227,1.3803598,1.1188501,0.7969187,0.41680712,0.07859367,-0.115643784,-0.03103146,0.061459422,0.34765643,0.43783885,0.34648907,0.1822747,-0.08974457,-0.38360903,-0.58209336,-0.5365641,-0.45627365,-0.42877924,-0.60772,-0.9047499,-0.46217978,-0.011696979,-0.071898416,0.07678817,0.22219768,0.20971489,0.16464266,0.2297778,-0.41028747,-1.3959492,-1.3986571,-1.4841385,-1.6461301,-1.5939114,-1.6491911,-1.6501254,-1.5222294,-1.1132659,-0.28944176,0.32334566,1.632309,1.9981892,2.3096144,4.038728,5.589612,5.4215503,4.2126565,4.161593,4.112511,3.3467417,2.3222206,1.8022851,1.3911188,1.1158252,0.6689184,0.1431643,0.35020918,0.60508466,0.044230223,-0.5038709,-0.82882494,-1.375584,-1.3598828,-1.2649974,-1.3278384,-1.2642522,-0.8936747,0.2427287,1.2775595,1.4478171,1.5254139,1.504818,1.7627606,2.0449672,1.7669601,1.1502924,0.7103183,0.58099335,0.8507284,0.9043804,0.9373206,0.956477,0.9458263,0.944337,0.9383421,0.9465463,0.8818176,0.78115046,0.6989377,0.3015663,-0.261213,-0.7246727,-0.9018508,-0.8166809,-0.7855309,-0.26538682,0.59722275,0.58208525,0.25777373,0.85264724,1.3706838,1.3846556,1.2346225,1.0820597,0.6768751,0.24097514,0.21844958,0.33623904,0.67753434,1.5924407,3.0185592,3.3885384,2.458668,1.7528533,1.5414392,1.5450304,1.4673164,1.3858852,2.0381758,2.090314,1.9230645,1.7248645,1.3866539,1.2595534,0.920245,0.43788856,-0.094210275,-0.48140055,-1.1301479,-1.5986362,-1.906518,-2.0820355,-2.2444406,-2.3185966,-2.4096346,-2.59169,-2.6330376,-2.6014228,-2.6006927,-2.6011267,-2.5621512,-2.575781,-2.6766143,-2.7835572,-2.5759456,-2.4370077,-2.4816885,-2.2095094,-1.1935041,-0.7727424,-0.67335594,-0.6739104,-0.5996585,-0.5698985,-0.6140829,-0.60073805,-0.5367288,-0.5008028,-0.40295136,-0.5001649,-0.67925245,-0.83007336,-0.87103057,-0.8400331,-0.5085483,-0.2755121,-0.308094,-0.3161273,-0.4298749,-0.48832542,-0.3044232,-0.3038702,-0.30385157,-0.30380788,-0.30376178
1.1172023,1.1621685,1.3371129,1.271864,1.4662906,1.6487792,1.686092,1.1009388,0.34616157,0.1565033,0.25073344,0.48849994,0.2403284,0.2804713,0.46833912,0.58984345,0.70429516,0.5561559,0.64253,0.7499288,0.72253793,0.84019256,0.96136546,1.1249082,1.2286127,1.1619929,1.0636766,1.0208455,0.9557195,0.93741786,0.85426784,0.9580387,1.323055,1.6905599,1.4286792,0.7717217,-0.004137337,-0.4016664,-0.34244552,-0.2373876,-0.18381631,-0.11510578,0.078326866,0.30526066,0.48114705,0.5957792,0.29009384,0.4129256,1.2000439,1.5218138,1.2512,1.1347231,0.9789088,0.74137545,0.66890824,0.36829543,0.16419294,-0.021905899,-0.12028226,-0.11375031,-0.020344645,0.2909237,0.5337096,0.077687316,0.5678596,0.58387995,-0.48805025,-1.6514429,-1.2476656,-0.4155773,0.5340994,0.6133693,0.2894763,0.34659898,0.42775768,0.50756097,0.5640674,0.55378354,0.55449194,0.45174056,0.21950608,-0.10622435,-0.3070885,-0.25845113,-0.061104104,-0.079735726,-0.020416677,0.4382105,0.59740055,0.58011395,0.5705706,0.5534305,0.72706234,0.7960743,0.89149785,0.98000383,0.94683,0.8155024,0.6970873,0.5360718,0.23688811,-0.18705907,-0.50757957,-1.3742942,-2.1757364,-2.6308713,-2.362148,-2.215547,-2.0814676,-1.9547242,-2.076218,-2.285723,-2.1142125,-1.1988636,-0.36380535,0.28426516,0.8391211,1.3212101,1.6783483,1.752458,1.3151126,-0.24720585,-1.6517906,-1.890537,-1.6962795,-1.6330429,-2.0437596,-2.396194,-2.5248787,-2.1074638,-1.8963716,-2.181652,-2.2322903,-2.0263736,-2.0477884,-2.135147,-2.433893,-2.8013241,-2.786366,-2.7929065,-3.155251,-3.3443265,-3.0822587,-2.6799235,-2.2326415,-2.0748315,-1.9705029,-1.8805766,-1.5495309,-1.2244809,-1.596735,-2.291119,-2.4965835,-2.4061112,-2.3770263,-2.3099334,-2.0834107,-1.681044,-1.1539353,-0.49655113,-0.10428165,0.17886885,0.7321838,1.0281879,1.0731099,1.0058018,0.8018905,0.4219551,0.047790855,-0.23865527,-0.59134454,-0.8686163,-0.9185085,-0.9666369,-0.68621904,-0.52978206,-0.45252812,-0.565969,-1.0566598,-1.9850148,-2.6659327,-2.6141996,-2.4794307,-2.2320523,-1.9887567,-2.2435775,-1.8656843,-0.68366754,0.2518919,-0.06563686,-0.60241127,-0.99269927,-1.281807,-1.6063038,-1.8984988,-2.034662,-2.1320462,-1.9988452,-1.9957507,-1.9816962,-2.3282955,-2.5473192,-2.5512934,-2.433145,-2.2728286,-2.2386081,-2.3667753,-2.3867035,-2.182816,-1.6362545,-1.2494485,-0.87585086,-0.72808146,-0.6336785,-0.5225113,-0.3691271,-0.21793556,-0.1336456,-0.09127799,-0.1752046,-0.40736258,-0.57940125,-0.71403116,-0.8158108,-0.8547205,-0.7582194,-0.46799803,-0.7140312,-1.2275016,-1.424531,-1.7149751,-2.3655457,-2.402666,-2.052303,-1.7416048,-1.693711,-1.7230709,-1.8383441,-1.9191992,-2.0386212,-2.0901942,-2.1636314,-2.1181424,-1.9227026,-1.7213945,-1.7062511,-1.9065979,-2.1658807,-2.1747468,-2.0352864,-2.0129318,-2.0571232,-2.048938,-1.8815148,-1.8822662,-1.8823355,-1.8823165,-1.8823639
-1.5769161,-1.6368351,-1.7948136,-1.7408649,-1.8251781,-1.9119205,-2.051273,-2.1410475,-1.9233289,-1.7330393,-1.6315229,-1.9601121,-1.8717837,-2.0743718,-2.0659385,-2.0920906,-2.1470933,-2.011946,-1.9464718,-1.9941335,-2.2532954,-2.4066753,-2.4036844,-2.2692251,-2.2065763,-2.1667073,-2.14188,-2.0716581,-1.974885,-1.9445851,-1.9944843,-2.0520024,-2.34645,-2.860034,-2.7795134,-2.257092,-1.6661792,-0.94610095,-0.46413243,-0.28605253,-0.29448372,-0.33722746,-0.5701311,-0.77516425,-1.0212948,-1.5516806,-1.6789844,-1.9502168,-2.7343764,-3.0005093,-2.9137545,-2.838976,-2.7463179,-2.5717282,-2.4990597,-2.4135084,-2.4148788,-2.5590398,-2.5228357,-2.5533512,-2.368184,-2.3221803,-2.1454856,-1.9874562,-2.5233335,-2.734643,-2.0605304,-1.1806917,-0.9524094,-1.3914692,-1.9083902,-1.535599,-1.2591519,-1.6367896,-2.0350585,-2.1686003,-2.2413027,-2.229685,-2.2286897,-2.1666477,-2.0235333,-1.7802749,-1.5370787,-1.4272581,-1.513957,-1.5070889,-1.5727222,-2.0587373,-2.3552194,-2.527883,-2.6106653,-2.4833384,-2.6827154,-2.7904387,-2.7959123,-2.7640717,-2.680918,-2.5828054,-2.3767,-1.9568005,-1.506134,-0.4750517,0.5482386,1.2088898,0.9184344,0.51298976,0.043025076,-0.115922965,-0.22714509,-0.6720947,-0.788906,-0.53021234,-0.69819003,-2.0018272,-2.5595326,-2.9126256,-2.6444278,-2.402731,-2.3252661,-2.383923,-2.2769947,-1.7066145,-1.6824427,-2.2661848,-2.5523455,-2.7181826,-3.1529737,-3.1579432,-2.3225918,-0.18755679,2.1008682,4.969626,6.156704,6.563611,6.7496853,6.755915,6.1604643,4.5245733,3.28648,3.4335005,3.2601135,2.47885,1.921629,1.5456803,1.6003625,2.06679,1.8277085,1.1615527,-0.1245841,-1.2252696,-1.4682384,-1.5299983,-1.4329302,-1.1945112,-1.063125,-0.6074848,-0.49547854,-0.5905807,-0.96928895,-1.072876,-0.83463883,-1.1738609,-2.1025379,-2.8389497,-3.061029,-3.1129916,-3.1472406,-3.0333948,-2.6710596,-2.25093,-1.7276406,-1.3933625,-1.2863059,-1.2641866,-1.4805858,-1.7650084,-2.2628396,-2.5962934,-2.7486088,-2.5243638,-1.7475297,-1.3187265,-0.8856976,-0.5489958,-0.4254804,-0.41282138,-0.9156399,-1.5394214,-1.8901105,-1.767205,-1.7095234,-2.0326285,-2.329391,-2.3904293,-1.9479138,-1.2057056,-0.81194216,-0.64167106,-0.6917668,-0.7603621,-0.72384727,-0.9586033,-1.3007057,-1.0318931,-0.69108635,-0.9234832,-1.2155612,-1.1453608,-0.88715315,-0.8438841,-1.1808671,-1.4367433,-1.3335607,-1.1670487,-0.99586594,-0.8792732,-0.8237766,-0.8212811,-0.7153707,-0.58139586,-0.4061479,-0.2989081,-0.2325706,-0.16288301,0.013941328,0.008756537,0.13799074,1.3179171,3.5348577,7.216703,9.579718,11.247767,11.895235,12.065048,12.08003,12.1348505,12.112331,12.073773,12.006645,11.958193,12.022633,11.838303,11.491243,10.749458,10.115177,9.436886,8.11833,4.126105,1.8262426,2.0370548,0.77884346,1.389828,1.4959434,0.8814527,0.88087755,0.88078696,0.8808199,0.8807705
-0.7334986,-0.76350045,-0.8599591,-0.9097647,-0.9384091,-1.0271022,-1.1308126,-1.4282217,-1.4590135,-1.7415423,-1.7793729,-1.299407,-1.0543604,-1.3652036,-1.5030364,-1.5459049,-1.6720226,-1.6594877,-1.5272593,-1.4164349,-1.2595285,-1.2288742,-1.2389948,-1.3410151,-1.467747,-1.4797761,-1.428776,-1.3879584,-1.2779598,-1.2452267,-1.3382329,-1.3795563,-1.1798608,-0.8344186,-0.7017069,-0.75562555,-1.0609574,-1.5929192,-1.7293735,-1.5796087,-1.2724222,-1.0477386,-0.72987604,-0.228964,-0.012999967,0.07324521,-0.18216148,-0.91236126,-1.3190236,-1.5915003,-1.9216466,-1.9533305,-1.9535675,-2.0678701,-1.9135487,-2.0988762,-2.0781226,-1.8490009,-1.733588,-1.669142,-1.5056055,-0.9570974,0.35717532,1.628158,3.0158415,2.7495327,1.7630526,0.6147453,-0.88233197,-1.0301325,0.30218667,1.1350791,0.929065,1.2271965,1.6583133,1.8284038,1.9202151,1.9940567,1.9973273,1.9830883,1.9033082,1.7211144,1.6234155,1.6135395,1.6139524,1.5422434,1.4327474,1.4087546,1.5002906,1.5525246,1.5855014,1.4835386,1.4853513,1.4486673,1.4888396,1.4539596,1.366261,1.334024,1.1541655,0.5272599,-0.06557624,-0.69001,-0.8610852,-0.1591087,0.26342666,0.094313085,-0.0076795816,-0.036851972,-0.16192596,-0.42012691,-0.84220433,-1.6123407,-1.980259,-1.1906707,-0.13926534,1.4270864,3.1386528,4.347917,5.069201,5.2120256,4.944356,4.089537,2.7310581,1.62887,1.5386808,1.5568396,1.2520565,0.7199417,0.48828232,0.49272132,0.2194762,-0.27042946,-0.4712233,-0.46248066,-0.46692067,-0.30175865,0.26735878,0.7649761,0.41867912,0.27424306,-0.21422008,-0.3153674,-0.39525,-0.38814157,-0.62410986,-0.74683636,-0.53221864,-0.3144491,-0.13809407,0.16598362,-0.022740416,-0.5261388,-1.238333,-1.8471286,-2.000168,-2.2767427,-2.1877105,-1.691239,-0.6021098,0.024654299,-0.14085144,-0.21123898,0.31676105,0.86057913,1.0870419,1.2139777,1.2900219,1.2570692,1.0228175,0.65781677,0.12850305,-0.64285487,-1.1002767,-0.8177472,-0.262086,0.28841132,0.2867375,0.2963698,0.31391907,-0.10859653,-0.6053545,-0.7640317,-0.94297165,-0.83767253,-0.21356067,-0.15203127,-0.8535964,-0.77113134,-0.82301354,-0.79757035,-0.80814266,-0.77472943,-0.5610391,-0.35335675,-0.6693798,-0.87146765,-1.0440829,-0.8148959,-0.7222731,-0.63872546,-0.14480962,0.8113094,1.2781671,1.8410913,2.5547137,3.20799,2.9997883,2.1064534,1.452943,1.5112977,1.6943346,1.5968019,1.3143811,1.2739813,1.3899463,1.4293995,1.3140271,1.1700253,1.036377,0.96097326,0.9583905,0.8763652,0.8509634,0.8246395,0.8265161,1.0357673,1.2346091,1.332401,1.0293108,0.9508927,1.6482016,1.2326367,0.4924032,-0.066273645,-0.22210968,-0.22086695,-0.07124142,0.038708568,0.13955222,0.181619,0.1775851,0.06564574,-0.093111366,-0.57039857,-0.89101785,-1.2035427,-1.3656839,-1.0541946,-0.88758606,-0.88775766,-0.9297101,-0.85573316,-0.7924956,-3.1852536,-3.1864529,-3.1865559,-3.1865582,-3.1866171
-1.3501157,-1.3737954,-1.3072755,-1.3795891,-1.2944907,-1.047651,-0.88163835,-0.9166887,-0.6981006,-0.37245852,-0.08874593,0.15501091,0.09890361,0.41408637,0.6732684,0.8415868,0.89805615,1.0045311,1.0102655,0.9916985,1.1823404,1.501045,1.7747576,1.9235544,1.9149092,1.7592945,1.5984886,1.5374851,1.5644435,1.580662,1.6288877,1.7207991,1.9180242,1.9088967,1.5414882,0.90205824,0.6340266,0.8905031,1.7215732,2.3317208,2.673504,2.830684,2.8774676,2.577665,1.9748538,1.0481479,0.27164298,0.27883652,1.1053758,1.1824887,0.9173789,0.79107714,0.8315951,0.98137605,1.2617061,2.022067,2.3711648,3.1013188,3.3870263,3.4820404,3.600027,3.4398966,2.6221046,1.6700604,2.2142718,2.3230264,1.4994693,1.8764653,3.1087134,3.1937275,2.7253423,1.4788879,0.77473146,0.7150385,0.9624546,1.2254685,1.4060018,1.5200781,1.5657831,1.5581336,1.3739144,1.0779527,1.0047785,1.01493,1.2477945,1.322469,1.2931138,1.478121,1.8522794,1.9563153,2.0786495,1.9899317,2.2931423,2.4010065,2.582953,2.777398,2.7843654,2.8307853,2.7064939,2.2009265,1.6750183,1.1249186,0.8363552,1.6411206,2.4274716,3.0876384,3.8287072,4.040695,4.053253,3.926189,3.6160188,2.9319506,3.1773484,4.3397813,4.5120792,3.9056315,3.1005335,2.9317465,3.0618744,3.2089076,3.1792536,2.689519,2.8689184,3.6982331,3.9404016,4.169285,4.142559,3.568462,2.5098696,1.7837644,2.216558,3.4553685,3.978488,4.2134933,4.1511354,3.923716,3.2283494,2.4979157,1.9595239,1.7166471,1.1196725,0.5579283,0.36192963,0.36450955,0.6395335,1.3354552,1.4754555,1.554636,1.8467388,2.0516956,1.9180672,1.9006953,2.221027,2.4877186,2.6776729,3.2231765,3.684967,3.955737,4.106375,3.751096,3.0593662,2.8303876,3.10292,3.2824085,3.304648,3.2358625,3.0971344,2.9219348,2.7786493,2.7362325,2.8751392,3.4756818,4.121307,4.2411175,3.975062,2.9858148,2.7741168,3.136931,3.3766236,3.2397056,2.8999686,3.5098526,4.269135,4.4639564,4.058794,3.1349607,3.383955,3.6363063,3.3689787,3.1913335,3.3294497,3.9030106,4.478431,4.421066,3.4432936,2.1912234,1.565552,1.5062206,1.4613405,1.4070389,1.7820748,2.418655,2.2314236,2.1653488,2.1067255,1.7914255,1.6827843,1.4010609,1.1803427,1.4794309,1.9264352,2.180112,2.0990036,1.8318938,1.6571715,1.3927498,1.0833592,0.8290014,0.6754535,0.560943,0.3966604,0.2684328,0.24025518,0.24945182,0.31180218,0.73880225,1.0719497,1.3027301,1.0880704,0.9709253,1.7324574,2.8784554,3.4290628,3.7634306,3.9428911,4.0397053,4.013054,3.8609443,3.659969,3.5225718,3.5367517,3.2589493,2.9527698,2.2682772,1.7281568,1.1674644,0.5813193,-0.04489047,-0.39655936,-0.40529,-0.7872639,-0.9274075,-0.91526896,-1.9235307,-1.9233999,-1.9233668,-1.9233956,-1.9233737
-4.5354652,-4.4809504,-4.435341,-4.447445,-4.3787975,-4.3655887,-4.39184,-4.0456567,-3.888795,-3.5085864,-3.171702,-2.7517076,-2.5555449,-2.5057087,-2.539322,-2.5674636,-2.5987415,-2.515746,-2.3864198,-2.167304,-2.2030606,-2.3416717,-2.487754,-2.5338705,-2.5115502,-2.4572217,-2.4457588,-2.440112,-2.4889731,-2.5087235,-2.6192274,-2.7689118,-2.977807,-3.1705189,-3.4397035,-3.5172303,-3.5801907,-3.8765135,-4.2947626,-4.5151224,-4.5906763,-4.6378627,-4.5792623,-4.2502933,-3.7162209,-3.0570664,-2.3477504,-2.2042804,-2.7020414,-2.6694064,-2.2644944,-1.9663589,-1.7923367,-1.728564,-1.8368733,-2.436432,-2.8206778,-3.270427,-3.375009,-3.4379969,-3.5673232,-3.7633393,-4.008555,-4.4432154,-5.427304,-5.6849666,-5.2821484,-5.458992,-5.1490974,-4.595219,-4.4478226,-4.1451054,-3.886354,-3.95961,-4.149845,-4.243714,-4.2969494,-4.2930317,-4.2752843,-4.195125,-4.0486975,-3.8819792,-3.796916,-3.7856426,-3.8911963,-4.119952,-4.181812,-4.1533756,-4.311392,-4.353479,-4.440503,-4.386076,-4.5917606,-4.671487,-4.7324176,-4.735792,-4.8012686,-4.8993287,-5.040054,-5.0058675,-4.754652,-4.268116,-3.9280214,-4.2201715,-4.7147083,-4.7863097,-4.5307045,-4.3872776,-4.194688,-4.01448,-3.5281014,-2.946948,-3.20406,-4.512585,-5.3216276,-5.893472,-6.0454364,-6.006167,-6.0825977,-6.212839,-6.2406015,-5.974904,-5.9287424,-5.8479943,-5.7840524,-5.793358,-5.7553883,-5.2479286,-4.7588043,-4.354813,-4.3012414,-4.572587,-4.4571257,-4.436261,-4.5273643,-4.8353133,-5.498906,-6.051199,-5.980395,-6.0515165,-5.9056797,-5.8714194,-5.9211984,-5.9926653,-5.988144,-5.8877525,-5.676655,-5.709039,-5.9389353,-6.167569,-6.0895424,-5.932382,-5.826241,-5.692797,-5.595897,-5.2399583,-4.813529,-4.6250596,-4.5578203,-4.130659,-3.3509228,-3.2961135,-3.8342173,-4.1013694,-4.1774507,-4.2329493,-4.3018517,-4.3220778,-4.239612,-4.0823593,-3.9137185,-4.016959,-4.2272577,-4.372095,-4.4692574,-4.766836,-5.178588,-5.602766,-5.9274282,-5.8347645,-5.1509295,-4.7536445,-4.5877895,-4.5829773,-4.7922335,-5.0133395,-5.400725,-5.674262,-5.6780233,-5.455147,-5.3055034,-5.353483,-5.27085,-5.178056,-4.9929156,-4.850356,-5.0143375,-5.422023,-5.5671244,-5.6953144,-5.8192186,-5.391489,-5.119679,-5.2983446,-5.495063,-5.6232204,-5.405541,-4.9150333,-4.3558264,-4.2807255,-4.477921,-4.4341106,-4.3799706,-4.400783,-4.394614,-4.3746934,-4.3326836,-4.334969,-4.3239846,-4.27231,-4.2343845,-4.2329245,-4.2828083,-4.292758,-4.2957535,-4.451717,-4.6506143,-4.7962384,-4.630753,-4.238635,-4.2565336,-4.192902,-3.9328241,-3.783024,-3.7395706,-3.7486682,-3.8775365,-4.0351963,-4.2848387,-4.4129343,-4.444633,-4.662844,-4.865467,-5.1293497,-5.144417,-5.0819826,-5.0566,-5.4715977,-5.5614605,-5.563195,-5.563312,-5.4513254,-5.4364934,-4.138621,-4.138296,-4.1383204,-4.1382437,-4.1382627
