0,1,2,3,4,5,6,7,8,9,10,11,12,13,14,15,16,17,18,19,20,21,22,23,24,25,26,27,28,29,30,31,32,33,34,35,36,37,38,39,40,41,42,43,44,45,46,47,48,49,50,51,52,53,54,55,56,57,58,59,60,61,62,63,64,65,66,67,68,69,70,71,72,73,74,75,76,77,78,79,80,81,82,83,84,85,86,87,88,89,90,91,92,93,94,95,96,97,98,99,100,101,102,103,104,105,106,107,108,109,110,111,112,113,114,115,116,117,118,119,120,121,122,123,124,125,126,127,128,129,130,131,132,133,134,135,136,137,138,139,140,141,142,143,144,145,146,147,148,149,150,151,152,153,154,155,156,157,158,159,160,161,162,163,164,165,166,167,168,169,170,171,172,173,174,175,176,177,178,179,180,181,182,183,184,185,186,187,188,189,190,191,192,193,194,195,196,197,198,199,200,201,202,203,204,205,206,207,208,209,210,211,212,213,214,215,216,217,218,219,220,221,222,223,224,225,226,227,228,229,230,231,232,233,234,235,236,237,238,239,240,241,242,243,244,245,246,247,248,249,250,251,252,253,254,255,256,257,258,259,260,261,262,263,264,265,266,267,268
12.351408,11.557999,10.859566,11.279263,11.278506,11.09983,11.321412,11.364496,9.211128,6.762458,4.59698,3.686066,3.032452,2.931852,2.5802815,1.9115078,1.7336211,1.8155031,2.4489815,4.274377,5.297991,5.8691196,5.4588256,4.773376,4.4340997,5.2234507,5.380645,4.7382574,3.165864,2.0009727,1.0763566,0.3625186,-0.24300271,-0.40690297,-0.30436194,-0.35161877,-0.72723615,-1.0217383,-1.1401575,-1.0839912,-1.0584846,-1.0158073,-1.0028385,-1.0125895,-0.95212644,-0.7944889,-0.6522554,-0.37419787,0.09329492,1.0424287,2.0552087,2.493227,2.174408,1.5709612,1.0828147,0.11153841,-0.3682446,-0.43457747,-0.7404236,-0.8201145,-0.8082015,-0.821012,-0.56933033,0.26517287,1.1898106,1.5344148,1.698019,1.373905,0.72265375,0.62123895,0.84986615,1.1257954,1.1757472,1.0719455,0.93714833,0.9560308,1.0602874,1.0920408,1.5002131,1.6522102,1.946804,1.5257924,0.45646185,-0.7316903,-1.6220849,-2.0354025,-1.9559926,-1.4944429,-1.3905042,-1.3252282,-1.3021281,-1.3056276,-1.3450234,-1.3057376,-0.83072484,-0.028229058,0.9858208,0.7522955,-0.7813701,-1.6510829,-1.268107,-1.0224338,-0.92950237,-0.9238225,-1.0261462,-1.1741602,-1.0453498,-0.70348406,-0.13297613,0.9520463,1.3723129,1.0966153,1.0716689,0.9781598,0.88199824,1.0950601,1.4570509,3.31433,5.314393,6.3598905,5.138017,3.5592597,2.6637726,2.2348795,2.0509863,1.8995581,1.7679741,1.5103662,1.0486176,0.11859965,-0.25950316,0.6581788,1.9857155,1.7092683,0.96445304,0.5123079,0.32209492,0.17814678,-0.13756186,-0.59424347,-0.9074862,-1.2314737,-1.3964555,-1.0766386,-0.21344042,0.7430392,1.6110592,1.9432751,2.0813503,2.0321174,1.9691076,1.8683944,1.9109975,1.8452904,1.4252173,0.5495163,0.08961314,0.05980444,0.0012823939,-0.43371943,-0.731622,-0.8319316,-0.65077716,-0.56059134,-0.5344001,-0.146945,0.13621077,0.8071776,2.6931193,4.139706,4.789419,5.0706387,5.48468,5.7881184,4.862482,4.1292233,3.2751637,1.9189298,1.4495957,1.3760375,1.0014676,0.28652978,0.055155367,-0.45909813,-0.593804,-0.5516914,-0.5014419,-0.69168174,-0.7208775,-0.5960754,-0.34798038,0.16342229,0.93899727,1.6668298,2.0261261,2.2852597,2.5223646,2.9753084,3.701456,4.3912835,4.1176896,3.0940454,2.5384874,2.3146873,2.180364,2.0199134,1.6910669,1.5183754,0.70483065,-0.105343446,-0.4442587,-0.448932,-0.14957517,0.18845366,0.3592298,0.6299644,1.2595161,1.7859982,1.618592,1.4630542,1.3249102,1.2345588,1.3032334,1.2888134,1.572437,1.5077225,1.2928021,1.2592307,1.425108,1.5597197,1.8304174,2.060237,2.523498,2.766293,3.2080526,3.352683,3.8435683,3.717139,3.820402,4.189413,5.1017494,7.0435696,8.658963,9.904592,10.506256,10.498913,10.469802,10.413925,10.39009,10.423237,10.446078,10.583037,10.594214,10.605935,10.765605,10.746482,10.853841,11.02941,10.82876,10.794651,10.831642,10.922005,10.982097,10.914296,9.792438,9.778639,9.778772,9.779221,9.779332
-2.4286385,-2.5893686,-2.5928314,-2.5752945,-2.806192,-3.0437617,-3.1929946,-3.2261171,-3.3005226,-3.5784945,-3.987125,-4.1599684,-4.1614676,-3.949565,-3.5261335,-3.202818,-3.211908,-3.5202174,-3.9276142,-3.4140992,-2.831376,-2.3732233,-2.2537622,-2.2776341,-2.1822553,-1.958868,-1.5756235,-1.3021736,-0.7809016,-0.798547,-0.91180086,-0.9443289,-0.9299123,-0.97988904,-1.1537602,-1.4036572,-1.753711,-2.1367967,-2.299851,-2.2492309,-2.093165,-1.9220638,-1.7171333,-1.5050788,-1.3313935,-1.1743023,-1.1151934,-1.2029543,-1.2674453,-0.7064686,-0.49553126,-0.64917636,-0.9733206,-1.1555597,-1.2065806,-1.3131866,-0.93074083,-0.35347754,-0.108389795,-0.12791649,-0.47698757,-0.7360005,-0.9462827,-1.0123187,-1.5239072,-2.3041258,-2.7700233,-3.0159159,-3.2441719,-3.1515412,-2.8820267,-2.706037,-2.644721,-2.6048326,-2.6023817,-2.642197,-2.6538625,-2.719522,-3.1841323,-3.7935188,-4.1714563,-3.4745564,-2.9639535,-2.7967076,-2.7143514,-2.969781,-2.982786,-2.7953644,-2.245726,-1.7395663,-1.6065134,-1.5564516,-1.515408,-1.5901201,-1.7112033,-1.9436697,-1.5949296,-1.3661566,-1.2456721,-1.3629974,-1.5546519,-1.5014834,-1.5803511,-1.6939237,-1.6988595,-1.6726315,-1.5670638,-1.7931337,-1.9298942,-2.483073,-2.738024,-2.7396355,-2.7587929,-2.7387037,-2.758103,-2.9151444,-3.0522404,-3.416135,-3.6287823,-3.886939,-3.7483366,-3.510048,-3.360909,-3.3037837,-3.1857855,-2.900417,-2.6168585,-2.4503605,-2.654724,-2.6993856,-2.331341,-2.2231991,-2.7056246,-2.71425,-2.5350657,-2.3517148,-2.039824,-1.5924261,-0.7287253,0.36628282,1.0670395,1.5396771,1.5095896,0.9533311,0.2598797,-0.5735911,-1.5063167,-1.9172443,-2.1083527,-2.1291165,-2.1737876,-2.17332,-2.1020274,-1.8447661,-1.608833,-1.1731285,-1.0657891,-1.3697344,-1.6390145,-2.1003714,-2.0284011,-1.8551507,-1.5728879,-1.2490172,-0.92716074,-0.6905895,-0.9373151,-1.3204018,-1.628976,-2.0268955,-2.1319094,-1.8452828,-1.287381,-1.2623684,-1.9109921,-2.4604373,-2.990771,-3.108877,-3.1229124,-3.0368457,-2.976949,-2.590993,-2.2830033,-1.6328118,-1.023004,-0.7169989,-0.8761458,-1.0720402,-1.2354075,-1.3744361,-1.591036,-1.8155504,-1.9902135,-2.1964521,-2.2969964,-2.3704538,-2.3361669,-2.196414,-2.0093405,-1.6838863,-1.3315818,-1.3468571,-1.4733356,-1.6445786,-1.9209856,-2.089869,-2.2217784,-2.4406052,-2.765529,-2.9187016,-2.8747082,-2.7156563,-2.6408992,-2.6795545,-2.7387385,-2.8498335,-3.0319493,-3.252,-3.078102,-2.792841,-2.5057466,-2.066698,-1.8045297,-1.6788095,-1.3477005,-1.169135,-1.1499205,-1.3324184,-1.6486844,-2.0572941,-2.217559,-2.2633855,-2.2590504,-2.220521,-2.2467437,-2.1133828,-2.0177252,-2.0839186,-2.190559,-2.172768,-2.050769,-1.6044006,-1.5050415,-1.3794137,-1.4953276,-1.5200117,-1.4202296,-1.326959,-1.393825,-1.4188818,-1.489899,-1.6425576,-1.5734835,-1.5278387,-1.4926366,-1.3771993,-1.1679248,-1.0162003,-0.9187947,-0.6927023,-0.033979297,0.013214648,-0.15055758,-0.2731526,0.29960233,0.29101044,0.29084212,0.29020375,0.29008523
-0.8181989,-1.3749994,-1.570198,-1.4345062,-1.5210369,-1.6526918,-1.6602807,-1.6455792,-2.0497727,-1.8915596,-1.900101,-1.9018033,-1.8728578,-1.8930477,-2.1512485,-2.3747013,-2.3497791,-2.1514902,-1.7682805,-1.0713133,-0.48932922,-0.12390718,-0.30490965,-0.49784982,-0.6228626,-0.6876104,-0.38711697,-0.5002255,-0.4759328,-0.7321812,-1.1404512,-1.3803885,-1.9841311,-2.5438125,-2.811747,-3.0548944,-3.2111452,-3.1514392,-3.0588574,-3.12929,-3.2506366,-3.3620625,-3.463449,-3.5365517,-3.569501,-3.6102176,-3.64743,-3.5836582,-3.0693161,-2.2428305,-1.7270896,-1.7062745,-1.5144223,-1.1388112,-0.7960777,-0.14442916,-0.2714614,-0.9442677,-1.1933498,-1.1362509,-1.0264817,-1.0792124,-0.98771,-1.1886165,-1.4075371,-1.0053186,-0.8152206,-0.80375004,-1.1851702,-1.1676558,-0.75743747,-0.22058943,0.11934586,0.2007469,0.23607925,0.19419247,0.18781987,0.01816015,-0.8201984,-1.6381135,-1.9954002,-2.3577023,-2.544858,-2.840926,-3.1252356,-3.3166447,-3.3955107,-3.3917813,-3.6353424,-3.6033623,-3.4785738,-3.4604254,-3.4355316,-3.317563,-3.0563393,-2.5731838,-1.875676,-1.5442436,-1.8205795,-2.5132668,-3.3901312,-3.772932,-3.9904294,-3.9863482,-3.8966885,-3.6260023,-3.066379,-2.1317499,-1.3606812,-0.30166548,0.59023464,0.5385233,0.28225288,0.12962967,-0.09130049,-0.37458894,-0.55453014,-1.2677412,-1.8246183,-2.2694817,-1.9621494,-1.9163086,-2.0027792,-1.897478,-2.0253162,-2.226491,-2.3696132,-2.4565659,-2.4287553,-2.4597745,-2.9704175,-3.4354174,-3.418704,-3.570959,-3.5237103,-3.4148886,-3.258678,-3.156426,-2.8939261,-2.2871993,-1.5560452,-0.23313123,2.5862443,5.8466187,7.670532,8.888395,10.411261,11.201014,11.590078,11.722706,11.784138,11.797171,11.731156,11.732875,11.741131,11.234796,8.779871,2.8147993,1.0172632,-0.40629464,-0.44298455,-0.7224263,-1.103669,-1.3741746,-1.3706005,-0.8045606,-0.57542825,-1.0016382,-0.916399,-0.1435953,-0.7610146,-1.0928618,-0.9628495,-0.66244954,-0.4463254,-0.81607604,-0.9666061,-0.8423265,-0.70380116,-0.6254263,-0.26991618,0.4413642,0.7439096,0.013328671,-0.7039513,-0.7293775,-0.8120092,-0.95010614,-0.97124994,-0.9403011,-0.7585439,-0.82448286,-0.91694486,-0.88202953,-0.8339875,-0.8007439,-0.83881086,-0.9877506,-1.1796858,-1.206826,-1.3309381,-1.4601701,-1.5203621,-1.5103717,-1.444129,-1.4046674,-1.0929905,-0.76596445,-0.8795431,-1.1361103,-1.3603177,-1.5107197,-1.5394616,-1.4224308,-1.2641964,-0.97304857,-0.525129,0.026661366,0.17480859,0.34893143,0.4536964,1.0812057,1.2700758,1.2162647,1.4654753,1.474948,1.3157003,1.3389435,1.2876401,1.3024163,1.3985639,1.8328435,1.9965501,1.8014776,1.4574256,1.2526842,0.88689286,1.164767,1.5589714,2.0650802,1.8287222,1.2689018,1.037754,0.8118679,0.3422329,0.11894084,0.038317986,0.009459246,-0.083583154,-0.16835365,-0.26496452,-0.27812478,-0.2434403,-0.2371139,-0.36910135,-0.40124267,-0.37755316,-0.42578223,-0.4864927,-0.41304168,-0.3877896,-0.31822255,-0.3532747,-0.17520605,0.2175521,0.25018543,0.25051627,0.25122398,0.25131872
-1.3720062,-1.5134721,-1.3284491,-1.112292,-1.053183,-1.2672766,-1.4579333,-1.5992508,-1.576258,-1.8919365,-1.9929023,-1.9933847,-2.0760062,-1.9754398,-1.6503406,-1.3303015,-0.51649535,0.5169436,0.9725802,0.99607575,0.658652,0.36238617,0.15159659,-0.03944674,-0.014563471,0.27767617,-0.0051297545,-0.108971626,-0.34790167,-0.79241776,-0.8510333,-0.8578418,-0.63615245,-0.317559,-0.26199585,-0.3316381,-0.50635064,-0.8225924,-1.1578047,-1.4616461,-1.6071622,-1.6650463,-1.6296141,-1.4843053,-1.2792416,-1.0411216,-0.8273411,-0.51931965,-0.23247568,-0.36994633,-0.5009676,-0.6745747,-0.9014084,-1.1199555,-1.2872012,-1.3657115,-0.45199746,0.039779484,-0.13106978,-0.41615906,-0.73977387,-0.82983524,-0.7228179,-0.7898266,-0.97857046,-1.1350583,-1.0517566,-0.78333443,-0.8368821,-1.3528701,-1.5693014,-1.558894,-1.5725611,-1.6030346,-1.6348631,-1.5724697,-1.5443887,-1.563812,-1.5890871,-1.4628385,-1.1691478,-1.0400366,-1.0586681,-1.036909,-1.0719731,-1.287776,-1.2634052,-0.79532874,-0.9009286,-0.9591986,-0.94646686,-0.940428,-0.9209738,-0.9814655,-0.86648214,-0.559935,-0.2518516,0.088275865,0.571139,0.9374425,0.6426302,0.2398395,-0.6309057,-1.2577126,-1.6207043,-1.8149036,-1.8483922,-1.6559002,-1.4244335,-1.5223665,-1.5286192,-1.7300744,-1.8761177,-1.9261966,-2.0394158,-2.221684,-2.2965038,-2.3661103,-1.9602009,-1.6852082,-1.5276735,-1.2060742,-1.1621722,-1.1609693,-1.3082017,-1.4984562,-1.4429024,-1.2662071,-1.3939636,-1.5898342,-1.375832,-0.7052665,-0.03195351,-0.0788988,-0.76629895,-1.2011883,-1.5736899,-1.6906836,-1.5706018,-1.2881765,-1.0989801,-1.113008,-1.478369,-1.8396001,-2.0306776,-2.141571,-2.1856527,-2.1032257,-2.0773327,-2.0580041,-2.04793,-2.0805802,-2.1260557,-2.037744,-1.837701,-1.4902208,-0.9000353,-0.3465805,-0.42108786,-0.69811,-0.78790736,-0.9756819,-1.1395948,-1.0280833,-0.6988513,-0.23088178,-0.3122195,-0.9368392,-1.4708655,-2.0641563,-2.6060321,-2.4414966,-2.0690122,-1.9692566,-2.1458068,-2.1723073,-1.8688895,-1.3938322,-1.3674781,-1.3383844,-1.3969514,-1.143135,-0.848069,-0.33875412,-0.50690085,-0.8505308,-1.0964833,-1.1001294,-1.0084114,-0.988246,-1.080571,-1.3892221,-1.5107284,-1.4470673,-1.2512075,-0.9885405,-0.81587684,-0.75447416,-0.7942059,-0.8266005,-0.7482774,-0.7816779,-0.91134894,-0.99990535,-0.9529822,-0.7341336,-0.18805683,0.3490436,0.31794214,-0.13124928,-0.6781444,-1.1368643,-1.2999598,-1.2820666,-1.2536598,-1.1972256,-1.2791395,-1.3877585,-1.2968864,-1.2470391,-1.0921792,-0.94854075,-1.0567771,-0.94717366,-0.48441264,-0.5090021,-0.50497943,-0.6607755,-1.1337068,-1.6523323,-1.8473995,-2.0022142,-2.1395419,-2.1762288,-2.163513,-2.0025473,-1.8714478,-1.8775495,-1.9658571,-2.03063,-1.9325387,-1.7136085,-1.517191,-1.2048472,-1.2072878,-1.3066916,-1.3224182,-1.1583498,-1.1339962,-1.2086452,-1.1602736,-1.1911671,-1.1146009,-1.0491678,-0.9554806,-0.9227524,-0.79306793,-0.5619172,-0.49073482,-0.3796413,-0.08622694,-0.12541133,-0.064826354,-0.15091702,0.81885827,0.8522051,0.8523458,0.8524156,0.8523722
2.4707174,3.0479314,3.3085027,3.2144156,3.1757176,3.101119,2.8643935,2.8218307,3.3630452,3.740245,4.133085,4.282456,4.5372725,4.7716265,4.8079557,5.065485,5.05429,4.1385045,1.6097989,-1.338026,-1.819474,-1.9170573,-1.5928214,-1.3055243,-1.0598946,-1.2004158,-1.4284706,-1.230126,-0.7682623,-0.3483288,-0.3349917,-0.4089579,-0.85530514,-0.81792474,-0.47706836,0.19620115,1.2588296,2.3871915,3.3633375,4.0585017,4.4128966,4.5781226,4.664914,4.74392,4.793907,4.69106,4.4349174,4.0134926,2.7183352,0.522552,-0.74111146,-0.91426486,-0.8463704,-0.6505674,-0.4815418,-0.6816108,-1.100509,-0.8434919,-0.6994374,-0.900259,-1.2717656,-1.2134902,-0.6699089,0.24627787,0.65060246,0.48565048,-0.04476601,-0.590868,-0.80338305,-0.5705821,-0.5663844,-0.50363505,-0.412488,-0.2823579,-0.30124947,-0.30518925,-0.38307747,-0.44104594,-0.33706346,-0.3893436,-0.79638374,-0.6217792,-0.12218395,0.6603205,1.4818283,2.8751621,4.5904512,5.704356,6.2926974,6.3816824,6.385437,6.3308125,6.186938,5.848756,4.9254723,2.8177636,0.32907006,-0.44481373,-0.53886294,-0.34203318,0.20231183,0.64535344,1.2136412,1.4865587,1.5407462,1.2896413,0.84135693,-0.850798,-2.2157283,-2.5619957,-2.3534305,-2.145308,-2.0181496,-1.8864025,-1.8523473,-1.8838894,-1.9538233,-2.2770705,-2.3367405,-1.9669323,-1.4996321,-0.89490795,-0.6110041,-0.5786366,-0.47857708,-0.22046173,0.042048782,0.14016002,-0.1045178,-0.5350589,-0.08359717,-0.003335476,0.18947054,0.32330382,0.23579285,0.23033498,0.35394868,0.6380278,1.0668418,1.2420232,1.0417454,0.81085366,0.57432526,0.2498013,0.20606962,0.30077165,0.16855429,-0.0815214,-0.15744156,-0.29181957,-0.40764886,-0.520369,-0.5100279,-0.57026505,-0.85456026,-1.5059738,-2.1937597,-1.5675696,-0.9580178,0.25409532,0.51391655,0.86198175,1.2383687,1.3170631,1.11861,0.2988215,-0.29504505,-1.2657678,-1.7498131,-1.5151293,-0.9287777,-0.8999795,-1.4796,-1.7990518,-1.6404287,-0.9619617,-0.48599964,-0.23594409,-0.3360422,-0.504596,-0.7279501,-1.1122588,-1.5151504,-1.7563748,-1.5704999,-1.4239172,-1.7001541,-1.900454,-1.7207778,-1.4995608,-1.1963288,-0.9420164,-0.98201466,-1.3870779,-1.609611,-1.7257588,-1.7942944,-1.850711,-1.8965021,-1.8864267,-1.8485966,-1.8669174,-1.9113508,-1.8647001,-1.5751297,-1.1989712,-1.1078317,-0.9029495,-0.17534217,0.5082396,0.9981282,1.1735039,0.97725034,0.6772845,0.3842297,0.13096757,-0.15253004,-0.40591055,-0.388568,-0.2396928,-0.2683831,-0.20539239,-0.35748708,-0.28002366,-0.30926397,-0.13506222,0.10132888,-0.12245494,-0.29558182,-0.56014806,-0.63486934,-0.8377907,-0.8754953,-0.9506167,-0.911439,-0.8626196,-0.88582265,-0.9675268,-0.9428963,-0.9825058,-0.96585995,-1.0519863,-1.052216,-1.476429,-1.7997062,-1.8329988,-1.6758724,-1.650425,-1.6701423,-1.5429871,-1.5343688,-1.500582,-1.4864981,-1.5891466,-1.6273234,-1.6132902,-1.5321422,-1.3945869,-1.4085215,-1.2306685,-1.104276,-1.1397393,-1.2717031,-1.5791831,-0.4175433,-0.43126917,-0.43143722,-0.4316656,-0.43166804
-4.0931525,-4.7042227,-4.7433796,-4.752506,-4.7074423,-4.7684517,-4.7689304,-4.7741823,-4.421779,-4.035254,-3.6819453,-3.5074816,-3.3772445,-3.3641307,-2.798716,-2.3773203,-2.5208843,-2.5316124,-2.108683,-2.142621,-2.3903003,-2.352625,-2.1228168,-1.8848135,-1.7019506,-1.6522918,-1.7940841,-1.7413082,-0.67305017,0.52383864,3.4948199,5.4144716,8.341794,9.461625,9.544462,9.36735,9.062365,8.495425,7.3020453,5.776223,4.4147787,3.2589638,2.3321395,1.4611617,0.77801526,0.3213983,0.08786919,-0.37719342,-1.107812,-2.3644161,-2.6842546,-2.6853898,-2.697919,-2.6635373,-2.6075344,-2.0415537,-0.81876785,-0.75939614,-0.41477495,0.6905898,2.694673,5.174932,7.649137,8.941353,9.307512,9.581556,9.688902,9.164275,7.1468563,3.621999,0.09644009,-1.4384495,-1.7033695,-1.6893578,-1.6160082,-1.5269127,-1.5244359,-1.5775516,-1.7733383,-1.7205391,-2.4856343,-2.686858,-2.2105432,-1.4991416,-0.90616065,-0.4053681,-0.8952658,-1.4535472,-1.141307,-0.8665714,-0.80543137,-0.76258135,-0.66460603,-0.54173225,-0.541591,-1.0798277,-2.2470336,-2.5343797,-2.2356167,-1.9925447,-2.221325,-2.1639774,-1.8710363,-1.6566263,-1.5692134,-1.738237,-2.088685,-2.2254486,-2.4024987,-3.174883,-3.4141994,-3.2206464,-3.0570588,-2.9446132,-2.846486,-2.7523313,-2.6993113,-2.7329068,-2.9190602,-3.4254763,-3.7514544,-3.332671,-2.9562268,-2.9246135,-2.7869105,-2.4628904,-1.7670538,-0.432904,0.5608592,1.5341715,2.326171,4.3016443,6.2363567,6.4366245,6.067642,5.702659,4.8080688,3.6882594,2.287647,0.719262,-0.384115,-1.2772853,-2.0987432,-2.259646,-2.3409133,-2.6109622,-2.737895,-2.5240119,-2.2425458,-2.0836663,-1.9154918,-1.6922427,-1.5665679,-1.2864223,-1.0138257,-0.015948236,1.3942001,2.7356987,2.7003083,1.3629485,0.3323802,-0.004641488,-0.34800428,-0.4984784,-0.6703933,-1.5064354,-1.8781523,-1.957442,-2.53618,-2.847845,-2.619598,-2.3968935,-2.3294473,-2.3998814,-2.5518212,-3.088707,-3.336578,-3.0667224,-2.9672668,-3.0048943,-2.768025,-1.6075729,-0.5886951,-0.24838199,-0.20486309,0.435805,1.9278623,4.3312807,6.6586657,7.9271317,9.372646,10.240942,10.586407,10.67707,10.494377,9.953379,9.334299,8.636538,7.5304613,5.392212,3.0285554,2.0599818,1.5970436,1.265785,1.0675983,0.8188094,0.5541322,0.12854756,-0.22297415,-0.34324956,-0.20760427,0.27383104,0.5330705,0.866089,1.0485222,1.2026112,0.95482945,0.5321317,0.2231035,0.21655238,0.20571774,-0.058547705,-0.24334025,-0.11164042,-0.13883746,-0.036293477,0.0865013,-0.03557065,-0.41363585,-0.8308551,-1.2190742,-1.5615903,-1.7373736,-1.6033165,-1.4594015,-1.2348408,-0.9822833,-1.1938698,-1.4390833,-1.6827691,-1.432903,-1.0640748,-1.2023087,-1.1978328,-1.1169138,-1.128088,-1.3182582,-1.3727338,-1.2870111,-1.3550701,-1.3111815,-1.393818,-1.624956,-1.4932878,-1.4077431,-1.3185563,-1.3849909,-1.3936398,-1.2799864,-1.4336994,-1.4664629,-1.2752898,-0.74984944,-0.53420067,-0.75297964,-0.77703595,-0.7774072,-0.77817404,-0.77828133
-3.6942186,-3.336298,-3.073542,-3.2697701,-3.2633297,-3.2638786,-3.3584533,-3.4131064,-2.61711,-2.0018253,-1.7058744,-1.5196536,-1.3666594,-1.0986023,-0.6513,-0.48079705,-0.7068526,-0.89129776,-1.2260599,-1.7700409,-2.4436035,-2.8798823,-2.870994,-2.6994572,-2.710637,-2.664178,-2.5497465,-2.27809,-2.5385146,-2.5888977,-2.5012784,-2.318645,-1.7533215,-1.5113996,-1.6170185,-1.5681181,-1.162574,-0.7558099,-0.5371487,-0.37445074,-0.4116068,-0.50427693,-0.5328375,-0.57287717,-0.65679294,-0.76910406,-0.94656,-1.5377576,-2.1851995,-1.890398,-1.6964781,-1.7363572,-1.7373655,-1.5039265,-1.2038573,-0.7416333,0.19698289,1.7032119,2.7609491,3.7987857,4.209386,4.2956243,4.177243,4.0677195,2.9250216,1.8024976,0.76123196,-0.09478602,-1.1127765,-2.0097194,-2.521349,-2.6192808,-2.49896,-2.345487,-2.2171984,-2.1704001,-2.1639717,-2.1342568,-2.6807222,-3.0144777,-2.8212826,-2.4737864,-2.1654,-1.999,-1.6721373,-1.0291455,-0.63054293,-0.69009554,-0.45292208,-0.5440061,-0.8083632,-0.8800297,-0.91258883,-1.0169272,-1.5020725,-2.2229853,-2.717949,-2.6811378,-2.0044875,-1.0504984,-0.65179026,-0.54286563,-0.5530892,-0.56966996,-0.657164,-0.9342359,-1.3779666,-1.5422307,-1.522915,-2.1458972,-2.5791504,-2.4871674,-2.3478673,-2.2190776,-2.1307302,-2.146469,-2.2404842,-2.9735427,-3.3979855,-2.770471,-2.2023,-1.9000945,-1.568146,-1.3664831,-0.7376777,0.5561152,2.6383605,5.2747364,6.958598,9.168441,9.939842,9.195169,7.625395,6.4891424,5.254172,3.881776,2.3446684,1.1693852,0.50050783,0.1684669,-0.17350183,-0.482563,-0.8213857,-0.95853484,-1.1840419,-1.7570393,-2.4273245,-2.6723752,-2.64366,-2.5943573,-2.5289445,-2.4118242,-2.3146427,-2.2767549,-2.2700472,-2.2618024,-2.360343,-1.9776082,-1.4950557,-0.89786917,-0.5107286,-0.36869383,-0.42730558,-0.46793234,-0.6673643,-1.5653697,-1.887558,-1.193125,-1.7356012,-2.8413827,-2.8368826,-2.62911,-2.533366,-2.5693007,-2.4471338,-2.2903476,-2.2811303,-2.0179658,-1.7173753,-1.5269119,-0.924626,-0.040747598,0.43823215,1.3674778,2.0302744,2.404508,2.7239065,2.4863691,1.9916754,1.594775,1.1764445,0.8167245,0.42253307,-0.16605842,-0.69838583,-1.2530963,-1.5981271,-1.749985,-1.6547868,-1.2868273,-1.0037313,-0.6590327,-0.35266533,-0.14494571,-0.100495905,-0.19791901,-0.16491449,-0.06875427,0.12514347,0.16940027,0.30366194,0.47150004,0.38813668,0.03058377,-0.21861127,-0.7548398,-1.4582462,-2.0993397,-2.106907,-2.0142212,-2.009636,-2.201419,-2.0548306,-1.9487665,-1.6083462,-1.3944316,-1.1415979,-1.0108857,-1.1668379,-1.5003815,-1.7251425,-1.9817586,-2.193822,-2.2328095,-2.195103,-2.0321624,-1.8663532,-1.8775487,-2.0936813,-2.3614306,-2.4502165,-2.7070413,-2.9599228,-3.020011,-2.8555603,-2.7867808,-2.7991357,-2.8474026,-2.822575,-2.8441129,-2.997601,-3.0793734,-3.0940866,-3.063484,-3.0564132,-3.051803,-3.0408034,-3.1136866,-2.9900193,-3.035121,-2.750444,-2.650091,-2.7067385,-2.7672877,-2.4601173,-2.4785392,-2.4788196,-2.479567,-2.4796987
-0.44849554,-0.44997263,-0.34229892,-0.26361334,-0.39389932,-0.61808074,-0.8836412,-0.8748995,-0.8697034,-1.436395,-1.8626759,-1.9257971,-1.8467722,-1.438833,-0.95271736,-0.4500555,0.094524324,0.19318122,-0.06145461,-0.42880774,-0.83372194,-1.0210137,-1.32,-1.6517336,-1.8930472,-1.7641337,-1.5223777,-1.073833,-0.9884221,-1.2309277,-1.1528002,-1.0934218,-0.6363318,-0.07306595,0.04835125,0.13243665,-0.008709893,-0.334755,-0.61623466,-0.5599313,-0.23817357,0.02845198,0.3259254,0.68191993,0.9978516,1.4281914,1.9645319,2.8349926,3.084817,2.6256394,1.7060945,0.8522992,0.09892242,-0.51067334,-0.6979042,-0.57423866,0.41599962,0.17699568,-0.28683597,-0.9321523,-1.7991363,-2.200353,-2.2011395,-1.800394,-1.6825037,-1.9919295,-2.0387297,-1.6214195,-0.79271185,-0.5970955,-1.1073593,-1.4978132,-1.6995748,-1.744477,-1.7656047,-1.6727166,-1.5539083,-1.2815194,-0.5810404,-0.06961955,0.14609233,0.8390788,0.9970786,1.1124806,1.3116927,1.1287246,0.72937864,0.5148004,0.5860894,1.0352459,1.2970096,1.4435092,1.6668487,2.0776694,3.0366268,3.888229,4.964958,5.562523,6.687131,7.3242035,6.7513933,6.229988,5.074149,4.1263947,3.6405773,3.432884,3.198892,2.2644527,1.135057,-0.36869484,-1.4315393,-1.7175772,-1.7991934,-1.887122,-1.9436548,-1.9869077,-1.8708272,-1.1741985,-0.46234372,-0.16415146,-0.004932463,-0.031535648,-0.43213052,-0.6537843,-0.47365338,-0.1547099,0.285149,0.75760233,0.6872788,-0.2765003,-0.36057267,-0.17540586,-0.38555366,0.09313872,0.24396698,0.18275541,0.3625141,0.7258485,1.5218743,2.4928718,3.134079,3.4284165,3.0776896,2.1999846,1.1686162,0.24227332,-0.65515727,-1.2801957,-1.7243105,-1.9334247,-2.1392326,-2.3092234,-2.4621856,-2.4087794,-2.1274362,-1.349796,-0.6948582,0.07398084,-0.12574172,-1.1326157,-1.5608652,-1.7245102,-1.6248647,-1.305589,-0.9077034,-0.3804363,-0.6285113,-1.0020925,-1.1938218,-1.8970991,-1.8677093,-1.491776,-1.1436288,-1.3159622,-1.8389144,-1.9168035,-1.5448041,-1.10644,-1.2279656,-1.1669701,-1.1999792,-0.56192946,0.018367559,0.037743896,-0.3467412,-0.98789716,-1.5681247,-1.9048771,-2.1916256,-2.364937,-2.5024614,-2.43048,-2.2061248,-1.9026929,-1.6605347,-1.4104242,-1.2649634,-1.2568791,-1.3249598,-1.2772458,-0.94355786,-1.0918375,-1.3253827,-1.5716288,-1.8807349,-2.0620785,-2.1988153,-2.1429567,-1.7580011,-1.468462,-1.3249846,-1.0137637,-0.7247318,-0.45047808,-0.30372095,-0.19917959,-0.38616806,-0.56468457,-0.6211423,-0.61250395,-0.39497977,-0.25221592,-0.29822668,-0.27683705,-0.571728,-0.67946184,-0.82489645,-0.9187137,-1.1410983,-1.3458371,-1.3499914,-1.4529383,-1.5024247,-1.3218113,-1.192759,-1.0198295,-0.9149745,-1.1215222,-1.3362294,-1.3945669,-1.0958886,-0.41673684,-0.15311784,-0.0460739,0.029552922,0.024114847,0.11208303,0.26083463,0.26530492,0.20803504,0.3006419,0.23056465,0.2991616,0.35374776,0.49471197,0.530895,0.66795826,0.8093647,0.9103807,1.1388202,1.3543948,1.14226,1.0276129,0.90810597,1.1150146,1.0905068,1.0902386,1.0900168,1.0900084
-1.2702047,-1.4154662,-1.6635563,-1.7493324,-1.8023138,-1.7091467,-1.5665779,-1.5302267,-1.7883984,-1.897603,-1.623965,-1.6037533,-1.5960157,-1.3694481,-1.1042991,-1.0581467,-1.3757613,-1.7357004,-1.7782011,-1.7660493,-1.9392365,-2.0323198,-1.7778945,-1.5112867,-1.2503492,-1.4253383,-1.3839201,-0.9953256,-1.1581168,-1.2318332,-0.9731935,-0.6768531,0.0024061985,0.5103533,0.5909744,0.6757848,0.87384784,1.5659823,2.3237972,2.8297935,3.1633482,3.3909426,3.5235853,3.5753765,3.5519357,3.490746,3.3809743,2.8710067,2.0652344,1.1049792,-0.0029620603,-0.6293671,-0.99770105,-0.8703643,-0.6194118,-0.16415115,0.74397314,1.2615224,0.99053955,0.5362139,0.4948208,0.38754085,0.10891193,-0.19098628,-0.33828795,-0.27715158,-0.14599846,-0.0103033185,0.0038334206,-0.34147266,-0.9225067,-1.2585759,-1.3853968,-1.3995615,-1.3607242,-1.3676848,-1.3505359,-1.238914,-0.9869335,-0.24858192,-0.017589629,-0.10401341,-0.09927404,0.34559113,1.0359538,1.8047626,2.091023,2.120502,2.7522967,2.9676685,2.8804088,2.9042943,2.9738548,2.82554,2.197952,1.2761354,0.12575066,-0.5818324,-0.14022258,0.39642867,1.1491882,1.3279779,1.5324503,1.5265722,1.2492993,0.6486423,-0.03546205,-0.60953665,-0.9889713,-1.8512118,-2.3835487,-2.3091912,-2.1035147,-1.9867554,-1.8033351,-1.6342077,-1.5397929,-1.3336613,-1.024649,-0.78472984,-1.009115,-1.1307702,-1.0420338,-0.9747237,-0.615914,-0.22860372,-0.25092095,-0.44104508,-0.38847786,-0.2557414,0.078533545,-0.0020538624,-0.36805034,0.65594286,2.4741945,3.9235148,4.901904,5.4213886,5.774807,5.9950647,6.027385,5.929693,5.6531243,4.758692,3.327518,1.8396139,0.16316232,-0.6107742,-1.0372466,-1.187743,-1.3286743,-1.3989034,-1.383809,-1.4664946,-1.5441598,-1.6626469,-1.8817942,-1.6024196,-0.9873498,-0.33485386,-0.11065369,0.31686577,0.8726672,1.1998246,1.2549541,0.7144055,0.57767963,0.9409579,-0.32482952,-1.7087785,-1.612712,-1.1626434,-0.9176783,-1.0401922,-1.2471957,-1.0954175,-1.2259227,-1.401086,-1.3067254,-1.2600638,-1.0685424,-0.86640006,-0.4621297,-0.09634334,-0.024804771,-0.46804795,-0.51548713,-0.33142078,-0.33382314,-0.33310112,-0.11926815,0.1369037,0.15055409,0.1449799,-0.063363194,-0.3762415,-0.5391259,-0.6289705,-0.89122593,-1.3505132,-1.3896618,-1.1838183,-1.0528412,-0.9805809,-1.028131,-0.91258776,-0.5882303,-0.22454324,0.28817827,0.6979935,0.82707894,0.6070807,0.28792,-0.23381507,-0.5655009,-1.0607572,-1.5396392,-2.1272132,-2.33185,-2.4907165,-2.4620945,-2.4179738,-2.2622573,-2.060639,-1.6817,-1.5369406,-1.6303229,-1.6116552,-1.6008706,-1.661685,-1.733811,-1.8298194,-1.8481069,-1.8009666,-1.6538167,-1.5315878,-1.3888915,-1.4441627,-1.6892533,-1.8648725,-1.7568471,-1.5911599,-1.5407877,-1.7992736,-1.9885075,-1.9756639,-2.008529,-2.0780003,-2.0448315,-2.0792909,-2.1576405,-2.090892,-2.026799,-1.9829037,-2.0241265,-2.021035,-2.1090212,-2.1670907,-2.113,-2.3307862,-2.4993925,-2.5526302,-2.567151,-2.4458003,-2.6249535,-2.6112194,-2.611118,-2.6106257,-2.6105688
-2.099198,-1.030868,-0.42419326,-0.98880804,-1.1067708,-0.86978555,-0.9925415,-1.1142391,0.79922837,2.4718661,3.2965913,3.59518,3.61135,3.6348662,3.6276293,3.5758448,2.8811388,1.7087306,-0.36938137,-2.8256629,-3.3995135,-3.4302378,-3.2086406,-3.028664,-2.958972,-3.0232313,-3.1373384,-3.1578417,-3.253114,-2.8462753,-2.7082617,-2.5612593,-2.548521,-2.7639425,-2.906261,-3.1145513,-3.0634685,-2.5104992,-1.8077825,-1.3318505,-1.0980991,-1.0395054,-1.0387753,-0.995445,-0.93154955,-0.8781321,-0.92988384,-1.2262142,-2.00053,-3.5065389,-3.6642418,-3.4097705,-2.9345236,-2.3991427,-2.1181052,-1.9008214,-1.7901566,-1.3474243,-0.9102676,-0.49072877,-0.017103538,0.36028552,0.50614667,0.056652606,-0.6135981,-1.2203724,-2.0346584,-2.6937008,-3.1687388,-3.1413605,-2.546171,-2.0462627,-1.9051421,-1.8164235,-1.7929921,-1.7632929,-1.8057289,-1.8000976,-2.0059545,-2.2622178,-2.7391157,-2.998837,-2.9298387,-2.6627474,-2.6873698,-2.6886923,-1.9519302,-1.1680017,-0.36902595,-0.28904325,-0.34523895,-0.38701776,-0.4360736,-0.6643126,-1.4374199,-2.8399534,-3.7796247,-3.756134,-3.2972274,-2.7767663,-2.4321249,-1.9407499,-1.4612592,-1.1152053,-0.97271776,-1.1554651,-1.6106616,-2.5374227,-3.235005,-3.4298904,-2.8732543,-2.3926806,-2.1895883,-2.0250103,-1.9679632,-2.038771,-2.182384,-2.7025113,-3.020616,-3.1587696,-3.1284153,-2.9946415,-2.6512716,-2.545411,-2.7394042,-2.8111906,-2.6068523,-2.1997042,-2.0980732,-1.8992025,-1.0605043,-0.8650227,-1.7864273,-2.7959685,-3.3840923,-3.5983248,-3.6622853,-3.6673932,-3.4765334,-3.294375,-3.2786555,-3.3331895,-3.452145,-3.7264245,-3.742826,-3.644955,-3.279377,-2.904829,-2.4631524,-2.2697792,-2.0511174,-1.8200767,-1.5994599,-1.3193477,-1.1458209,-0.7523856,-0.920246,-1.4143486,-1.5626752,-2.0428405,-2.0615592,-2.0010846,-1.9100659,-1.7802572,-1.7347735,-2.1227093,-2.3716047,-3.1463213,-3.651761,-3.12717,-2.5657501,-2.587358,-2.6749768,-2.6947017,-2.529933,-2.3000314,-2.1379566,-1.9823422,-1.8869812,-1.9670482,-1.9448133,-1.8671981,-1.817596,-1.2450168,-1.0699614,-0.7760632,-0.4924699,-0.18235895,0.094522595,0.20746426,0.21904993,0.102757305,-0.050868154,-0.2227171,-0.39057449,-0.7277666,-1.1619166,-1.6175745,-2.0496256,-2.1102982,-1.8220234,-1.5417755,-1.4712585,-1.4650611,-1.2929099,-1.0730426,-0.9253932,-0.7140412,-0.10132623,0.41453606,0.8418918,1.273709,1.3544495,1.4551367,1.4845788,1.5545079,1.5162163,1.499969,1.7791097,2.3953133,2.6470327,2.586443,2.3672945,2.3297994,1.9339559,1.9035419,1.5992367,1.0943532,0.46892968,-0.043014556,-0.44108108,-0.80536276,-0.97905433,-1.1538957,-1.3687831,-1.3119166,-1.1983054,-1.228149,-1.3440506,-1.4928062,-1.622463,-2.053858,-2.4425302,-2.621751,-2.553579,-2.5197616,-2.5214646,-2.5552557,-2.498189,-2.4323754,-2.4297693,-2.4937692,-2.5663295,-2.5991545,-2.6746626,-2.6289902,-2.6351376,-2.6632297,-2.6684508,-2.4812477,-2.3158927,-2.3286972,-2.3335762,-2.3629298,-2.9786744,-3.018826,-3.0192277,-3.0202675,-3.0203567
-3.103612,-2.870195,-2.7743735,-2.7025566,-2.5108185,-2.3625596,-2.3623412,-2.4186788,-2.434046,-2.4205384,-2.521175,-2.5492697,-2.6323557,-2.7729652,-2.8153758,-2.3806763,-1.5304106,-0.482237,0.64729095,1.0560961,1.305828,1.3398244,1.0077134,0.88374394,1.113049,1.0526597,0.6638687,0.14560091,0.11645095,-0.12355104,-0.49966443,-0.7300508,-0.9890719,-0.8672055,-0.877164,-0.9873221,-1.1284754,-1.3323838,-1.6325026,-1.9414372,-2.0774913,-2.130613,-2.146765,-2.1418333,-2.1347127,-2.0651877,-1.8738166,-1.3280419,-0.733655,-0.73186725,-0.06640881,0.020182729,-0.14781877,-0.21182638,-0.24906817,-0.20388259,-0.2824226,-0.47359836,-0.6450032,-0.7324226,-0.7691386,-0.93437344,-1.1582648,-1.4996448,-1.4603132,-1.3466067,-1.1338679,-0.97429246,-0.94245726,-0.89647734,-0.92596257,-0.8812889,-0.8011277,-0.8109087,-0.7808243,-0.86756426,-0.93079257,-1.1346596,-1.8755653,-2.716942,-2.7125196,-2.1693292,-1.9123755,-2.0233414,-2.3920088,-2.6421976,-2.390326,-2.4343224,-2.6446285,-2.5311286,-2.4605396,-2.4466586,-2.371536,-2.1373985,-1.6884658,-1.4488727,-1.2685617,-1.0858626,-1.6588463,-2.283579,-2.8434374,-3.0930781,-3.1566951,-2.9633563,-2.4941092,-1.795203,-1.0984931,-0.6535237,-0.61437124,-0.5400032,-0.30357116,-0.35911345,-0.5198252,-0.63929766,-0.7508472,-0.8900165,-1.045108,-1.7212179,-2.2978716,-2.6974177,-2.2345376,-1.8735019,-1.9259908,-2.0181677,-2.1889277,-2.2634983,-2.2557871,-2.1039631,-2.0899801,-1.9581792,-1.6544769,-1.5812345,-1.5850141,-1.9074855,-2.2188425,-2.3952072,-2.4610019,-2.4812844,-2.4990962,-2.1761074,-1.6646595,-1.0621306,-0.4954489,-0.6257489,-0.94488776,-1.142592,-0.79803205,-0.3739337,-0.12662488,0.108711064,0.3165989,0.46068084,0.49837673,0.69052035,0.8281777,0.9483839,1.101428,0.52538407,-0.10659507,-1.4001051,-1.829737,-2.115485,-2.3815176,-2.508066,-2.4055572,-2.1766067,-2.166442,-2.396907,-2.0699525,-1.7286056,-2.4560983,-2.8293545,-2.9041212,-2.5845575,-2.1575902,-2.360779,-2.440726,-2.1648011,-1.9905151,-1.8432262,-1.5105405,-1.1539644,-0.99191266,-0.757541,-0.7093893,-0.70305234,-0.63424706,-0.638835,-0.8138173,-1.0022075,-1.2869229,-1.636179,-1.8178856,-1.8664968,-1.8145554,-1.7269403,-1.6744032,-1.7338111,-1.7580713,-1.4721345,-0.9327848,-0.5622526,-0.48933414,-0.5350548,-0.6613552,-0.9631541,-1.4755363,-1.9757253,-2.4815385,-2.6562698,-2.709389,-2.6221306,-2.5001178,-2.3110256,-2.1075895,-1.7823458,-1.5126543,-1.2526575,-1.2670981,-1.0543091,-0.58155084,0.026621878,0.0015307665,0.14785665,0.36913347,0.32100123,0.28360394,0.37122306,0.6424203,0.86366475,1.0828375,1.4732709,1.5329435,1.2689295,0.95653236,0.79513955,0.49778017,0.7916389,1.1112761,1.3686426,0.97236717,-0.051080674,-0.9604336,-1.6013632,-2.1132317,-2.2016532,-2.1574254,-2.1062157,-2.2056246,-2.2392147,-2.3892844,-2.456253,-2.451056,-2.459531,-2.5081065,-2.5320215,-2.5543883,-2.6583033,-2.6562328,-2.4940822,-2.1566281,-1.9915806,-2.063307,-2.1160984,-1.7146764,-1.663187,-1.6625937,-1.6613988,-1.661286
-4.7924066,-4.6570215,-4.397641,-4.5285487,-4.625535,-4.6978397,-4.749345,-4.838606,-4.087818,-3.2865274,-2.745379,-2.517489,-2.361835,-2.0865967,-1.6820518,-1.6867807,-2.1800237,-2.6755683,-3.4206452,-4.255506,-4.480997,-4.468093,-4.026722,-3.6839628,-3.4320107,-3.4599886,-3.454265,-3.3668742,-3.245367,-2.9771495,-2.692567,-2.4192255,-2.1175137,-2.4189324,-2.6615987,-2.8011937,-2.7894406,-2.8910728,-2.8792295,-2.8598628,-2.9543178,-3.0636508,-3.1306756,-3.2095947,-3.2642703,-3.3463488,-3.498633,-3.8264132,-3.9018424,-4.138524,-4.1587486,-3.8875918,-3.3854723,-2.703092,-2.1182919,-1.2774153,-0.27100128,2.5834613,5.231833,7.898032,9.498946,9.884345,9.197788,6.4014683,2.5191662,0.18046403,-1.1512911,-1.889483,-2.742982,-3.526976,-3.6249526,-3.460519,-3.3289454,-3.2526162,-3.1790771,-3.2050805,-3.2827814,-3.4539442,-4.218279,-4.795065,-5.0178337,-5.0356884,-4.6161785,-4.379098,-4.184092,-3.8726783,-3.3068118,-3.0170643,-2.8462014,-2.976554,-3.1871073,-3.2813277,-3.4053032,-3.7137728,-4.425044,-5.2575874,-5.8114305,-5.584457,-4.9567394,-4.1283402,-3.840623,-3.6217008,-3.3808885,-3.220662,-3.2977085,-3.6593125,-4.0419445,-4.2934246,-3.9339848,-3.685205,-3.5571678,-3.4066553,-3.3750896,-3.2199423,-3.124386,-3.1462295,-3.275251,-4.0631714,-4.911231,-5.2072043,-4.6891727,-4.005467,-3.3194761,-2.9637566,-2.816012,-2.671071,-2.404458,-2.1039212,-1.7728384,-0.47112393,0.42980283,0.24281928,-0.9752798,-1.6623199,-2.1183333,-2.5356941,-3.0439336,-3.4052858,-3.6210108,-3.7768517,-3.958032,-4.057808,-4.0373125,-3.6402333,-3.2804708,-3.1993337,-3.308122,-3.291138,-3.1127133,-2.9875488,-2.8424196,-2.680885,-2.566506,-2.456648,-2.2699833,-1.6966096,-0.95651865,-0.79690564,-0.7157125,-0.80706084,-0.6880425,-0.5871877,-0.58624864,-0.60924727,-0.7046402,-1.0535887,-1.1982856,-1.2669666,-2.1427262,-2.6671746,-2.709385,-2.7043438,-2.6333513,-2.5335896,-2.2493656,-2.3050086,-2.8258715,-2.9671483,-2.7709126,-2.7471356,-2.381198,-1.6947335,-0.9548936,2.4074676,5.6202526,8.099731,9.739279,10.355441,10.059515,9.488493,8.32209,6.4961605,4.5201826,2.1940804,0.79371583,-0.54627854,-1.5212144,-2.237513,-2.795835,-3.184724,-3.340662,-3.016413,-2.7161183,-2.52084,-2.4281423,-2.2858524,-1.8683504,-1.5376626,-1.3095107,-1.1922735,-1.146945,-1.2303096,-1.4255977,-1.7496653,-2.0304325,-2.3780975,-2.8025818,-3.1007667,-2.9082713,-2.7005754,-2.7041154,-2.611385,-2.3359447,-2.2706826,-2.0498676,-1.97916,-1.8209834,-1.8125795,-1.9036019,-2.0403144,-2.2029395,-2.2520714,-2.3290143,-2.4083936,-2.5066319,-2.5449016,-2.5770934,-2.5102673,-2.5120928,-2.6476297,-2.7766738,-3.0807238,-3.2770138,-3.4175096,-3.4812446,-3.46883,-3.4854782,-3.5077581,-3.4830472,-3.4653935,-3.5340436,-3.5106132,-3.5601277,-3.534552,-3.5228062,-3.5058198,-3.5546544,-3.5638947,-3.456462,-3.5957527,-3.562742,-3.514547,-3.3109841,-3.245937,-3.2839687,-3.29075,-3.2908468,-3.2914784,-3.2915761
-2.5466866,-1.8858365,-1.5207107,-1.8544892,-1.842943,-1.5696244,-1.5600522,-1.6263,-0.21438432,0.95031714,1.2518787,1.3391308,1.3124754,1.5097542,2.264742,2.2665675,1.8393579,1.2284968,0.14932784,-1.312345,-2.037308,-2.4257717,-2.2680562,-2.0299037,-1.8020821,-1.7900066,-2.2454484,-2.375324,-2.6423573,-2.4475908,-2.404185,-2.2716353,-2.0151496,-1.6964196,-1.540574,-1.4194497,-1.2405522,-1.0258666,-0.76218855,-0.53324187,-0.43974793,-0.40353712,-0.3285802,-0.20373541,-0.12102407,-0.08418795,-0.16704755,-0.56745243,-1.1153158,-1.8966048,-2.0131314,-1.9798207,-1.9628856,-1.8770804,-1.9537518,-2.3683276,-2.8828092,-2.2359858,-1.3656192,-0.357387,0.636234,1.5264505,2.5160491,3.3990402,3.4610744,2.5519445,1.1567211,-0.091137305,-1.209293,-1.9103422,-2.2053256,-2.1668608,-2.0250337,-1.895237,-1.7991276,-1.7483408,-1.7427412,-1.7142318,-2.0108972,-2.6274512,-3.0977085,-3.4065952,-3.3236501,-3.0421855,-2.9193606,-2.6112964,-1.6647199,-0.7965409,0.19981053,0.29130012,0.106975645,0.031227693,-0.031227171,-0.32952532,-1.2465665,-2.2200527,-3.008077,-3.1701841,-2.724372,-1.5257123,-0.04132147,0.79432094,1.5675945,1.9760493,2.0613942,1.6830498,0.84065264,-0.45363194,-1.5135732,-2.3372467,-2.5773401,-2.3902817,-2.2028863,-1.9986211,-1.8048847,-1.6801386,-1.6291207,-2.0726562,-2.7058802,-3.1884093,-3.1889842,-3.2018743,-2.98576,-2.9301615,-2.8660536,-2.544273,-2.0830505,-1.6665864,-1.6249475,-1.1827238,0.03944617,0.5621052,0.41185027,-0.07630688,-0.4644271,-0.7967628,-1.1881162,-1.4850292,-1.6031783,-1.5652466,-1.60605,-1.7864829,-2.2803829,-2.6750522,-2.917269,-3.0966973,-3.06817,-2.9279246,-2.6484258,-2.4389753,-2.2592392,-2.081374,-1.8829188,-1.6331437,-1.4390748,-1.1797569,-1.720262,-2.2063549,-1.9224737,-1.5344661,-1.0020543,-0.8447671,-0.8536748,-0.8456812,-0.95498097,-1.4752389,-1.7150276,-2.0979056,-2.953339,-3.2246017,-2.9345732,-2.6978416,-2.480684,-2.4789362,-2.7095816,-2.695174,-2.893046,-3.0924578,-3.0794497,-3.0792632,-3.0992022,-3.262065,-3.3543453,-2.5573773,-1.5412973,-0.9351245,-0.48206842,0.08060187,0.6378704,0.9633567,1.2603775,1.2519318,1.1012224,0.79357404,0.35082436,-0.32859665,-0.9151955,-1.2977031,-1.368365,-1.1990303,-1.1435751,-0.95765525,-0.7322919,-0.5191946,-0.30047223,-0.15352984,-0.0787095,-0.01336427,0.1525227,0.2816688,0.4832558,0.6490897,0.63508713,0.4931934,0.2896483,0.027072862,-0.4815699,-0.9148964,-1.0126395,-0.7467112,-0.4505838,-0.39713076,-0.14064135,-0.03963971,0.13411884,0.32526004,0.38651794,0.35520905,0.18743104,-0.09396823,-0.3651692,-0.5822775,-0.72983074,-0.8799771,-0.95380807,-0.8180447,-0.6536338,-0.6138093,-0.72900385,-1.0154258,-1.2382445,-1.8197607,-2.2229688,-2.1646903,-1.7978268,-1.580473,-1.6607952,-1.7419773,-1.5996622,-1.5867339,-1.7021965,-1.8271033,-1.9350979,-1.933723,-1.9857363,-1.9909241,-2.0899649,-2.2241275,-2.0437062,-1.9467865,-1.8157481,-1.8084207,-1.8809236,-1.9440038,-3.7169623,-3.7647648,-3.76515,-3.7662287,-3.7663383
-0.86899626,-0.25569123,0.22194952,-0.021140024,0.030953377,-0.06406742,-0.11963308,-0.16343263,0.8577334,1.8325795,2.252608,2.42791,2.6371894,3.1705837,3.7652655,3.9324353,3.883856,3.128703,0.82201314,-1.6709316,-2.2670393,-2.4573607,-2.0950916,-1.7438123,-1.4559635,-1.5786331,-2.0500727,-2.1648664,-2.1196961,-1.5418403,-1.1183732,-0.8227023,-0.8994787,-1.1057428,-1.1087003,-1.0879539,-0.6310126,0.21765256,1.0167392,1.5210247,1.7473972,1.8316666,1.8665694,1.8975226,1.9282055,1.8432432,1.6217825,1.0985407,0.08203872,-1.5508099,-2.2118616,-2.2522113,-2.1184783,-1.7529981,-1.5667446,-1.5412557,-1.5348692,-1.3530276,-1.0285548,-0.57685703,-0.13527668,0.12776604,0.2759697,0.24523559,-0.14607444,-0.55631596,-0.8016571,-0.9547748,-1.1581843,-1.2064453,-1.2137992,-1.1534891,-1.1208818,-1.0582885,-1.0848436,-1.0668147,-1.1152291,-1.2242388,-1.4723386,-1.9629083,-2.6566114,-3.0400965,-2.674337,-2.1428032,-1.7694225,-0.9590648,0.5149287,1.76355,2.6474633,2.5796962,2.4885483,2.4251795,2.3218536,1.9236897,0.75211823,-1.0443469,-2.6840954,-3.0351875,-2.5510054,-1.3750341,-0.51599836,-0.06148447,0.29510766,0.45164257,0.2582268,-0.34183073,-1.1712208,-2.6417904,-3.3322365,-3.233664,-2.887443,-2.7169104,-2.6512873,-2.467339,-2.3603983,-2.4051626,-2.4840946,-3.0722737,-3.4865,-3.2855783,-2.8550162,-2.3770661,-1.9658432,-1.8983612,-1.9755507,-2.1398923,-2.0534213,-1.8471425,-1.7524068,-1.4672285,-0.54596806,-0.28530708,-0.7803081,-1.0173349,-0.98279,-0.9148162,-0.8446903,-0.7473676,-0.53641367,-0.46043664,-0.4973908,-0.5948836,-0.84624577,-0.99931824,-0.96331036,-0.8853215,-1.0082281,-1.0683829,-0.99722767,-1.0146356,-1.0010948,-0.9490863,-0.8171462,-0.7951328,-0.8715329,-0.9440613,-1.1488292,-0.86146164,-0.52737457,-0.33312225,-0.20164275,-0.012002945,0.13122088,0.20534402,0.100851715,-0.28298122,-0.5024315,-1.1126639,-1.6782236,-1.59587,-1.3302392,-1.3825119,-1.5973779,-1.7404786,-1.5617673,-1.360512,-1.4968241,-1.6105838,-1.6053694,-1.6510487,-1.6592894,-1.540962,-1.2926393,-0.88242626,-0.675117,-0.6215379,-0.69948286,-0.5310858,-0.298984,-0.18077041,-0.24378008,-0.39653376,-0.6994362,-1.167258,-1.4346694,-1.6384591,-1.8538678,-2.0639303,-2.2131028,-2.1270182,-2.006175,-2.0137687,-2.1380095,-2.3115819,-2.3135123,-2.15642,-1.6579777,-0.6486807,0.70446026,1.4835585,1.9186516,2.1883092,2.0691648,1.882937,1.6984358,1.4030797,0.96947104,0.5775649,0.64905393,0.75357026,0.5081998,-0.16311875,-0.4800295,-0.41043374,-1.0997871,-1.3101712,-1.724056,-2.083314,-2.342871,-2.4292643,-2.4839065,-2.4284306,-2.405718,-2.4662557,-2.5576599,-2.6233559,-2.7335646,-2.6917925,-2.6394799,-2.6369553,-2.6232443,-2.7242913,-2.704978,-2.3588843,-2.088629,-2.1273606,-2.0949216,-2.1082392,-2.0867655,-1.9743924,-1.8638768,-1.8481925,-1.9008085,-1.9158292,-1.9786432,-1.8534559,-1.8241657,-1.7691591,-1.7098346,-1.7299469,-1.8358388,-2.0221956,-1.8805045,-1.9214354,-2.7712173,-2.7917764,-2.7918963,-2.7923667,-2.7923894
-1.1228731,-1.2776171,-1.1756284,-1.2072711,-1.380927,-1.5639585,-1.7476761,-1.9508902,-1.5206013,-1.1863096,-0.8741058,-0.745779,-0.7409971,-0.7203356,-0.42110333,-0.46383303,-0.91736215,-1.2766695,-1.3773084,-2.0610414,-2.652923,-3.0031555,-2.9040425,-2.764451,-2.6742575,-2.5606186,-2.6267726,-2.2640705,-1.9618881,-1.3504527,-0.47828853,-0.022451147,0.8784994,1.7830255,2.2535205,2.6590757,2.7904181,2.4415245,1.9436994,1.2844944,0.7595668,0.33560836,-0.058084786,-0.49638367,-0.8276657,-1.0507901,-1.1771452,-1.4583067,-1.9129089,-2.7098286,-2.202024,-1.5858605,-1.157132,-0.904125,-0.7921644,-0.90548724,-1.3424898,-0.9854755,0.16054183,1.5371193,2.4673238,2.8855257,2.6783328,1.9753218,1.2372568,0.8870127,0.5075193,0.42103168,0.20621821,-0.80431366,-1.8650029,-2.1095743,-2.0583708,-1.9564375,-1.9647641,-1.9583311,-1.9734483,-2.0363193,-2.40793,-2.6270936,-2.6389084,-2.9692135,-2.7224944,-2.574129,-2.4689927,-1.9195046,-1.3536804,-1.3594922,-1.4796894,-1.6394088,-1.7478119,-1.7514842,-1.772615,-1.8372706,-2.0269413,-2.2823374,-2.7814054,-3.095615,-3.0129485,-2.2087414,-1.3197546,-0.9466046,-0.53065157,-0.2827253,-0.2708177,-0.48951113,-0.85740507,-1.2025474,-1.5194283,-2.11787,-2.5346904,-2.377225,-2.2819939,-2.1577048,-2.0317106,-1.9026301,-1.8647351,-1.9182513,-2.2727492,-1.9579849,-1.858735,-1.6755657,-1.4622978,-1.4220531,-1.5531913,-1.845886,-1.8696487,-1.6179094,-1.3512461,-0.17213307,1.0555656,1.7603076,1.5927216,1.1175001,0.79200643,0.5596301,0.16208112,-0.34342608,-0.8153131,-1.3051162,-1.7533529,-2.1531608,-2.4370277,-2.2596126,-2.1020918,-2.2131634,-2.229487,-2.1523833,-1.99053,-1.9754944,-1.9220622,-1.8591492,-1.847312,-1.8978989,-1.8096538,-1.266855,-0.23522088,0.52700156,0.7744411,0.71929467,0.6697094,0.7355351,0.68550795,0.6819192,0.5466569,0.026887327,0.007833689,-0.07160853,-1.287533,-1.9159758,-1.52414,-1.3238984,-1.2506618,-1.4398171,-1.4388022,-1.094692,-0.8990978,-1.0162472,-1.0924243,-1.2120298,-1.3472934,-1.5661206,-1.321369,0.16460425,1.7464466,3.2433934,4.1764336,4.920233,5.524927,5.836752,6.155117,6.9362974,7.6287403,8.156204,8.16533,7.7564273,7.0477505,5.957715,4.252345,1.6342485,-0.60700625,-1.1375238,-1.2227776,-1.1725516,-0.7350292,-0.13625696,0.7322214,1.1137674,1.0960525,0.9676664,0.87007797,0.5551401,0.33619943,0.18566677,0.044413567,-0.03791195,-0.03234428,0.03248471,0.09520519,0.24280024,0.16263378,-0.27620286,-0.6153394,-0.5248868,-0.8100781,-0.90250915,-0.9923415,-1.2273545,-1.4301956,-1.5741335,-1.6508123,-1.825772,-1.8739883,-1.7525373,-1.6601281,-1.6259863,-1.4920659,-1.6353816,-1.8451118,-1.9570744,-1.7171476,-1.2295424,-0.7443302,-0.062281504,0.5505998,0.53051716,0.45619062,0.42980033,0.54415774,0.5356796,0.6381182,0.6253576,0.43313116,0.49557385,0.65988624,0.79587734,0.81840146,0.99498254,1.1414336,0.88062954,0.8597951,0.9673895,1.6633501,1.9469445,0.8700676,0.82566833,0.82514614,0.82424295,0.8241346
0.13555464,-0.17719904,-0.5498771,-0.3593333,-0.22421893,-0.2780229,-0.11412116,-0.0017828941,-0.59422475,-0.6084822,-0.27317566,0.10875427,0.19629033,-0.31089664,-1.22328,-1.8668025,-2.6575527,-3.4007983,-3.8668675,-3.100712,-2.3186908,-1.6607661,-1.7708592,-1.9875026,-2.312601,-2.6575992,-2.595952,-2.3740015,-1.4617183,-1.1838686,-1.1172056,-1.0132797,-1.5081677,-2.035071,-2.1662633,-2.2975996,-2.242324,-2.0652719,-1.7515128,-1.5400298,-1.3993332,-1.2978873,-1.3109229,-1.3886698,-1.5013458,-1.739976,-2.0296922,-2.4526575,-2.8455956,-2.2035673,-1.6010584,-1.4532794,-1.1059835,-0.5865768,-0.04004085,0.8545996,0.7574283,0.1980052,-0.1398133,-0.27135456,-0.07161982,-0.34020615,-0.9589732,-1.64429,-1.4781191,-1.2984324,-1.5343537,-1.9834448,-2.4341393,-2.3570998,-1.746171,-1.2130636,-1.0135672,-0.9757496,-1.0097951,-1.0569108,-1.1537826,-1.2820911,-1.6315789,-1.8293575,-1.4395254,-0.7186266,-0.28724888,-0.08210099,-0.12994044,-0.70183605,-1.1812943,-1.4717517,-1.4158245,-1.434761,-1.4264574,-1.4504898,-1.5904125,-1.9355743,-2.4679134,-2.741426,-2.1251526,-1.1524606,-0.21779707,-0.11011187,-0.12444165,-0.14906795,-0.14740157,-0.3112741,-0.7154978,-1.279295,-1.6606643,-2.5530562,-3.0357914,-2.5385087,-1.541878,-1.2187963,-1.2356021,-1.3576577,-1.4849356,-1.5574595,-1.7467196,-2.2063713,-1.871326,-0.5808189,-0.26038167,0.029689703,0.48947132,0.71433175,1.0815573,1.6474812,1.7062349,1.4034598,1.059631,0.15860802,-0.18067522,-0.5513688,-0.4136066,-0.47917497,-0.7787368,-0.9344696,-0.83738494,-0.5917489,-0.6074673,-0.7522331,-0.7939829,-0.51590174,-0.15670724,-0.70423895,-1.1123412,-1.1181782,-0.5177191,-0.22758967,0.031184688,0.10986699,0.19064982,0.25283912,0.2932877,0.41911143,0.21320736,-0.56118333,-1.0546097,-0.5841882,-0.2615802,0.24645248,0.047873467,-0.3921763,-0.79367864,-1.073547,-1.1603473,-1.056354,-0.84742963,-0.7287483,0.24328184,1.1785192,1.0325212,0.27991688,-0.06556937,0.13133985,0.6051611,0.64999485,0.2900991,0.27957207,0.5350995,0.53888035,0.771757,0.83490133,0.5532334,0.27374235,0.1489141,0.14838153,0.39387175,0.6064446,0.6536467,0.6258763,0.5098216,0.42987835,0.391025,0.41107935,0.4780598,0.5801481,0.6801989,0.82943034,1.0822603,1.42688,1.5495658,1.1549,0.64209723,0.19788891,-0.19223958,-0.41392604,-0.4013597,-0.07772881,-0.0032944977,0.037045628,0.08919263,-0.036999732,-0.27456707,-0.5565627,-0.6840976,-0.77707875,-0.7213599,-0.45530027,-0.40774432,-0.4568149,-0.55431587,-0.3776728,-0.3418616,-0.3591513,-0.2951771,-0.49083817,-0.6033402,-0.7591038,-0.72262657,-0.49443948,-0.2974577,-0.027441883,0.14895132,0.14943919,0.072806984,0.086524814,0.10381965,0.16247752,0.1814242,0.25168028,0.27518186,-0.3049273,-0.8430201,-0.85045385,-0.64033234,-0.6878983,-0.67192674,-0.7577857,-0.8335086,-0.6977249,-0.74964213,-0.65022326,-0.713179,-0.7056791,-0.63163304,-0.60759854,-0.56353915,-0.48156467,-0.59487665,-0.6480165,-0.49724945,-0.41832167,-0.38976753,-0.46807295,1.0613134,1.1184431,1.1189456,1.1198729,1.1199433
-0.7047592,-0.6617918,-0.9983634,-0.9992071,-1.1851304,-1.2666152,-1.2817749,-1.3291342,-1.548601,-1.2872323,-1.2950938,-1.3384714,-1.3347349,-1.6601527,-2.237772,-2.1972742,-1.6421542,-0.84865487,-0.2423785,-0.5355676,-0.7265322,-1.0137899,-1.3524626,-1.5954912,-1.7176179,-1.3726742,-1.2127409,-1.9490432,-2.3151097,-2.305589,-2.448468,-2.3009415,-1.6063323,-1.1982297,-1.1605775,-1.2667248,-1.5611184,-1.5771861,-1.6688786,-1.7892349,-1.7409213,-1.631762,-1.563072,-1.5672979,-1.6008654,-1.6063827,-1.4409213,-0.87157977,-0.11156398,0.76323587,1.5515499,2.271641,3.4515386,3.6124706,3.3727534,3.2058356,1.7375708,0.13503274,-0.791185,-1.6474813,-2.0835505,-2.2614825,-2.1573577,-1.4995509,-0.04304096,1.0519456,1.3171105,1.0349197,0.95952636,1.7433361,2.573956,2.8194554,2.8245955,2.8012366,2.854384,2.7740078,2.8002248,2.7661853,2.5209546,1.8583038,1.6021352,0.8943377,0.29775304,-0.20645913,-0.5438939,-1.0133228,-1.6147211,-2.1321929,-2.4477606,-2.3767,-2.2718003,-2.2083602,-2.0720263,-1.6341469,-0.7165319,0.33574468,1.1729668,1.5178012,0.8254477,-0.4650164,-1.441133,-1.8943585,-2.0748954,-1.8853385,-1.2539706,0.4858869,2.8940382,4.642337,4.6973844,5.353392,6.161216,6.3451385,6.5911283,6.6972933,6.8380404,6.9152,6.892334,6.2843733,4.87396,2.6364756,0.9749791,-0.23087081,-0.8311733,-0.83927864,-1.0531104,-1.7640736,-2.303963,-2.3919897,-1.9549999,-1.855334,-2.4057078,-2.5218968,-1.8321686,-1.3172278,-1.2516272,-1.4003875,-1.4668155,-1.5614508,-1.842557,-2.0772498,-2.0206852,-1.7627215,-1.3052874,-1.2000632,-1.3095626,-1.1557639,-0.6390523,-0.21081997,-0.06966901,0.08827089,0.26850468,0.37121162,0.24907342,0.00044170022,0.041732054,0.23102203,0.5497568,-0.13476825,-0.6075578,-1.0198957,-1.1482925,-1.4713039,-1.9182758,-2.2957182,-2.585123,-2.7248778,-2.6081285,-2.2337582,-1.3215531,-0.75218725,-1.2029014,-1.7091687,-1.8107827,-1.8113135,-1.956836,-2.272109,-2.1457102,-1.2595706,-0.8774119,-0.53474224,-0.2198607,0.20587002,0.11249685,-0.7805979,-1.5486931,-1.9693434,-2.004241,-1.9205372,-1.7595625,-1.6054509,-1.3432145,-1.0919366,-0.8576225,-0.60948235,-0.48100066,-0.4337669,-0.46266437,-0.6509617,-0.98019695,-1.4250486,-1.596257,-1.4268483,-1.3060571,-1.2900555,-1.3939829,-1.6466787,-1.9210466,-2.1745677,-2.5501277,-2.8285675,-2.966782,-2.8597665,-2.5772626,-2.2287843,-1.828311,-1.3034632,-0.6146214,-0.1113414,0.06680658,-0.14590484,-0.11673029,-0.17130734,-0.11876087,-0.3071617,-0.54638124,-0.6644523,-0.73089004,-0.41075894,0.49082482,1.2660075,1.7256172,2.1034596,2.1252978,2.1340427,2.132104,2.0271654,1.812733,2.0022097,2.1632338,2.149605,1.6264188,1.1667659,0.5477185,-0.54811406,-1.3233593,-1.3503292,-1.276735,-1.2351935,-1.3864584,-1.4047054,-1.3632829,-1.498281,-1.4115727,-1.5171214,-1.5854574,-1.6915554,-1.4942412,-1.4973953,-1.6720114,-1.3756099,-1.0816011,-0.81217664,-1.0322382,-1.0900409,0.43703306,0.45945328,0.45953748,0.45990634,0.45995593
0.28758505,-0.29351112,-0.49739677,-0.19343954,-0.2832454,-0.32225874,-0.22864151,-0.24000174,-1.2775433,-1.5851204,-1.7047718,-1.6668705,-1.5557519,-1.6086178,-1.8329151,-2.032074,-1.8862004,-1.2894473,0.1111123,1.5476558,2.3071258,2.861274,3.0047421,2.9216695,2.754846,2.5936184,3.0948591,3.8129427,5.399013,6.1003437,6.0658417,5.8738317,4.308692,2.4578772,1.6520838,0.9622271,0.30694377,-0.60975504,-1.3146472,-1.7832015,-2.0910501,-2.2804472,-2.4401002,-2.5535011,-2.6267796,-2.7018905,-2.7493324,-2.6510067,-1.95699,-0.85091853,-0.75874645,-1.0635331,-1.288935,-1.4608418,-1.5339217,-1.3629656,-1.3036504,-1.1481314,-1.0189164,-0.80777466,-0.5607233,-0.6583866,-0.94389343,-1.7637544,-2.3809752,-2.1409624,-1.8292198,-1.5978584,-1.4575101,-1.2705395,-0.78416485,-0.5710098,-0.51346874,-0.5399439,-0.5333161,-0.5555297,-0.57455736,-0.55914223,-0.4213151,0.030894414,0.20705113,0.31399393,-0.1492572,-0.5638638,-0.78518355,-1.3275275,-1.9193124,-2.2060447,-2.534501,-2.5487013,-2.4767597,-2.4840815,-2.4862237,-2.353064,-1.9977411,-1.3342873,-0.75389445,-0.64774334,-1.1932161,-1.8769798,-2.680784,-2.957068,-2.9819055,-2.9340572,-2.8428688,-2.6582167,-2.2762904,-1.7402049,-1.5564094,-1.2794452,-0.6707984,-0.42633164,-0.40488404,-0.5186487,-0.6050232,-0.681315,-0.70457625,-0.20156285,0.29714376,0.2276756,0.2465244,0.016681165,-0.059018046,-0.07445216,-0.56851,-0.8132406,-0.86288154,-1.058151,-1.2181392,-1.183621,-1.9521084,-2.6367798,-2.7629616,-2.9415665,-2.931778,-2.774764,-2.50043,-2.192215,-1.8884807,-1.6198571,-1.2975645,-0.70217216,0.4821147,1.3504908,1.3145585,1.1612573,0.93146664,0.87167937,0.8861096,0.86625844,0.81751317,0.81695616,0.897336,1.0471823,0.9787262,0.7790037,0.57659715,-0.24448845,-0.8178529,-0.93433124,-0.43702304,-0.15540367,0.17435151,0.52297974,1.3908617,4.874876,7.312645,9.157015,10.659721,10.90745,10.659241,10.444519,10.342711,10.368103,10.067801,8.85839,5.88089,2.497683,1.4940631,1.0884105,0.406316,-0.16175726,-0.29700476,-0.01795964,-0.12911189,-0.04955659,-0.035969906,-0.089296944,-0.24334754,-0.4127351,-0.8593097,-1.5789722,-2.0727282,-2.4514728,-2.556029,-2.453846,-2.1738374,-1.753072,-1.2029393,-0.7502177,-0.51328963,-0.49175033,-0.51422167,-0.4515402,-0.4855556,-0.6310374,-0.81170225,-1.056223,-1.3616247,-1.591524,-1.7500908,-1.8845372,-1.9166603,-1.8661963,-1.817203,-1.6621265,-1.3668972,-1.0551691,-1.1131186,-1.112104,-1.0970187,-0.5677125,-0.31181073,-0.44113588,-0.10429317,0.13843048,0.26717603,0.07725084,-0.25840402,-0.32937306,-0.33095145,0.003758669,0.2246353,0.1820488,-0.10445839,-0.3935941,-0.5562632,-0.46319622,-0.180951,0.2964658,0.3256663,0.63150424,1.0984867,1.3244786,1.3996809,1.3676732,1.4038575,1.3572866,1.294126,1.2294908,1.2062788,1.4005573,1.5833752,1.4595411,1.401684,1.4053935,1.3536534,1.4714863,1.2750356,0.99867857,0.78993976,0.73817456,0.8210706,1.0990608,1.4786028,1.4973012,1.4974825,1.4979252,1.4979565
-2.1518035,-2.665268,-2.9740465,-2.8384316,-2.8806217,-2.9426885,-2.940296,-2.9301205,-3.4213083,-3.3800564,-3.325965,-3.2634945,-3.2608404,-3.6892715,-4.0313954,-4.06818,-3.8156705,-3.1285677,-1.644083,-0.6535733,-0.32317752,-0.37752575,-0.6930635,-0.8873677,-0.9672442,-1.1793139,-0.95222807,-0.9802651,-0.40689838,-0.29724193,-0.67474216,-0.9340894,-1.4641232,-1.834234,-2.0261528,-2.262409,-2.5264306,-2.791846,-2.9827847,-3.1333294,-3.215479,-3.273425,-3.3627324,-3.450327,-3.5509562,-3.6873834,-3.7823305,-3.768446,-3.3428886,-2.477324,-2.22622,-2.2306774,-1.9329399,-1.8006768,-1.7987099,-1.6067481,-1.7202196,-1.2453066,-1.0091829,-0.784273,-0.64241296,-0.80424154,-1.2131993,-2.0749702,-2.5737526,-2.092117,-1.7632902,-1.505982,-1.509977,-1.4098755,-0.8150755,-0.43696365,-0.34693855,-0.33244303,-0.3056412,-0.39696863,-0.45680118,-0.5083175,-0.88514507,-0.8009457,-0.6070627,0.0639126,0.26527798,-0.15713459,-0.6265484,-1.3120785,-1.898278,-2.4207299,-3.2811875,-3.409101,-3.331085,-3.291308,-3.2024946,-2.880461,-2.3802226,-1.7531171,-1.1514143,-1.1118598,-1.5547047,-2.1722932,-2.7966652,-3.2391608,-3.6054633,-3.7391663,-3.7167816,-3.4515605,-3.043683,-2.3688889,-1.5586507,-0.48497614,0.5443661,0.7060597,0.613956,0.52338564,0.42982158,0.2817574,0.029218972,-0.43979618,-0.9552204,-1.1782944,-0.58017224,-0.26771367,0.016547602,0.3456418,0.29552725,-0.06737619,-0.6768417,-1.3867986,-1.4966383,-1.2953196,-2.2434077,-3.1452804,-3.555038,-3.8298526,-3.6786096,-3.4851646,-3.2751088,-3.190834,-3.2715282,-3.310801,-3.2676005,-3.104971,-2.609669,-1.799382,-1.4384596,-1.0935876,-0.6698125,-0.43643713,-0.3556851,-0.40077233,-0.39496252,-0.34407955,-0.34974396,-0.3550378,-0.45421073,-0.81056786,-1.17755,-2.2138538,-2.6469176,-2.8412104,-2.5528502,-2.4401774,-2.3225498,-2.2494538,-2.04779,-1.0432725,-0.22163405,0.04282685,0.67338324,1.3710632,0.8528019,0.39066923,0.1036431,0.080807775,0.30462325,0.18293014,0.4163437,0.798772,1.205805,1.2909982,1.3317399,0.68352395,0.4754094,0.61866593,0.25225785,0.07455036,-0.26936567,-0.6309609,-0.9952285,-1.2218968,-1.431874,-1.7451626,-2.053815,-2.238008,-2.1813786,-1.9641786,-1.6853635,-1.4815738,-1.4698627,-1.7548422,-2.1772656,-2.3496685,-2.3765113,-2.3543024,-2.324735,-2.2524352,-2.0252743,-1.8483719,-1.8211488,-2.0110712,-2.2028084,-2.4435759,-2.6200476,-2.7198749,-2.774104,-2.7604642,-2.6761365,-2.477014,-2.3255107,-2.2264907,-2.2314472,-1.7211709,-1.384651,-1.3950698,-0.97013295,-0.78581357,-0.78215533,-0.72385216,-0.8574287,-0.7498583,-0.8191091,-0.6106757,-0.59955084,-0.8338562,-1.1958743,-1.5000026,-1.735668,-1.5964677,-1.4278888,-1.1435131,-1.5497105,-1.8313737,-1.8283966,-1.8598669,-1.8475031,-1.8288318,-1.8484619,-1.9260751,-1.9754839,-1.955843,-1.9208305,-1.8257399,-1.7548442,-1.8441563,-1.8897592,-1.9435012,-1.9196696,-1.8762889,-2.0577624,-2.228627,-2.3471956,-2.4319131,-2.4544754,-2.2676535,-2.0544972,-2.0391636,-2.0391226,-2.0389676,-2.0389667
-2.9677203,-2.990032,-2.8872762,-2.6096373,-2.2776995,-2.305304,-2.1394086,-2.1279967,-1.9971054,-1.8972716,-1.697217,-1.4571879,-1.232638,-1.3137274,-1.7553881,-2.23883,-2.78287,-3.1940536,-3.3317413,-2.714562,-2.4454236,-2.19981,-2.292883,-2.3685164,-2.5093973,-2.7253377,-2.9759104,-3.08774,-2.1037314,-1.5789299,-1.1070508,-0.61196685,0.017341774,0.13392739,0.0017920658,-0.25045133,-0.45716262,-1.00204,-1.9117486,-2.6329794,-3.0086453,-3.195077,-3.279201,-3.2981567,-3.2852604,-3.286457,-3.3219955,-3.5429363,-3.8899493,-3.4185321,-2.5553808,-2.3136911,-2.244159,-2.1199312,-1.9645549,-1.5404277,-1.0157672,-0.9736462,-0.9849241,-0.7840066,-0.60019875,-0.81972533,-1.3759788,-1.8135402,-2.0395477,-2.248199,-1.9649291,-1.6499907,-1.6168661,-2.0706427,-2.252148,-2.2920997,-2.4236083,-2.538672,-2.5352747,-2.5291653,-2.5657003,-2.7507167,-3.0454314,-2.8480697,-2.6559172,-2.464754,-1.9949276,-2.0691302,-2.3755765,-2.8600965,-2.9077482,-2.5511508,-2.7542956,-3.0080972,-3.0950809,-3.1341276,-3.179286,-3.3180735,-3.4752283,-3.5154862,-3.1927881,-2.590899,-1.9119482,-1.5584165,-1.5766394,-1.5519602,-1.7788323,-2.0466213,-2.3286667,-2.6659386,-2.8440492,-2.8969412,-2.7374935,-2.629678,-2.332975,-2.2880278,-2.3214273,-2.3153229,-2.3876214,-2.4914646,-2.6226516,-3.1290038,-3.0694687,-2.5699725,-2.1622505,-1.5215647,-1.026432,-0.9600313,-1.1982386,-1.2691057,-1.0843475,-0.69414234,-0.3212787,-0.25910723,-0.38313952,-0.14056957,-0.5540045,-1.2182281,-1.7526362,-1.9643667,-2.173511,-2.2254624,-2.29959,-2.445559,-2.5914404,-2.7401066,-3.0141306,-3.3828902,-3.2229652,-2.8912168,-2.482663,-2.2106085,-2.0413294,-1.9921802,-1.9470599,-1.8976403,-1.8953397,-1.8515986,-1.8038077,-1.6381162,-1.3883911,-0.5033149,-0.37467465,-1.1041676,-1.7219895,-2.2022061,-2.602481,-2.7224503,-2.654242,-2.6452425,-2.29531,-1.9863284,-1.2362527,-0.9705764,-1.1754003,-1.3002001,-1.3363714,-1.112388,-0.82084215,-1.2531418,-1.4378426,-1.4018631,-1.406332,-1.52372,-1.5091854,-1.1320964,-1.0517019,-1.0248686,-0.8139006,-0.41198856,-0.2553277,-0.38554183,-0.7449635,-0.91520894,-0.84295076,-0.36653095,0.26862907,1.554424,3.2042997,5.3592176,6.9434133,8.1399765,9.216168,10.337385,11.10969,11.516844,11.614103,11.531547,11.242116,10.716634,9.659972,8.32465,6.2660074,3.9562826,1.7606306,-0.1696006,-0.9255615,-1.2592431,-1.2844937,-1.3007143,-1.25719,-1.3001869,-1.0748199,-0.8678563,-0.8292225,-1.1961263,-1.3276242,-1.3523649,-1.447335,-1.4393933,-1.3465648,-1.2308427,-1.3451135,-1.4166614,-1.5933462,-1.7300406,-1.8557003,-1.9024291,-2.0400388,-2.025616,-1.9639242,-1.9670963,-2.0389776,-2.0985565,-2.094976,-2.4293957,-2.8312051,-2.8187752,-2.8037047,-2.8753266,-2.9623852,-2.9363112,-2.8919992,-2.8778167,-2.8597674,-2.7357998,-2.6967344,-2.6880128,-2.6838763,-2.6563025,-2.7656202,-2.67668,-2.5839047,-2.7220085,-2.645176,-2.6404927,-2.4522364,-2.4328516,-0.9907118,-1.0025027,-1.0027461,-1.0036465,-1.0037868
-1.3234055,-1.2378708,-1.369173,-1.5301948,-1.4897492,-1.270309,-1.2030183,-1.1627768,-0.6895511,-0.37893325,0.07623276,0.14578947,0.10537183,0.32623705,0.7033636,0.8895834,0.58483315,-0.039187506,-0.65146965,-1.3176143,-1.5682349,-1.6099626,-1.2467542,-0.8682699,-0.5737546,-0.9385287,-1.4130995,-1.4333124,-1.4728441,-1.3260386,-1.1261171,-0.9257773,-0.31940806,0.62510866,1.3938596,2.7550335,4.5463986,6.632065,8.122412,8.834631,9.116878,9.246013,9.273621,9.277434,9.288589,9.279917,9.177365,8.678243,8.126858,5.9310455,2.6441023,0.9875741,-0.11389229,-0.3875085,-0.50426495,-0.5659675,-0.61898804,-1.112445,-1.5588768,-2.0599835,-2.2306435,-2.2614398,-2.3170228,-2.1245806,-2.0501812,-1.9087863,-1.6940995,-1.6291417,-1.6436508,-1.5408971,-1.6104809,-1.6529443,-1.6324046,-1.5344118,-1.4829557,-1.4582154,-1.4834081,-1.3603771,-1.0217414,-0.3982212,-0.39580685,-0.07301075,0.43257973,1.7484832,3.1540618,4.8046365,6.145866,7.035645,7.8588276,7.9433074,7.8912015,7.8767447,7.8446074,7.727334,7.306712,6.0273886,2.944245,0.7829881,-0.3856402,-0.86490846,-0.35285208,-0.090277776,0.259602,0.40957385,0.37287962,0.021637712,-0.4722389,-1.0034754,-1.4848969,-2.2769504,-2.586347,-2.438918,-2.3037562,-2.1944637,-2.058286,-1.9830605,-1.9654812,-2.04283,-1.9527365,-1.8815259,-1.9320576,-1.6731973,-1.5883327,-1.6985676,-1.6147931,-1.3562226,-1.3381518,-1.4908615,-1.4861238,-1.3330431,-0.71944773,-0.48743567,-0.43728727,0.24390674,1.3439205,1.8323759,2.028201,1.9648356,2.0699651,2.256347,2.1967628,2.088759,1.8659676,1.4488289,0.96061885,0.48408428,-0.12554179,-0.49529642,-0.6772089,-0.7416673,-0.82729995,-0.8757221,-0.79557043,-0.74551046,-0.9025148,-1.3831686,-2.3678515,-3.0516996,-2.7099342,-1.7699453,-1.050801,-0.44124287,0.089910686,0.32217622,0.15958163,-0.60728955,-0.6634792,-0.88335955,-2.1941724,-2.5574863,-2.1801248,-1.9162774,-1.8148468,-1.9213481,-1.9225106,-1.6512728,-1.5432159,-1.4078004,-1.3828962,-1.439645,-1.479151,-1.6348641,-1.7430673,-2.4473128,-2.6902103,-2.8265095,-3.0126896,-3.1162987,-3.0592437,-2.9294038,-2.6519632,-2.305828,-2.2255163,-2.0822248,-2.056515,-2.0807457,-2.1303937,-2.1571627,-2.200239,-2.1725936,-2.0064335,-1.9712827,-1.9567789,-2.0140803,-2.0748968,-1.8725127,-1.369571,-0.7050812,0.17512646,0.8474326,1.3271453,1.5397408,1.3930478,1.0576303,0.78012234,0.40324107,-0.11488479,-0.6698929,-1.0484883,-1.3127986,-1.4553516,-1.6043289,-1.7187529,-1.6322743,-1.4631681,-1.3172426,-1.2006612,-1.2553926,-1.2961382,-1.442186,-1.5888957,-1.7000277,-1.7034278,-1.754379,-1.7596095,-1.7536585,-1.8370268,-1.8169003,-1.8288882,-1.8812358,-1.9681797,-2.302281,-2.3189569,-2.0797997,-2.000014,-1.9525067,-2.0463514,-2.1076443,-2.006224,-2.0235324,-1.9479053,-1.9218913,-1.9792192,-1.9765555,-1.9843931,-2.028457,-2.1450472,-2.2565608,-2.2801478,-2.3984592,-2.7201753,-2.7952747,-2.7218876,-2.6972797,-3.4708412,-3.4608774,-3.4608366,-3.4607155,-3.460688
-5.5436873,-5.492236,-5.6059527,-5.568349,-5.643456,-5.696254,-5.740198,-5.7800255,-5.7244234,-5.1919746,-4.774455,-4.544043,-4.4206777,-4.674516,-5.0751467,-5.050138,-5.03417,-4.9185133,-4.5361633,-4.0124044,-3.5862317,-3.379248,-3.394714,-3.373937,-3.3306909,-3.329796,-2.984383,-3.223308,-2.671366,-2.368229,-2.5564952,-2.5473769,-2.435429,-2.5775633,-2.826229,-3.1820073,-3.5513067,-3.8354144,-4.0239544,-4.1678967,-4.186799,-4.1610255,-4.1702294,-4.20538,-4.275957,-4.3890595,-4.451629,-4.4131455,-4.0105,-3.6986938,-3.537484,-3.2394464,-2.40517,-1.8973029,-1.6606355,-0.9799083,-0.87181175,-0.917064,-0.9225477,-0.9565376,-1.1381714,-1.6188338,-2.3364744,-3.209946,-3.870234,-3.7508585,-3.700444,-3.7010086,-3.9275436,-3.9098694,-3.3141437,-2.9039025,-2.8074832,-2.760427,-2.688076,-2.8070898,-2.898418,-3.1149342,-4.013232,-4.6266255,-4.5471964,-3.8088906,-3.2678587,-3.312747,-3.5569406,-4.0528746,-4.3115172,-4.5435686,-4.7126837,-4.7084455,-4.7266636,-4.721327,-4.688445,-4.5878654,-4.319902,-3.7785456,-3.2900686,-3.0385787,-3.445662,-4.3104963,-5.031721,-5.3190627,-5.471067,-5.431114,-5.246691,-4.806268,-4.174855,-3.6249278,-3.1550179,-2.2846432,-1.301532,-1.1360774,-1.1751716,-1.1280844,-1.1351373,-1.351875,-1.7195604,-3.0295477,-4.345587,-5.017391,-4.5322433,-3.8940673,-3.4950857,-3.349662,-3.4084754,-3.5822816,-3.8237495,-4.038105,-3.918401,-3.6192408,-3.8274384,-4.3687897,-4.9101715,-5.1089573,-5.0907097,-5.0824256,-5.131443,-5.1826434,-5.1316094,-4.8378034,-4.5947976,-4.278503,-3.786756,-3.5450218,-3.7610507,-3.9438064,-3.7151928,-3.3411324,-3.0782604,-2.8988798,-2.6698382,-2.4514537,-2.3454444,-2.1977677,-2.0634332,-1.9043132,-2.1466541,-3.4931722,-3.8445675,-3.9340518,-3.607637,-3.5708728,-3.66358,-3.7477374,-3.779937,-3.8778386,-3.8134966,-4.0960345,-4.1482067,-3.6501722,-4.308315,-4.7814956,-4.904801,-4.7261057,-4.301235,-4.314539,-4.086256,-3.194919,-2.664143,-2.492805,-2.0773427,-1.7298926,-1.6399198,-1.4062173,-1.1724724,-0.8476845,-0.9486135,-1.3391558,-1.7368125,-1.9688373,-2.1774857,-2.4223442,-2.7497282,-3.0280986,-3.1083145,-3.1033607,-3.0541732,-3.1221185,-3.3695307,-3.5928464,-3.4938717,-3.2578583,-3.1339118,-3.12333,-3.1722877,-3.1197267,-2.8003442,-2.5621786,-2.6258173,-2.8676767,-3.0519786,-3.2678356,-3.4939513,-3.6871524,-3.7154918,-3.6756682,-3.577507,-3.434373,-3.1835628,-3.047093,-2.9950585,-2.9145257,-2.89394,-2.8966799,-2.844306,-2.7962384,-2.793201,-2.7647986,-2.6344948,-2.4146514,-2.2763062,-2.0403385,-2.009945,-2.2359955,-2.5507493,-2.736023,-3.0033252,-2.8507938,-2.6918256,-2.5456848,-2.9286542,-3.5073419,-4.1503325,-4.7333183,-5.1345215,-5.1706123,-5.149653,-5.13795,-5.236005,-5.217388,-5.2330256,-5.204511,-5.1237373,-5.174765,-5.240741,-5.2667747,-5.193567,-5.138197,-5.294158,-5.266272,-5.06846,-4.991161,-5.023755,-5.009109,-3.774108,-3.7447906,-3.7446482,-3.7445009,-3.7445264
-0.34940514,-0.7098873,-0.85245603,-0.809402,-0.72802716,-0.47400445,-0.28971332,-0.18909544,-0.9988992,-1.4998324,-1.6746091,-1.6754217,-1.6319568,-1.6299827,-1.4098655,-1.0785432,-0.24655797,0.6939493,1.4689343,1.8777831,2.197741,2.4086075,2.0887504,1.7765988,1.4893126,1.3034728,1.4571192,1.7119476,1.7936723,1.8948529,1.6915148,1.3345115,0.23095477,-0.528317,-0.6829823,-0.6962596,-0.90139383,-1.206846,-1.2952788,-1.0096486,-0.6571869,-0.45245916,-0.29921532,-0.08507766,0.059197694,0.119018346,0.2790231,1.1538252,1.6873338,2.4789119,2.8645906,2.6364594,2.2047315,1.639287,1.1439661,0.5469321,-0.51618123,-1.5793588,-1.9755642,-1.9953709,-1.7596227,-1.7958777,-1.8820146,-2.250514,-2.0663595,-1.6601689,-1.5833268,-1.467692,-1.1433532,-0.44059923,0.50085855,1.0066534,1.0308783,0.959939,0.93156534,0.94452804,1.0188394,1.4770432,3.6471055,7.29071,9.158424,9.840376,9.949155,9.748053,9.30234,8.558001,7.640039,6.221896,3.4337182,2.5933218,2.759242,2.849402,3.0424662,3.8796382,5.376892,7.006955,8.357319,8.761625,8.37853,7.1102195,5.597989,4.565682,3.3399363,2.5123372,2.0416114,2.011187,1.9389076,1.7524229,1.1996648,1.6388607,2.5334415,2.791567,2.7948065,2.5316243,2.3794937,2.4745648,2.6491187,4.8433967,7.11327,8.63044,9.581049,10.496712,11.1058855,11.412315,11.3772745,10.888691,10.251785,9.254967,8.551554,6.2754073,1.8901842,-0.038954265,-0.5732021,-0.6714057,-0.6540057,-0.68997514,-0.6215714,-0.5769823,-0.6979081,-0.8570691,-0.82510877,-0.77638215,-0.6763348,-0.97470456,-1.033496,-0.7062585,-0.052527256,0.2531392,0.33861312,0.33386707,0.28275222,0.17459351,-0.016646624,-0.090376,-0.12523872,-0.26073632,-0.426175,-1.0195946,-1.5766516,-2.057427,-1.8855627,-1.7725141,-1.7017937,-1.6246216,-1.3524873,-0.20336181,0.03305301,-0.12923536,1.5426295,2.9786935,3.8930824,4.2521544,4.1266646,4.7837,7.229389,8.746131,10.166635,10.781082,10.764324,10.601273,10.30865,9.087977,7.3470526,3.839136,0.8258399,-0.75946516,-0.6586257,-0.6008639,-0.8426922,-1.0885948,-1.5517933,-2.0645685,-2.208305,-2.0658002,-1.8052983,-1.4582835,-1.1741252,-0.97062707,-0.7982346,-0.6257406,-0.33179796,-0.2785609,-0.27296764,-0.3388147,-0.6359569,-0.9603923,-1.344587,-1.689311,-1.9221425,-1.969542,-1.969301,-1.8491273,-1.6734356,-1.3697131,-1.1464564,-0.79422426,-0.44548178,-0.031957783,-0.014385708,0.0046299137,0.082026385,0.3511429,0.40788049,0.13966206,-0.17440063,-0.20534006,-0.4820667,-0.8689718,-0.7543258,-0.33407372,-0.07688171,0.41090438,0.66921234,0.83157086,0.738887,0.3294014,-0.05479747,0.083275616,0.45627695,0.93970644,0.90624726,1.0569423,1.3589272,1.5666144,1.7695053,1.818913,1.7738098,1.7681541,1.7886302,1.7080286,1.8438237,1.994756,2.0021157,1.9611362,1.9444056,1.8468618,1.662193,1.4090842,1.2405553,1.1294596,0.48094314,0.30522588,0.20867449,0.38022345,0.3003037,0.31348252,0.31358123,0.31433582,0.3144333
-1.3929698,-0.91242516,-0.74232787,-1.0174437,-0.98329747,-0.74135256,-0.8533733,-0.82458055,0.3969733,1.1103425,1.8524821,2.124843,2.4029393,2.4276521,2.6888738,2.8840728,2.7408247,2.2564344,1.2037417,-0.47632858,-1.1134194,-1.2897576,-1.0260205,-0.63744813,-0.45375642,-0.732519,-0.78075427,-0.37655059,-0.51110554,-0.3087451,-0.33568883,-0.39285356,-0.5124639,-0.07540235,0.38828287,1.0070274,1.7687814,2.4479127,2.9727151,3.3647895,3.5659325,3.6256232,3.6946135,3.6917644,3.6559443,3.6344748,3.5375056,3.1690936,2.454614,1.0326619,0.11409369,0.10029319,0.07825581,0.012522664,-0.04527627,-0.4524294,-0.82016844,-0.13080746,0.53687686,0.8843478,0.9863506,0.9819662,0.62783974,0.06047535,-0.5567486,-0.9222278,-0.9382385,-0.8218894,-0.20340061,0.35446367,0.3289187,0.1830664,0.21178123,0.2890849,0.24148309,0.23190024,0.19576958,0.17414133,0.12084389,0.0472956,-0.1881718,-0.7153719,-0.68971777,-0.16617137,0.3201759,1.3573195,2.3736825,2.9530616,3.9520912,4.096035,3.9922109,3.9215908,3.753169,3.4070094,2.4913101,1.1379163,-0.38027427,-0.9493171,-0.58100647,0.30148828,1.2747749,1.8080411,2.3935213,2.766841,2.9906375,3.1198068,3.0688672,2.5774367,1.657262,0.24812743,-0.872238,-0.94437695,-0.976131,-0.91111803,-0.8381734,-0.8535998,-0.86717737,-1.3513198,-1.9319633,-1.4803078,-1.1423415,-0.8742494,-0.73694324,-0.7915741,-0.63198406,-0.3002653,-0.081873626,-0.21009219,-0.45586064,-0.5854119,-0.33229885,-0.37124306,-0.55776167,-0.30144438,-0.16271412,0.13955984,0.44787028,0.72495663,1.1263531,1.4663559,1.4568291,1.3046587,1.0005953,0.7463233,0.59983647,0.5358919,0.20185815,-0.16780403,-0.39803234,-0.5585585,-0.70730466,-0.8431045,-0.846308,-1.1026969,-1.4036618,-1.8835111,-1.7019219,0.7155306,2.0719478,6.92391,9.243475,10.066235,10.29397,10.227367,10.074492,9.134691,7.964617,5.4619966,1.7940898,0.5948009,0.44712275,0.37196717,0.031713903,-0.7554031,-1.3943421,-0.87201047,-0.33029357,-0.13650012,-0.28677294,-0.4147911,-0.60083616,-0.9454967,-1.1483965,-0.6809185,0.19248414,0.60947204,0.55900943,0.45221114,0.40066046,0.34905,0.23533398,0.21576238,-0.05760832,-0.63325655,-0.9645835,-1.1542815,-1.1735048,-1.107362,-1.0568883,-0.914626,-0.24829009,0.7711656,1.3448029,2.1703327,3.9412453,6.154928,8.380091,9.712093,10.904482,11.585296,11.854252,11.841549,11.68483,11.397079,11.038532,10.455807,9.605868,8.540968,7.949757,7.1798315,6.30315,4.349419,2.7877214,2.632349,1.4773858,1.2265296,0.86396426,0.17447147,-0.2572391,-0.57385457,-0.6547352,-0.83001894,-0.89146316,-0.98619235,-1.0320904,-1.0520246,-1.1457598,-1.198295,-1.251376,-1.3203294,-1.4566582,-1.8220447,-1.7240696,-1.5607493,-1.1887114,-1.1416924,-1.296879,-1.414321,-1.2176867,-1.1935179,-1.1689491,-1.1649154,-1.2578427,-1.2399395,-1.3506117,-1.404226,-1.6114703,-1.6164876,-1.6566032,-1.8110354,-2.0710716,-2.2008119,-2.120063,-2.0763993,-2.7869687,-2.8062782,-2.80664,-2.807195,-2.8072596
-3.6344776,-3.8651028,-3.941995,-3.836039,-3.7704897,-3.7498384,-3.696268,-3.6870975,-3.5885527,-3.4582472,-3.1074438,-2.9225554,-2.794127,-2.685955,-2.805053,-3.0037327,-3.4408474,-3.8547606,-3.8857837,-3.15873,-2.6592453,-2.1701794,-1.8150187,-1.567842,-1.4231353,-1.3808947,-1.0411618,-1.0228257,-1.2377238,-1.2274642,-1.1976625,-0.98080915,-0.73803306,-1.2619967,-1.6470613,-2.098457,-2.3919754,-2.5180187,-2.5116146,-2.4327726,-2.3149757,-2.241354,-2.2060542,-2.2118092,-2.2600174,-2.3746226,-2.5425305,-2.863927,-3.0019426,-2.497294,-2.0141795,-1.2745945,0.74677986,2.839807,4.693721,7.66671,10.8087635,11.698487,11.011164,9.498381,7.4498496,5.0360575,1.7115216,-1.3876263,-3.1063442,-3.4003158,-3.2396903,-2.9956934,-2.9645946,-2.996817,-2.637945,-2.305945,-2.2582753,-2.2689004,-2.2659183,-2.3322177,-2.3866613,-2.5233216,-3.1046968,-3.3183339,-3.09262,-2.3385105,-1.7321364,-1.773531,-1.8995453,-2.2634525,-2.5516703,-2.6199207,-2.4238648,-2.3390923,-2.42692,-2.4560118,-2.5044272,-2.6966004,-3.0273614,-3.2191422,-2.9544196,-2.4427257,-1.7672741,-1.7864865,-2.0836277,-2.1635828,-2.2891102,-2.4416032,-2.7287831,-3.180853,-3.5799088,-3.673368,-3.4621716,-3.29781,-2.710136,-2.4439082,-2.4129758,-2.3310132,-2.3137474,-2.4487674,-2.6989987,-3.6368687,-3.9383397,-3.0063102,-1.7236706,-1.1258433,-0.99827415,-0.9997037,-1.0108886,-0.8516315,-0.66531754,-0.22428171,0.28755975,0.41361347,-0.09803754,-0.79510355,-1.7436478,-1.9317074,-2.0784202,-2.1420565,-2.2619798,-2.331716,-2.28092,-2.0326762,-1.97851,-1.9734712,-1.9955645,-1.8499141,-1.9258097,-2.1501637,-2.2228386,-2.2053628,-2.1081867,-1.9982287,-1.8471813,-1.6826556,-1.5923542,-1.2798071,-0.9135465,-0.19731516,-0.25039026,-1.0050535,-1.0519147,-1.1941891,-1.3488147,-1.486538,-1.5845497,-1.5634027,-1.4895613,-1.6052516,-1.5505788,-1.5313451,-1.8625878,-1.8388627,-2.1249692,-2.5400622,-2.7179809,-2.724111,-2.425801,-2.2140307,-1.199855,1.4912723,2.8722339,3.5922961,5.3618383,8.367121,10.205558,11.606592,11.112138,9.573067,7.548524,5.1331563,2.619065,1.0983393,-0.5370232,-1.5392215,-2.1711447,-2.5655808,-2.6954532,-2.7325983,-2.7177024,-2.733763,-2.7613373,-2.549147,-1.8865646,-1.4845383,-1.4432617,-1.475203,-1.5022776,-1.3092544,-0.8837123,-0.52625227,-0.33971524,-0.3343535,-0.47442505,-0.77526414,-1.0838062,-1.4829915,-1.6866602,-1.932847,-2.075682,-2.0961282,-1.9219203,-1.8798957,-1.9306598,-2.0104709,-2.0349474,-2.0921278,-2.0983813,-2.0729842,-1.9390243,-1.6882505,-1.6583986,-1.6366274,-1.6694827,-1.7697084,-1.8404734,-1.9738498,-2.1250153,-2.0877972,-2.0970793,-2.1513171,-2.2648745,-2.3221529,-2.5019941,-2.706163,-2.8849616,-2.9424143,-2.9988112,-3.0070815,-3.0377822,-3.009716,-3.0168636,-2.998016,-2.9913144,-2.937448,-2.8604152,-2.8401744,-2.8982553,-2.8879912,-2.923717,-2.8995087,-2.9685292,-3.0141115,-2.9192915,-2.919921,-2.9089022,-2.8953748,-2.035343,-2.0090456,-2.00886,-2.0088434,-2.00889
2.777894,4.369547,5.3755293,5.0372176,5.2410054,5.325496,5.1080737,5.114565,6.752657,7.3451467,7.660816,7.736721,7.942515,8.040405,8.041454,8.11923,7.855244,7.237913,6.567842,5.044385,3.111095,1.1332744,0.6721586,0.8079954,0.8332887,0.5076623,-0.13546312,0.08737329,-0.13486645,-0.24075232,-0.16639692,-0.07992239,-0.0039103776,0.13839482,0.35833615,0.8531753,1.6087797,2.3798223,2.9645617,3.370769,3.6027572,3.7676535,3.854181,3.8553271,3.7318473,3.521161,3.2706528,2.6995535,1.9016421,1.1343164,0.46487635,0.22186375,-0.07126681,-0.281803,-0.40204376,-0.87896544,-1.2589035,-0.8267839,-0.32100344,-0.018399179,-0.20842329,-0.15443578,0.16113079,0.8221663,0.78427845,0.12664203,-0.2850167,-0.33001265,0.48250693,1.2391027,1.2614733,0.90490985,0.913172,1.0610366,1.0864681,1.179567,1.1714451,1.3212192,1.5263917,1.2953365,1.2604389,0.69624186,0.80797124,1.318898,1.9967272,2.9612005,3.1241417,3.1790738,4.200133,4.3237123,4.216809,4.2089944,4.1661534,3.9274573,3.4968758,2.9805212,2.2131226,2.225987,3.9984908,6.3977356,7.5857406,7.8578978,8.226375,8.435316,8.583481,8.533152,8.194645,7.8587847,7.619157,5.9377327,2.8758621,2.181078,2.0032043,1.8789661,1.9597454,2.1535072,2.4036987,2.4498334,1.5220761,0.6236322,0.3707174,0.66341305,0.9256201,1.1346774,1.7941239,2.5313413,3.3336945,4.1295605,4.479301,5.431249,6.279142,5.912337,4.8304257,4.727829,5.400752,5.9121504,6.404248,6.709484,6.9469934,6.9477663,6.7824173,6.5674534,6.064741,5.7733755,5.74518,5.421625,4.148441,3.1324596,2.4171174,1.9459386,1.4402492,1.0490452,0.7431534,0.1773096,-0.059535727,-0.30282387,-0.6446769,-0.015557051,0.6784829,1.6695864,1.8126616,2.2409396,2.6825197,2.8618386,2.6744428,2.0035095,1.9369302,2.8987017,2.549364,1.2097471,1.7329386,1.8411565,1.4779942,0.9723081,0.37999144,0.29222858,0.14101666,-0.18452963,-0.25571,-0.33554545,-0.4867953,-0.9201919,-1.216271,-1.1410222,-0.65989304,-0.47414458,-0.53066605,-0.704004,-0.6294819,-0.49140784,-0.17178439,0.46813196,0.95969814,1.2111946,1.1688133,1.2346756,1.3368366,1.4530652,1.4461682,1.2385861,0.9860352,1.0907105,1.5299672,1.7990466,1.7498485,1.2956045,0.55821675,0.038518947,0.5602682,1.3658006,1.9144361,2.2689862,2.3669388,2.2224934,2.0398726,1.7291176,1.4004672,1.1312525,1.1108766,0.7660894,0.42619124,-0.50999886,-0.84044594,-0.94308424,-1.4298977,-1.4729762,-1.1550375,-0.90973353,-0.50848687,-0.213842,-0.0125620365,-0.147878,-0.22033955,0.055696785,0.41287982,0.5277678,0.5013177,0.33629638,0.16906592,-0.100182414,0.13171285,-0.23888235,-0.7153215,-0.9913253,-0.94791156,-0.82236046,-0.59524727,-0.5712423,-0.5169629,-0.43369594,-0.38407058,-0.29588863,-0.28288448,-0.4086116,-0.33057997,-0.3497769,-0.24360257,-0.20481293,-0.09697369,-0.17371708,-0.18409368,-0.31424433,-0.3386914,-0.6779507,-0.41742244,-0.418913,-0.4189642,-0.41900277,-0.41900045
-2.611572,-1.9683703,-1.5313926,-1.5219316,-1.2442801,-1.065266,-0.9218528,-0.96230006,-0.7976967,-0.89588356,-1.0309095,-1.0739009,-1.2131312,-1.3698916,-1.4730971,-1.1680715,0.10648279,1.825454,3.4343514,4.6638184,5.196321,5.671891,5.909211,5.9267435,5.8381042,5.705308,5.2275357,4.416586,4.0765104,3.219184,2.6554155,1.9181609,0.81009936,0.007065743,-0.4205064,-0.8813502,-1.368604,-1.8962247,-2.3219695,-2.6840463,-2.8526435,-2.9033804,-2.8820465,-2.7796178,-2.6182282,-2.3912523,-2.1326494,-1.58244,-0.8589952,-0.61499554,-0.3481611,-0.32589096,-0.5815705,-0.8639581,-1.002323,-0.7538013,0.014812633,-0.39775562,-0.98752,-1.4521179,-1.6895754,-1.8546145,-2.0139709,-2.5111089,-2.7390811,-2.5901968,-2.0136616,-1.4659411,-1.428855,-1.8496964,-2.0750923,-2.1209753,-2.1419284,-2.226179,-2.1975794,-2.1983728,-2.159276,-2.2322385,-2.1493716,-1.9563358,-1.4666431,-0.9549216,-0.9938422,-1.271965,-1.7843049,-2.294076,-2.173165,-1.957327,-2.4486346,-2.680554,-2.717813,-2.7386727,-2.7151504,-2.6207495,-2.333076,-2.0186474,-1.636251,-1.3645029,-1.6728196,-2.2325866,-2.821234,-3.0203123,-3.2319746,-3.265925,-3.113062,-2.7873626,-2.4792223,-2.2953515,-2.1240802,-1.8970747,-1.6798215,-1.9526119,-2.116892,-2.1572661,-2.2085435,-2.3340435,-2.4103353,-2.3384697,-1.9144663,-1.9035637,-1.3814576,-0.5554813,-0.41564366,-0.5965004,-0.788358,-0.9378965,-1.1503749,-1.5410597,-1.9293587,-2.579187,-2.8939447,-2.7220385,-2.301928,-2.4086628,-2.5677075,-2.5196095,-2.65767,-2.7521846,-2.870277,-2.8207412,-2.5553775,-2.3346152,-2.192037,-2.3622293,-2.5015116,-2.5474243,-2.4341886,-2.1582525,-2.0274005,-1.8729054,-1.7276151,-1.644525,-1.6287856,-1.4665247,-1.2233799,-0.6074653,-0.044356108,-0.6661204,-1.248384,-2.421862,-2.565252,-2.6036532,-2.6766438,-2.6213043,-2.479113,-2.5155172,-2.9796407,-3.4447713,-2.790026,-2.3898597,-3.0275898,-3.1151023,-3.1772604,-2.815823,-2.0982232,-1.9879249,-1.8263903,-1.6187853,-1.5992756,-1.6283429,-1.5080786,-1.084864,-0.9586688,-1.1580509,-1.4060161,-1.3257837,-1.295533,-1.2842803,-1.3243325,-1.3729961,-1.4127738,-1.6268739,-1.7304275,-1.6014215,-1.3653983,-1.089207,-0.9003227,-0.8766039,-0.87952346,-0.6026601,0.018253267,0.45817885,0.5138424,0.41103044,0.2433706,0.043868303,-0.15433389,-0.30621576,-0.7817085,-1.2804775,-1.8056415,-2.2510476,-2.415348,-2.3977413,-2.310998,-2.1135607,-1.9790406,-1.9091289,-2.013049,-2.0622883,-1.901613,-1.9157393,-1.9813979,-1.8805245,-1.594805,-1.6618102,-1.4204342,-1.0645158,-1.1061271,-1.1782241,-1.1800544,-1.2266548,-1.3872378,-1.5838195,-1.7117683,-1.6824212,-1.6304901,-1.5772159,-1.5290812,-1.6551228,-1.7594907,-1.9139996,-2.2480648,-2.5939398,-2.9974966,-3.074052,-3.0951276,-2.9163575,-2.9878109,-3.0209174,-3.089103,-3.110857,-3.077406,-3.007135,-2.991929,-2.948003,-3.000597,-3.004633,-2.9188907,-2.7493043,-2.5764697,-2.5623236,-2.6473198,-2.752664,-0.66311085,-0.59922975,-0.5985839,-0.5975018,-0.5974296
-1.4096308,-1.7588146,-1.6988555,-1.5606494,-1.3744073,-1.2361752,-0.9089106,-0.77585655,-1.4236557,-1.394012,-1.3147905,-1.1545461,-1.0433664,-1.3220549,-1.4551117,-1.2216729,0.2624726,2.5289614,5.0406485,6.5051484,7.031315,7.398509,7.5507226,7.6477475,7.5142245,7.206378,6.7723284,6.0768967,5.343049,4.1993594,3.160091,2.1274962,0.26494923,-1.0513864,-1.4777149,-1.8462744,-2.0929413,-2.3089948,-2.3618855,-2.504471,-2.6429543,-2.7334123,-2.8157544,-2.8563275,-2.8623767,-2.9295225,-3.0130248,-2.8151374,-2.109357,-0.8096732,-0.15285793,-0.35460633,-0.9377862,-1.317322,-1.4477155,-1.4307859,-1.4347031,-1.8126214,-2.1974554,-2.4790082,-2.406756,-2.3516257,-2.1366131,-2.442899,-2.6790009,-2.1297693,-1.4939451,-0.99579847,-1.0398575,-1.3747445,-1.5374932,-1.5456538,-1.416106,-1.401705,-1.3552742,-1.3316696,-1.199772,-1.0875484,-0.5376501,0.35758516,1.0169739,0.97508425,0.34704706,-0.07590701,-0.5239974,-1.2416334,-1.787818,-1.904634,-2.5412402,-2.5959857,-2.4896426,-2.4933956,-2.4797406,-2.2527976,-1.7969798,-0.82759774,-0.07615562,-0.20005023,-1.097476,-1.939431,-2.5794096,-2.745277,-2.7963662,-2.7845771,-2.6247957,-2.3338983,-2.05001,-1.9210215,-1.9776406,-1.7290025,-1.2134064,-1.2234206,-1.3071074,-1.3873954,-1.5146177,-1.6650423,-1.6473784,-1.1503181,-0.28986377,0.13594478,0.6090213,0.4915679,-0.019630417,-0.4366855,-0.8883397,-0.98427033,-0.95931387,-1.019938,-1.1666176,-1.4551295,-2.531489,-2.89615,-2.460972,-2.5098548,-2.7142272,-2.699839,-2.705679,-2.6344347,-2.5579362,-2.4200783,-2.2384048,-1.905411,-1.2301805,-1.2987936,-1.8066337,-2.0505743,-1.8833663,-1.4820762,-1.0833353,-0.8028505,-0.5418643,-0.4043158,-0.29765168,-0.0061684065,0.101976946,0.26701406,0.3659944,-1.2464049,-2.0032654,-2.104739,-1.4426785,-1.1637952,-1.0942066,-1.0623578,-0.86725485,0.034729064,0.27700847,-0.08673984,0.06893107,0.351047,-0.23292288,-0.04900656,-0.03371655,0.38315514,1.4012823,1.8771207,1.3262689,0.39023492,-0.11851144,-0.45547292,-0.8177518,-0.7283831,-0.29393378,-0.56732845,-1.2818918,-1.6422365,-1.850874,-1.9123542,-1.7980208,-1.6624348,-1.5004262,-1.6671154,-1.8800728,-1.9603741,-1.8364503,-1.6032255,-1.3792435,-1.1714942,-0.9384111,-0.7042194,-0.7450175,-0.89310515,-0.9785912,-1.0409224,-1.1876764,-1.4016712,-1.505115,-1.5674922,-1.7286563,-1.7168294,-1.6211336,-1.4825296,-1.3948164,-1.198571,-1.0797794,-0.77755153,-0.43975624,-0.021238357,-0.1387468,-0.22632027,-0.2481305,0.09569788,0.20232388,0.13787529,0.60248417,0.6801054,0.5926611,0.21887226,-0.23141994,-0.42375684,-0.5634367,-0.5597382,-0.6029794,-0.8833072,-1.1156344,-1.2106488,-1.26602,-1.2108647,-1.0263458,-0.8674244,-0.86377704,-0.8021842,-0.27140963,0.42714345,0.6128669,0.44261718,0.2586128,0.2012863,0.21026716,0.15376112,0.05776754,0.17397685,0.14545463,0.2502528,0.21569736,0.25665382,0.057212085,0.045660377,0.11063653,-0.11989769,-0.6111692,-0.6694619,-0.54249406,-0.2854473,-0.43993786,-0.3854295,-0.3848424,-0.38340905,-0.3832523
-0.48860773,-2.0388389,-2.4063106,-2.355727,-2.4379249,-2.4273858,-2.4335432,-2.3690166,-2.7035537,-2.583595,-2.4817917,-2.4219131,-2.3953707,-2.5212255,-3.195374,-3.4667726,-3.3065898,-2.783811,-2.0342069,-1.1855311,-0.613043,-0.36888173,-0.5238112,-0.6384755,-0.7465309,-0.7202353,-0.28859615,-0.41464645,-0.5070249,-0.72975767,-1.0944155,-1.2570878,-1.7201009,-2.2318382,-2.476221,-2.8009486,-3.2047744,-3.4425073,-3.5786805,-3.7514215,-3.8855565,-3.9876585,-4.091858,-4.195909,-4.2978716,-4.4146614,-4.426898,-3.9931288,-2.9762573,-1.5501466,-0.920643,-0.6753377,-0.27840397,-0.14553952,-0.06464644,0.16932756,-0.8855053,-2.0033562,-2.3666742,-2.3276591,-2.0162363,-1.935717,-1.8697448,-2.0464144,-1.7960935,-1.2343978,-1.0614936,-1.0189556,-1.0139618,-0.7049301,-0.18716761,0.17399237,0.19794469,0.10557109,0.07748324,-0.05753249,-0.10629183,-0.33234233,-1.0088487,-1.3443718,-1.3995864,-0.6754084,-0.41961947,-0.6136667,-0.9137989,-1.2374182,-1.9096973,-2.807671,-3.9328284,-4.078118,-3.9677105,-3.9502163,-3.9083333,-3.6108422,-2.883256,-1.7852755,-0.7126529,-0.29871842,-1.0499294,-2.4049315,-3.6550841,-4.0577908,-4.265654,-4.20656,-3.8761005,-3.0823808,-1.9547012,-0.7435514,-0.60503286,0.12505883,1.012105,1.1023147,0.99872625,0.8760217,0.600934,0.29485425,-0.0037753284,-0.77028435,-0.91022575,-1.0529025,-0.8624205,-0.8654655,-1.0567782,-1.047288,-1.1930045,-1.452807,-1.8830667,-2.3572445,-2.5063195,-2.6130078,-3.0303586,-3.551243,-3.553944,-3.7751918,-3.836387,-3.8405643,-3.8369472,-3.8467257,-3.8881888,-3.8086927,-3.5838635,-3.047649,-2.0496948,-1.3562095,-1.3110856,-1.2199584,-0.5610564,0.14067382,0.64128065,0.9746306,1.3201513,1.5598998,1.6217781,1.7725134,1.8980412,1.8955967,1.5616357,-0.24360374,-1.0081277,-1.7987769,-1.8684462,-1.9776971,-2.2426586,-2.5426843,-2.6796699,-2.289055,-1.9403299,-2.3927362,-2.636764,-1.8925109,-2.1908536,-2.4176495,-2.6005592,-2.5179555,-2.3483515,-2.1843784,-1.6726906,-1.1417173,-0.97846043,-0.85436237,-0.7039609,-0.46355075,-0.4671802,-1.2632421,-1.7615513,-1.6065488,-1.4134808,-1.3892745,-1.4408139,-1.5140107,-1.6419511,-1.803822,-1.8533096,-1.7993983,-1.6937501,-1.5102108,-1.349612,-1.2373099,-1.122659,-0.94797665,-0.9652655,-1.003925,-1.0848528,-1.1701845,-1.264292,-1.3608589,-1.383472,-1.4613881,-1.5997344,-1.6264908,-1.5660629,-1.3650142,-1.163877,-0.81781775,-0.43681663,0.10896528,1.079406,2.714535,2.9621863,3.201438,3.1630807,5.5345383,6.591852,6.438501,7.969904,8.446478,9.342326,9.982807,10.6574745,11.176992,11.483244,11.832648,11.926258,11.913305,11.814034,11.711308,11.531993,11.669521,11.764559,11.80563,11.638558,10.814054,9.656062,8.184902,6.800332,6.722008,6.870723,6.9607873,6.832748,6.79947,6.642622,6.438056,6.5290976,6.468727,6.111294,6.0275364,5.97157,5.5721054,5.6448665,5.833384,5.7142353,5.687391,5.200884,5.3442364,3.617561,3.5426068,3.5419102,3.5402622,3.5401487
-0.8843352,-1.3974336,-1.3668753,-0.9507895,-0.46277216,-0.30887282,-0.36481404,-0.44722122,-0.87317854,-1.1430378,-0.7883532,-0.5680352,-0.39670065,-0.49713185,-1.8928685,-2.4934998,-2.3773375,-2.0829546,-1.6662768,-0.81213146,-0.55364984,-0.5667055,-0.95873386,-1.1642573,-1.5971639,-2.1629388,-2.4056683,-2.5318341,-1.7674906,-1.6101823,-1.6382416,-1.5702349,-1.7589008,-1.9724096,-2.1204464,-2.370468,-2.7161024,-3.0350752,-3.2613635,-3.5019205,-3.6169622,-3.661631,-3.6945152,-3.6563087,-3.5682993,-3.4033952,-3.1489956,-2.6098516,-2.0200737,-1.7827278,-1.5849626,-1.3760651,-0.722172,-0.35000497,-0.14326,0.13177876,-0.29448104,-1.7846382,-2.7022498,-3.3882122,-3.7206955,-3.9080758,-3.9484074,-4.080146,-3.6831493,-3.4776688,-3.2519758,-3.0507796,-2.7312016,-2.5821164,-2.1548367,-1.7997317,-1.8246552,-1.9435856,-2.0053298,-2.1119833,-2.235269,-2.479166,-2.8734052,-2.6112657,-1.4666529,-2.7395785e-05,0.6818477,0.44665644,-0.13791786,-0.99299365,-1.6701401,-2.2362108,-3.0306203,-3.305962,-3.3313928,-3.360966,-3.4230247,-3.4918132,-3.314937,-2.864272,-2.0815957,-1.3146843,-1.0630463,-1.4140714,-1.8188288,-2.0615025,-2.4091182,-2.6169891,-2.5617697,-2.2573915,-1.8237016,-1.512109,-1.5601124,-1.4698519,-1.1419771,-1.0770717,-1.0559713,-1.2001449,-1.3872631,-1.5709258,-1.866447,-2.4691205,-1.9675167,-0.7608702,0.24871099,0.90428257,0.97495186,0.932205,0.30919996,-0.6063012,-1.3481839,-1.924404,-2.0865135,-2.2396593,-1.6733899,-1.4026563,-0.95413107,-1.4317204,-2.2013874,-2.5689244,-2.77064,-2.7580247,-2.8159866,-2.8591208,-2.7995424,-2.5944424,-2.406231,-2.358919,-2.209069,-1.935101,-1.6317744,-1.534178,-1.5469431,-1.5616219,-1.5273569,-1.4959776,-1.712259,-1.7696725,-1.6935337,-1.6306477,-1.6355782,-1.0199244,-0.92466855,-1.4331996,-1.8492136,-2.2431605,-2.7471325,-3.0892417,-3.206412,-3.1482391,-2.7652001,-2.4298258,-1.8049183,-1.4379745,-1.9875748,-2.7588713,-3.2207825,-2.9870114,-2.0410683,-1.3143306,-0.29620588,0.5178579,0.5806611,0.4758359,0.23742555,-0.19708194,-0.8858995,-2.04659,-2.5684497,-2.7189162,-2.703827,-2.627788,-2.5889916,-2.6012907,-2.6755636,-2.6996334,-2.5356412,-2.141219,-1.7903104,-1.3537014,-0.99883115,-0.7398261,-0.42166826,0.03263977,0.33762527,0.2582382,-0.021840215,-0.30776268,-0.55099434,-0.566618,-0.49657068,-0.4595006,-0.637028,-0.7684692,-1.0086981,-1.2258933,-1.2630377,-1.1492902,-0.9324578,-0.6698642,-0.17086118,0.9088959,1.246215,1.3685104,1.1729747,2.192341,2.5898182,2.386042,2.2584982,2.2119997,2.5080702,3.21917,3.8409486,4.3026714,4.5251484,4.310448,3.8399172,3.8070853,3.8466346,4.115181,4.2935476,4.112857,3.6236248,2.9332616,2.3457484,1.260175,0.7819775,0.6858775,0.70872414,0.8107729,1.1142572,1.3011634,1.2859018,1.3716569,1.4001917,1.3381827,1.4888425,1.3915592,1.438617,1.430429,1.5377045,1.6740656,1.7426803,1.9670138,2.5924296,2.5964127,2.4214387,2.041961,2.0548422,2.0629206,2.062989,2.0629234,2.0628867
-1.8832746,-2.1237693,-2.078042,-2.172558,-2.15382,-2.2490754,-2.149094,-2.1453748,-1.5979445,-0.76301473,-0.24797727,-0.022678822,0.24586731,0.6448917,1.4020513,1.5051482,1.0093075,0.27895775,-1.4370852,-2.9997585,-3.230993,-3.110076,-2.680921,-2.3470328,-2.1124501,-2.2306457,-2.49164,-2.6213245,-2.8505535,-2.4965072,-2.0622015,-1.6472826,-1.2296245,-1.236064,-1.326163,-1.5512495,-1.5995421,-1.3432001,-1.0315726,-0.89908624,-0.9213386,-0.9619802,-0.9819343,-0.99039286,-0.97324765,-1.0234842,-1.2373891,-1.7976407,-2.4355772,-3.14817,-3.1562195,-2.9499435,-2.7587256,-2.3776147,-2.1184363,-1.8351274,-1.4035914,-0.7125161,-0.16649339,0.5351734,1.168814,1.6536505,1.9216831,2.2022924,2.0083182,1.2289071,0.88679135,0.6048935,0.0966306,-0.45129582,-0.838408,-0.9945021,-1.0139443,-1.0017561,-1.0150428,-0.9778873,-0.9826537,-1.0983478,-1.4426891,-1.806006,-2.6262174,-3.7696843,-3.8544207,-3.6309013,-3.5184796,-3.231578,-2.2996197,-1.4040775,-0.53795683,-0.49532205,-0.58434,-0.66123414,-0.7942789,-1.2002488,-2.190891,-3.4029503,-4.209815,-4.2112603,-3.7405684,-2.8845997,-2.3201094,-1.931644,-1.6171676,-1.4427366,-1.5672749,-2.0941737,-2.77852,-3.641573,-3.7391036,-3.3269696,-2.7772775,-2.5127988,-2.4008915,-2.1440916,-2.009154,-2.0606513,-2.1600876,-2.9896312,-3.374345,-3.4799862,-3.5482697,-3.326652,-2.9917917,-2.9120636,-3.152752,-3.5616088,-3.6483593,-3.3162677,-2.9048157,-1.6607146,-0.54401183,-0.47497755,-1.5055187,-1.8906946,-2.1978297,-2.4896662,-2.76586,-2.853436,-2.7097206,-2.543346,-2.5587807,-2.6186516,-2.657086,-2.3020344,-1.9502859,-1.7449404,-1.6749662,-1.5794063,-1.4198513,-1.3255345,-1.2246301,-1.1191218,-1.0253426,-1.0340576,-0.9777208,-0.6751933,-0.39627552,0.045463063,0.12494884,-0.14160857,-0.26103982,-0.43595144,-0.7090129,-0.9041854,-1.2530553,-1.9195402,-2.037938,-2.0770345,-2.3825722,-2.4966197,-2.433793,-2.236261,-2.000882,-1.878217,-1.513391,-1.5638089,-2.2202077,-2.5090997,-2.4911468,-2.5113103,-2.432346,-2.0429094,-1.5664625,-0.17722018,0.6470783,1.2011148,1.4647396,1.8760176,2.151562,2.284043,2.3368163,2.4173884,2.426927,2.1417615,1.8655839,1.3631853,0.77687764,0.29039386,-0.1537824,-0.42606753,-0.29276165,0.033631742,0.26235983,0.38111198,0.30298924,-0.03189654,-0.141503,0.12608433,0.43644693,0.51607674,0.62733877,0.7909097,0.7490558,0.74508417,0.7658247,0.6820986,0.51483345,0.296971,0.5258101,0.8346541,0.8453052,0.66958463,0.841473,0.9399181,0.5170026,0.39224675,0.014899015,-0.45012608,-0.7305373,-0.9624429,-1.1761183,-1.2187021,-1.2507802,-1.2953043,-1.3812852,-1.3953643,-1.4433044,-1.4193524,-1.4312279,-1.5792643,-1.7665191,-2.1263394,-1.8001442,-0.87798244,-0.21681422,-0.24977563,-0.3897189,-0.52150196,-0.4727605,-0.38205242,-0.41148666,-0.52998275,-0.7154782,-0.56457144,-0.57454574,-0.42781258,-0.49754077,-0.52440065,-0.27924165,-0.35512215,-0.4146353,-0.32122013,0.014896527,0.0051772,-0.78038955,-0.82764065,-0.82810897,-0.8294358,-0.8295636
-3.6716313,-3.3030906,-3.1107426,-3.0917764,-3.0342627,-3.007703,-3.03728,-3.0993857,-3.086174,-2.9080286,-2.8718495,-2.9125047,-3.0163627,-3.0563543,-3.0869675,-2.912915,-2.7270339,-2.5123289,-1.7671688,-0.40674347,0.40218544,1.038674,1.5417601,1.8012362,2.245738,3.2669296,5.2266665,6.454291,7.91961,8.830761,8.923665,8.845777,8.109457,6.726247,5.908574,4.8255253,3.2653253,0.9901098,-0.66717976,-1.5799649,-1.9900169,-2.1488185,-2.2249174,-2.251852,-2.236758,-2.1440222,-1.9778996,-1.6369476,-0.94523543,-0.35682636,-0.2541205,-0.17338553,0.09556672,0.19277662,0.18107687,0.37354454,0.6792339,0.5011048,0.392937,0.32657465,0.16024283,-0.12924086,-0.62747884,-1.2027422,-1.706215,-1.9232718,-1.7212684,-1.6189939,-1.8108633,-1.9552004,-1.9338162,-2.0636876,-2.2450554,-2.3837214,-2.362269,-2.4122272,-2.4750435,-2.5804834,-2.9241045,-3.2487497,-2.869706,-1.6451547,-1.4039028,-1.5343027,-1.761159,-2.2720487,-2.5161657,-2.758946,-3.0250993,-3.0259514,-3.0572886,-3.06384,-3.0103369,-2.8898342,-2.5799632,-2.011003,-1.3316834,-1.2046391,-1.872581,-2.7348506,-3.4572103,-3.715323,-3.825901,-3.768386,-3.5645173,-3.2287862,-2.8891282,-2.4784315,-2.1994367,-2.0615144,-1.8854938,-1.9397626,-2.0299118,-2.0684972,-2.0751019,-2.151816,-2.283822,-2.5499468,-2.7207851,-2.801363,-2.3838015,-2.055397,-1.9890388,-2.1087637,-2.345431,-2.566657,-2.728527,-2.7905703,-2.9349213,-2.8368697,-2.5348692,-2.1396842,-1.8269677,-1.859719,-2.098362,-2.2345414,-2.394451,-2.4782805,-2.4552765,-2.152482,-1.690484,-1.3032873,-1.0694375,-0.9518589,-1.0526407,-1.3437629,-1.7236931,-1.796593,-1.8610749,-1.784023,-1.7335402,-1.6324997,-1.4891279,-1.1857789,-0.998271,-0.7163967,-0.8357318,-1.3851311,-1.5811361,-1.9609046,-2.060996,-2.158297,-2.2098992,-2.1492648,-1.8550701,-1.0302604,-0.94603854,-1.030866,-0.00963901,0.29801908,-0.59741443,-1.1446208,-1.3653848,-1.267394,-0.9872166,-0.8060236,-1.2454227,-1.7047284,-1.7775941,-1.6664124,-1.6954672,-1.6710476,-1.7840083,-1.2581131,-0.50510377,0.09035272,0.19425887,0.09405295,-0.23957129,-0.59756553,-1.2780672,-1.9655051,-2.3830962,-2.6414247,-2.7080555,-2.6591485,-2.510178,-2.3620167,-2.101587,-1.6694663,-1.0005631,-0.7209743,-0.7819147,-0.9020929,-1.0078443,-1.1075859,-1.2665192,-1.4556824,-1.8336844,-2.1810489,-2.4492419,-2.7328298,-2.9424367,-3.1132717,-3.133997,-3.153384,-3.1684961,-3.2655535,-3.3970585,-3.4061513,-3.2729998,-3.0500278,-2.982301,-2.862366,-2.5401282,-2.4265478,-2.0601616,-1.6393616,-1.606128,-1.5561984,-1.440992,-1.2513691,-1.236265,-1.3326643,-1.518185,-1.5983796,-1.6881022,-1.5992751,-1.5080009,-1.4190832,-1.5960653,-1.7460222,-2.38131,-3.11336,-3.6480844,-3.6267166,-3.494284,-3.3708377,-3.5439491,-3.5372496,-3.6062412,-3.6883912,-3.6091018,-3.6417992,-3.6665716,-3.6169062,-3.5261798,-3.5271032,-3.5997953,-3.4443707,-3.0358918,-2.9465353,-3.090395,-3.1624007,-1.6469606,-1.6145157,-1.6141857,-1.6138828,-1.6139032
-2.3859427,-2.233676,-1.8772967,-1.9637984,-1.8230724,-1.7007897,-1.6399775,-1.7047708,-1.369788,-1.2694138,-1.0861769,-1.0099523,-1.064673,-0.94832534,-0.74429715,-0.65649945,-0.8075662,-0.8645818,-1.1740847,-1.9458804,-2.5137353,-2.7866755,-2.7754254,-2.7272005,-2.8452868,-2.6547246,-2.276528,-1.9086778,-2.0531309,-2.0437675,-1.8916798,-1.488229,-0.3814156,0.26485062,0.13854691,-0.30392128,-0.7087618,-0.9143789,-1.147832,-1.3701538,-1.4868753,-1.5020144,-1.3945528,-1.1569662,-0.82119703,-0.45985478,-0.35673898,-0.56834304,-0.9286457,-1.3833148,-1.5435592,-1.4221202,-1.3268775,-1.0537322,-0.74015653,0.10998434,1.3270656,0.5762062,-0.243944,-0.93556356,-1.180062,-1.014498,-0.34068093,0.43135643,0.7743951,0.6051477,0.4413527,0.4010127,0.1821214,-0.5876121,-0.9178812,-1.1849817,-1.3760196,-1.4970047,-1.4968541,-1.4838597,-1.5268655,-1.7502552,-2.059265,-1.8384223,-1.4263427,-1.2967677,-1.106744,-1.0322654,-1.0119507,-1.2680893,-1.7338715,-1.9680604,-1.5995584,-1.052064,-0.82651263,-0.81337434,-0.95227695,-1.3398131,-1.5760118,-1.3485687,-1.3517866,-1.368016,-1.2821733,-0.99817175,-0.95434725,-0.73606676,-0.55868095,-0.4586934,-0.36297756,-0.48297888,-0.7476576,-0.85412514,-0.81641465,-1.2574315,-1.4286246,-1.1974812,-1.1927152,-1.1022993,-1.1353381,-1.2845583,-1.3960428,-1.9230448,-1.7834122,-1.4088559,-0.99909353,-0.79480594,-0.8285703,-0.95777,-1.5989941,-2.126485,-2.325384,-2.2853065,-2.181336,-2.1925545,-1.6850469,-1.1282122,-1.1141564,-1.029326,-1.2226505,-1.4927032,-1.7690302,-1.7698078,-1.5162525,-1.2102408,-1.0879294,-1.1963582,-1.5421135,-1.5634335,-1.5245095,-1.472947,-1.1129876,-0.7209341,-0.2913129,0.062150925,0.43992886,0.7920468,1.0799958,1.9105884,3.0908346,6.023005,9.3291855,11.276291,11.343717,9.919,7.52602,5.1220984,2.8561454,1.5664476,0.9046227,0.3421008,0.2382952,0.31147677,-0.29050288,-0.803222,-0.73652864,-0.7985591,-0.7759942,-0.79333353,-0.8439152,-0.9441341,-0.82648015,-0.5198041,-0.6532216,-0.8014882,-0.85902023,-0.21525794,0.27860755,0.47602135,0.09157339,-0.49500123,-0.6545352,-0.40348682,-0.016818315,0.24723105,0.47963074,0.32923016,0.30976552,0.59580433,0.6908892,0.7196199,0.6420036,0.5648626,0.88217646,1.4204636,1.5627033,1.5926356,1.7261145,1.8542911,1.8970075,1.7408315,1.3160799,0.8885148,0.73284197,0.95109767,1.2481775,2.152668,3.1457546,4.4567204,5.5782623,6.7364693,7.585554,7.8117056,8.595011,9.398718,10.143792,10.138939,10.193951,10.375391,9.576069,9.17823,8.199086,7.237804,5.9511538,4.3750706,3.0063617,1.5078654,0.9408158,0.66966647,0.45225492,0.82494664,1.2573013,0.96334624,0.4218562,-0.10968849,-0.4204954,-1.0034311,-1.2266307,-1.2289503,-1.1442387,-1.1881795,-1.412364,-1.4649137,-1.3401089,-1.4162782,-1.4851675,-1.6208866,-1.7833223,-1.6275707,-1.6010014,-1.5615067,-1.7501636,-1.9018064,-1.6284789,-1.5137628,-1.5456218,-1.4137326,-1.2665986,-1.2575638,-0.17500278,-0.16538912,-0.16530585,-0.16532528,-0.16536611
-3.2635145,-3.1039786,-3.160407,-3.0529845,-3.0486348,-3.0891926,-3.1733594,-3.1843326,-3.3267255,-3.3026538,-3.3026495,-3.3331234,-3.446155,-3.7144191,-4.0877867,-3.9818091,-3.8477545,-3.6483963,-2.8316038,-1.6340088,-0.93679047,-0.62305343,-0.6098315,-0.609691,-0.47769734,-0.32058996,0.18930691,0.16182649,0.89052117,1.2179091,0.86834306,0.6102231,0.28364575,0.055650666,-0.11022904,-0.4239427,-1.0030689,-1.8324012,-2.5611298,-2.9636102,-3.0591514,-3.041903,-3.0196142,-2.9953322,-2.99395,-2.9409106,-2.7725701,-2.2730281,-1.2647631,-0.23358166,0.20480117,0.48635188,1.0398223,1.2067292,1.086942,1.1230547,1.2528539,1.451915,1.4235694,1.2049415,0.7322746,0.16593175,-0.6542422,-1.5780629,-2.0645506,-1.880429,-1.563861,-1.4104091,-1.7074906,-1.9463799,-1.7936819,-1.6739184,-1.7294674,-1.7998255,-1.7862483,-1.8750217,-1.9511197,-2.0309424,-2.3819563,-2.710074,-2.3837895,-0.8686942,-0.09758793,-0.28256002,-0.81967086,-1.6594436,-2.1085312,-2.5873208,-3.274509,-3.4065642,-3.4152622,-3.4010491,-3.3317752,-3.1168275,-2.5469835,-1.6415361,-0.66151583,-0.39155352,-1.077194,-2.1158268,-2.8076553,-3.1669116,-3.4600165,-3.561699,-3.5441608,-3.3237057,-2.9532847,-2.4262173,-1.7628686,-0.9789206,-0.4610508,-0.62726855,-0.80156446,-0.8768537,-0.8919524,-0.9540365,-1.1406088,-1.5983473,-2.1371357,-2.3510385,-1.6452549,-0.8408718,-0.46702707,-0.3522638,-0.3785709,-0.69344807,-1.2334173,-1.8431486,-2.1602168,-2.3934371,-2.6985884,-3.0907629,-3.225945,-3.2511287,-3.1995466,-3.092094,-2.9805112,-2.972078,-3.0358238,-2.9012516,-2.6407697,-2.4212523,-2.173075,-1.6446624,-1.417457,-1.3904269,-1.4050165,-1.3737578,-1.4355776,-1.4164836,-1.3794398,-1.2997938,-1.2562163,-1.160649,-1.1030066,-1.1105024,-1.5803038,-2.5064669,-2.6119022,-2.7007787,-2.7543447,-2.876801,-2.9091942,-2.9179335,-2.8755612,-2.8982635,-3.1322865,-3.5740755,-3.15065,-2.5990663,-3.3243654,-3.7210667,-3.8592563,-3.6834269,-3.3614936,-3.2720237,-2.3236742,-0.7874725,-0.16440643,0.16976655,0.48725697,0.29141438,0.016775653,0.43626583,0.82536995,0.9792198,0.70353687,0.20409898,-0.45551974,-0.91555405,-1.3575454,-1.7489212,-2.1671236,-2.4959488,-2.5947096,-2.6309183,-2.6111116,-2.7406907,-3.0381272,-3.1911058,-2.8388672,-2.5427368,-2.4701016,-2.4856403,-2.4875739,-2.3716226,-2.2018976,-2.1373255,-2.2802913,-2.4744902,-2.6404777,-2.8540678,-3.0651922,-3.2613814,-3.3296056,-3.3859353,-3.4844856,-3.5774236,-3.5596588,-3.522304,-3.422859,-3.2164888,-3.1505067,-3.0516033,-2.8637805,-2.8344665,-2.702858,-2.3167398,-2.1048958,-1.8079174,-1.6036489,-1.345612,-1.335206,-1.5386133,-1.7866862,-1.9425113,-2.110796,-1.9569471,-1.7739193,-1.6373146,-2.00641,-2.3862934,-2.975094,-3.54537,-3.9463313,-3.9435885,-3.8720124,-3.8137097,-3.9496493,-3.914486,-3.9134536,-3.859448,-3.7947478,-3.8330393,-3.8291466,-3.893083,-3.795484,-3.7691228,-3.9324508,-3.8722663,-3.664013,-3.6450567,-3.783813,-3.8205595,-2.865934,-2.8291154,-2.8288274,-2.8282962,-2.828275
-5.276872,-5.7669296,-5.9905434,-5.8676786,-5.8015385,-5.867362,-5.7538924,-5.7130914,-5.8404765,-5.4652405,-5.160333,-4.9830885,-4.748885,-4.39857,-3.8079472,-3.629414,-3.8562112,-4.121068,-4.4142485,-4.557193,-4.3124733,-3.933216,-3.5875063,-3.3077,-3.0673685,-3.144189,-3.2945948,-3.3553824,-3.1420636,-2.9531891,-2.7811894,-2.492628,-1.6485705,-0.9287145,-0.72543377,-0.5101994,-0.35070714,-0.53936464,-0.8192136,-1.1237265,-1.3258094,-1.412806,-1.4592363,-1.5216892,-1.6407664,-1.8276716,-2.0235853,-2.37893,-2.5493102,-2.7091284,-3.0058975,-3.133804,-2.9516325,-2.6206295,-2.4440918,-2.0506396,-1.6985748,-1.3147118,-0.95944595,-0.6359442,-0.46959242,-0.3937925,-0.43674067,-0.26155937,-0.3391114,-0.48057926,-0.41933525,-0.51245993,-1.0818027,-1.8621995,-2.4046276,-2.5727944,-2.644444,-2.6596808,-2.6072476,-2.651621,-2.6925426,-2.8122532,-3.3069992,-3.6712115,-4.1433024,-4.004681,-3.504667,-3.1889353,-2.9945917,-2.989081,-2.9665017,-2.745669,-2.238069,-2.0459979,-2.0956805,-2.1099122,-2.0942667,-2.1673288,-2.4468086,-2.6811204,-3.2396803,-3.5499456,-3.5295968,-3.4228702,-3.2582786,-3.0801077,-2.851153,-2.7748141,-2.8617954,-3.0965312,-3.5106742,-3.8976254,-3.9240296,-3.866901,-3.347172,-3.0818627,-2.964144,-2.7942061,-2.7078645,-2.7730598,-2.9264843,-3.791555,-4.4637237,-5.0012226,-4.7171183,-4.2256613,-3.8134875,-3.658619,-3.6007009,-3.5328228,-3.407352,-3.1847153,-2.859238,-2.2618036,-1.956115,-1.8775933,-2.3238542,-2.0614963,-1.7099015,-1.7547612,-2.0544677,-2.2730415,-2.295461,-2.1528344,-2.1675236,-2.305897,-2.6001425,-2.9097939,-3.3646798,-3.7838473,-3.974811,-3.8128061,-3.5469456,-3.3263988,-3.0997193,-2.8801727,-2.722795,-2.5538688,-2.4452438,-2.274854,-2.394089,-2.6311953,-2.4407415,-2.39697,-2.3931131,-2.4753885,-2.5766716,-2.6696558,-2.876859,-3.48597,-3.501924,-3.4291735,-4.0645022,-4.197138,-4.5382414,-4.5756474,-4.3485565,-4.152641,-3.8308601,-3.9742484,-4.1494627,-3.8456073,-3.6140394,-3.5687442,-3.2953653,-2.733998,-2.3470557,-1.7865758,-1.1374762,-0.76055837,-0.8590155,-0.88935053,-0.8888601,-0.86727566,-0.8443912,-1.0027789,-1.298554,-1.5489385,-1.6111188,-1.617868,-1.5936351,-1.5335042,-1.3937783,-1.2304492,-1.1821071,-1.0973855,-0.95690095,-0.8941686,-0.95858175,-1.0275087,-1.0261369,-0.9999552,-1.0951499,-1.3626158,-1.5292311,-1.8175509,-2.1284971,-2.4621272,-2.6288507,-2.907259,-3.2653584,-3.537676,-3.4310856,-3.2320216,-3.1528246,-2.88375,-2.5391989,-2.4549189,-2.0647378,-1.9108112,-1.7418833,-1.630348,-1.6387315,-1.6831088,-1.8510625,-1.8346903,-1.9233775,-2.1041093,-2.3085508,-2.3597646,-2.4505534,-2.327955,-2.279055,-2.3768477,-2.7122264,-3.2524107,-3.5781245,-3.5047193,-3.4369988,-3.4159393,-3.5037615,-3.5887756,-3.5862083,-3.5917077,-3.64289,-3.664095,-3.703998,-3.6905408,-3.7153444,-3.7225575,-3.7685952,-3.8262854,-3.7755766,-3.8350418,-3.9082904,-3.8215067,-3.7503276,-3.658136,-4.5340652,-4.546348,-4.546511,-4.5469275,-4.5469847
-1.5085652,-2.087433,-2.562358,-2.5408983,-2.8473413,-2.9780188,-3.135126,-3.236702,-3.3449056,-2.962976,-2.734994,-2.70476,-2.8365593,-3.3301458,-3.9650142,-4.2238364,-4.3941336,-4.3159113,-3.6986036,-2.8602905,-2.3097873,-2.0550954,-2.1526241,-2.3150954,-2.3663275,-2.4568899,-2.19041,-2.465809,-2.3917613,-2.465828,-2.6520982,-2.6868894,-2.6328425,-2.8016665,-3.0261436,-3.299099,-3.5752945,-3.7014322,-3.7068331,-3.7055225,-3.7084386,-3.7010467,-3.7389617,-3.7805524,-3.8090749,-3.8542805,-3.8616512,-3.69587,-3.0627003,-2.525755,-2.608272,-2.6653109,-2.2607136,-1.8829775,-1.7069175,-1.1618594,-0.9441878,-0.82443374,-0.7219192,-0.3973804,-0.06549704,-0.17182767,-0.5386305,-1.3695946,-1.8847953,-1.4532647,-1.3535832,-1.2823565,-1.2852972,-1.0846317,-0.22207427,0.30918178,0.43903685,0.490637,0.5011521,0.39783683,0.28475213,0.13990922,-0.4820953,-0.72801566,-0.68620527,-0.7982483,-0.9428684,-1.1591083,-1.3164792,-1.890805,-2.6380575,-3.0024905,-3.6480656,-3.9093359,-3.9162483,-3.8940766,-3.8352184,-3.6334987,-3.23377,-2.4602876,-1.6179763,-1.4036672,-1.7848685,-2.7779467,-3.7211356,-4.191235,-4.580048,-4.7071705,-4.6913986,-4.4351697,-3.8613822,-2.5303602,-0.9942811,0.8120066,1.930135,1.9132432,1.711621,1.6127598,1.5154533,1.3301365,1.0300798,0.2944741,-0.7785787,-1.5333518,-1.6071439,-1.577116,-1.2517631,-0.9234978,-1.0424899,-1.6035233,-2.4069972,-3.2356539,-3.1647084,-2.8879015,-3.4700394,-4.0380893,-4.382213,-4.5865326,-4.402328,-4.2328815,-4.100463,-4.0603943,-4.0788684,-3.9918745,-3.8537593,-3.6071553,-2.9394984,-1.8034978,-1.160899,-0.7476285,-0.2425242,0.017903924,0.043872133,-0.01846376,0.022993773,0.09227604,0.06260888,-0.039486133,-0.0462818,-0.013933003,0.26230064,-0.92454165,-1.5659144,-2.1936214,-2.0907338,-2.1227822,-2.1649811,-2.2178695,-2.1460834,-1.6689272,-1.3532244,-1.4945289,-1.3567098,-0.72931266,-1.1297306,-1.5731677,-1.5642657,-1.4181247,-1.2161496,-1.2927307,-1.1187401,-0.6411759,-0.14666525,-0.07833305,0.14065573,0.0016487241,0.007459253,0.02090934,-0.09428638,0.23638222,0.32334906,0.22841161,0.027719498,-0.14238828,-0.33527976,-0.7433175,-1.1287811,-1.4460542,-1.5915166,-1.6986458,-1.7367698,-1.8153313,-2.1017168,-2.5791283,-3.0514224,-3.2042766,-3.185271,-3.1288805,-3.0924475,-2.901723,-2.3405466,-1.7052517,-1.4068666,-1.5829941,-1.8316007,-2.1359682,-2.3369806,-2.4241943,-2.4579487,-2.3612201,-2.1264975,-1.8542333,-1.6616776,-1.617307,-1.5927006,-1.3402269,-1.1634758,-1.1432256,-0.933078,-0.9028578,-0.9752803,-0.92481136,-0.93934214,-0.8206753,-0.80785346,-0.69594544,-0.717597,-0.89367825,-1.1062355,-1.2955925,-1.4988512,-1.3691182,-1.2202177,-1.0712757,-1.3397915,-1.349347,-1.2880774,-1.3325756,-1.4846108,-1.559833,-1.5916884,-1.5974952,-1.6461744,-1.6680539,-1.5583246,-1.4627318,-1.3333528,-1.3927456,-1.440335,-1.4984926,-1.444656,-1.3534619,-1.563765,-1.6278872,-1.7196707,-1.7911526,-1.7538443,-1.6090989,-0.75185215,-0.7445848,-0.74463904,-0.7449262,-0.7449542
-1.2335393,-1.048984,-0.9375138,-0.9214464,-0.91370904,-0.8058842,-0.8354115,-0.83759475,-1.1623845,-1.6500477,-1.6719655,-1.6835082,-1.8087544,-1.9144868,-2.1838152,-1.9179485,-1.3944336,-1.1740887,-1.0320426,-0.49750662,-0.11141425,0.17186658,0.44139132,0.58666235,0.5749412,0.39363405,0.440944,0.5482127,1.0734458,1.4901457,1.7601955,1.6662505,0.97291666,0.44497976,0.2261985,0.07204861,-0.22803986,-0.616858,-0.863683,-0.73910487,-0.5181772,-0.34415144,-0.15667148,0.07915896,0.35852784,0.83620775,1.5893781,3.6115923,6.5427146,9.393569,10.587099,10.798879,10.725137,10.677248,10.479413,9.594179,6.973716,3.2837222,1.81359,0.70483506,-0.01792159,-0.38959283,-0.71338654,-0.927005,-0.3903699,-0.4850944,-0.6596759,-0.63185763,-0.24336663,0.115461856,0.2339888,-0.07831782,-0.4691903,-0.7542662,-0.8291691,-0.86384106,-0.8196882,-0.5683793,0.62994486,1.6079254,2.5863168,4.3728848,5.2106133,5.7170916,5.7124877,5.026161,4.326127,3.078312,1.0575367,0.41506672,0.3952639,0.3916467,0.46365383,0.848709,1.8086046,3.1328995,4.157398,4.4153833,3.2671483,1.7807213,0.7927551,0.3619777,-0.043713316,-0.20624825,-0.11952364,0.24773088,0.68095064,1.0737553,1.120971,1.1972625,0.7814883,0.3561778,0.082804754,-0.1549871,-0.19358799,-0.1199683,-0.008678727,1.0768313,1.9563076,2.085786,2.8188488,3.1822138,2.9839215,2.9399576,2.4981341,1.7355002,0.70371187,-0.22883807,-0.33020157,-0.37619865,-0.6327274,-0.91226375,-0.8178401,-0.52854025,-0.385355,-0.43297035,-0.5140495,-0.6502466,-1.0509813,-1.3714573,-1.2173501,-1.0904245,-1.3527527,-1.383549,-0.8641442,-0.39856833,-0.18090695,-0.36717042,-0.6530475,-0.67955637,-0.71708643,-0.77937925,-0.97023726,-1.0446515,-0.9291817,-0.5283845,-0.17758185,-0.51310766,-1.0322044,-2.1273983,-2.2801602,-2.3701878,-2.416839,-2.3832796,-2.3259034,-1.9752874,-1.9691696,-1.5690565,-0.42557067,-0.40164465,-0.9489579,-1.1023206,-1.114318,-0.7845616,0.19764596,0.8319267,1.9893851,3.2836072,3.5890584,3.8740187,4.002649,3.709124,2.8685822,1.6149087,0.7194466,0.2282331,0.33141315,0.41502795,0.116499424,-0.23569894,-0.6524077,-1.0407021,-1.2430578,-1.1767621,-0.99724174,-0.87095827,-0.86847985,-1.162599,-1.7105848,-2.1276193,-1.799123,-1.4954915,-1.4299581,-1.5914986,-2.0323555,-2.436958,-2.858266,-3.1738458,-3.1050422,-2.8532898,-2.6713524,-2.4035044,-2.1924832,-1.9163738,-1.6502352,-1.2881738,-0.9692138,-0.57316303,-0.8271922,-1.093749,-0.98579407,-0.34006378,-0.10612449,-0.050272167,0.61027676,0.69804263,1.2665552,1.9854667,2.5008368,2.9948661,3.2495987,3.4095,3.3075175,3.321056,3.2110848,3.0506077,2.8454194,2.9271207,3.0420873,2.9107125,2.4911187,2.027665,1.5201197,0.81582123,0.3589361,0.40515643,0.46057704,0.618454,0.58333623,0.5430993,0.5971823,0.5979775,0.5215268,0.58023757,0.58675414,0.49502552,0.3166436,-0.017406985,0.0334277,0.06403674,-0.34008646,-0.4695261,-0.5741576,-0.4805135,0.24405417,0.25793335,0.25804037,0.2584631,0.25847855
0.25672397,0.108599275,-0.07584557,-0.18696302,-0.3456804,-0.49704942,-0.43875512,-0.5061605,-0.6229742,-0.28263617,0.17503108,0.3473541,0.5593174,0.8961007,1.2282606,1.3801999,0.86360335,-0.08625302,-1.5109293,-2.950688,-3.2082562,-2.96272,-2.5153937,-2.116375,-1.8948511,-2.3021688,-2.6502843,-2.313008,-1.7902987,-1.3937538,-1.0125723,-0.8468549,-0.66229427,-0.15515432,0.25694248,0.7896987,1.5527055,2.4357939,3.2213273,3.637926,3.7581568,3.7936664,3.772233,3.7545366,3.7202644,3.616562,3.5069764,3.069391,1.8739152,-0.36994088,-1.4911618,-1.6420323,-1.4956535,-1.1677291,-0.9894059,-0.9471228,-1.1341058,-1.1439695,-0.7495904,-0.25683805,0.030775532,0.11559151,0.14255685,0.21135503,0.12558764,0.07650824,0.016285151,-0.03189467,-0.3036637,-0.6841426,-1.0182991,-1.119812,-1.1942612,-1.207957,-1.2331641,-1.2441732,-1.3405136,-1.3697004,-1.283545,-1.347233,-2.0595727,-1.9207041,-1.2821872,-0.6081407,-0.08835304,0.46179593,1.0455561,1.9456487,3.0980556,3.2168527,3.1811922,3.1877084,3.279594,3.1450605,2.266638,0.54723203,-1.4153503,-2.056943,-1.4912469,-0.8210101,-0.27108818,0.07494944,0.43534026,0.621884,0.5580477,0.1809251,-0.5501603,-1.3170727,-2.1973763,-2.9442465,-2.9480472,-2.5984807,-2.3733625,-2.2386787,-2.1321845,-2.083019,-2.0995636,-2.300002,-2.6630054,-3.056742,-2.7024467,-2.3761892,-2.0177941,-1.8061801,-1.5919336,-1.4915352,-1.5161833,-1.6016095,-1.5880785,-1.637779,-1.1416433,-0.8556243,-0.68842775,-0.20572397,0.4897369,1.0432627,1.4290314,1.7209659,2.018958,2.1797876,2.0267441,1.6224421,0.9394169,0.06030549,-0.35084903,-0.63935244,-1.0657375,-1.2399874,-1.167095,-1.152429,-1.1102487,-1.0322337,-0.92688984,-0.9642335,-1.1620535,-1.6496521,-2.1799395,-1.5314246,-0.7992454,0.13586017,-0.028016582,-0.12657695,0.19273001,0.530987,0.7019105,0.22599545,-0.04729168,-0.63972926,-1.9366169,-2.134121,-1.5711284,-1.2044084,-1.1543928,-1.3152331,-1.6109302,-1.7303661,-1.7481867,-1.8066182,-1.7210444,-1.7267363,-1.5981202,-1.3783566,-1.3553933,-1.3638008,-0.84081966,-0.4982096,-0.49826843,-0.47891736,-0.31107992,-0.20511368,-0.27885485,-0.563051,-0.87399036,-1.1801403,-1.3362467,-1.392449,-1.3470548,-1.2555323,-1.1374487,-0.9748026,-0.9534205,-0.976043,-1.0457008,-1.1000748,-0.8425519,-0.3563694,0.16173935,0.59833056,1.4692478,1.9495986,2.2591887,2.3439507,2.2272313,2.0078666,1.833823,1.4776733,1.0408273,0.56789726,0.50882185,0.49057302,0.17906916,-0.31325296,-0.4346779,-0.46681237,-0.50703067,-0.4683584,-0.37128675,-0.37612194,-0.39546162,-0.41344863,-0.47237766,-0.6645746,-0.8161066,-0.87417096,-0.87641823,-0.8201504,-0.7501807,-0.7414075,-0.77422297,-0.97273713,-1.089293,-1.3723979,-1.5811212,-1.2533116,-0.85227644,-0.7682767,-0.81256497,-0.8452804,-0.77199996,-0.6984636,-0.59845567,-0.6832266,-0.7458093,-0.86169916,-0.8908725,-0.8106726,-0.8123524,-0.8586038,-0.86100614,-0.65455794,-0.71676135,-0.82484293,-0.88487464,-0.97329915,-1.1421393,-1.1838412,-1.18424,-1.185005,-1.1850649
0.116626196,-0.13483606,-0.39362872,-0.56827515,-0.92353785,-1.0756187,-1.1643054,-1.1381155,-0.9379916,-0.007366445,0.38614184,0.36844167,0.3198368,-0.36772656,-1.4288988,-1.9995852,-2.0657754,-1.5996721,-0.7471172,-0.31674114,-0.20437962,-0.16140766,-0.38383535,-0.65349084,-0.7178113,-0.33026034,0.04159507,-0.6422685,-1.1081396,-1.2880695,-1.5943569,-1.6965861,-1.660134,-1.8193187,-1.9878352,-2.2131562,-2.4832637,-2.4038553,-2.2126334,-2.2195036,-2.2925878,-2.3260736,-2.3670945,-2.474658,-2.604391,-2.7806003,-2.8474612,-2.7100198,-2.0556111,-1.0008636,-0.31823555,0.12214973,0.718368,0.8598443,0.7356248,0.43497735,-0.8311877,-1.373675,-1.414256,-1.4364264,-1.4544891,-1.5670571,-1.542397,-0.9891671,0.72127306,3.2979805,5.5242476,7.4714937,9.365867,10.7535925,11.4139385,11.522475,11.48691,11.429985,11.448827,11.474497,11.48389,11.504824,11.259587,10.0259,7.9719076,4.4310336,2.2763143,1.2637635,1.028336,0.7047401,-0.15901226,-0.9577942,-2.171323,-2.6454315,-2.6495013,-2.6152968,-2.544066,-2.2511716,-1.6843883,-0.63641435,0.50143456,0.8463864,0.6809972,-0.25545472,-1.2721062,-1.9500779,-2.3350496,-2.3681085,-2.1593807,-1.3113418,0.08968909,3.4278455,6.5473785,8.741902,9.843039,10.0021305,10.036652,10.092064,10.08926,10.02607,9.94647,9.342583,8.225923,5.975319,3.0979936,0.80862814,-0.33514974,-0.4269539,-0.7278693,-1.5431542,-2.1976168,-2.1646307,-1.4994204,-1.2048438,-2.4445672,-3.0652628,-2.7794724,-2.4811862,-2.3047655,-2.2770128,-2.2294478,-2.2862067,-2.642878,-3.0750496,-3.1442523,-2.9207048,-2.0399246,-0.7043679,-0.16249749,0.2637542,1.0268813,1.6495798,1.8521192,2.0444765,2.2464364,2.3582475,2.3521323,2.278504,2.4703586,2.2412038,2.0326211,0.55131984,-0.13084152,-0.55042255,-0.71543086,-0.96636915,-1.2713823,-1.5100472,-1.5851041,-0.9707835,-0.2436285,0.7022234,1.5376136,1.8549814,1.6413696,1.4643018,1.7447697,1.7040025,1.0696452,0.49893913,0.5009542,0.64784527,0.7417896,0.9276912,0.840208,0.44105226,0.13733524,-0.42184418,-0.8795343,-0.93723845,-1.0622053,-1.3562565,-1.5845304,-1.6476207,-1.6883075,-1.7994239,-1.7675653,-1.4876659,-1.2210852,-0.91488737,-0.68787956,-0.58088756,-0.65233856,-0.9777508,-1.2776442,-1.148289,-0.98753583,-0.7990365,-0.6048359,-0.4926207,-0.3947262,-0.34819567,-0.67061824,-1.1226093,-1.5081159,-1.8556213,-1.889098,-1.7808367,-1.6312494,-1.3284249,-0.78423357,-0.24922301,-0.10390437,-0.3833564,-0.6332856,-0.7198906,-0.68014205,-1.0266719,-1.0338477,-1.0448503,-0.91905713,-0.5036972,-0.094740994,0.24273774,0.44402382,0.6596502,0.68870807,0.8397963,1.0040033,0.8928666,0.70593214,0.8467872,0.96310556,1.0410752,0.9169992,1.1902692,1.3730581,0.7757703,0.21037641,0.12501463,0.19421043,0.23667002,0.14828093,0.052376516,0.16377872,0.011378117,0.14089525,0.0391265,-0.07072143,-0.15925385,0.024473827,0.01482074,-0.15395945,0.19512168,0.3098511,0.43713635,0.07852578,0.06426312,0.30059168,0.30657822,0.30665305,0.3069235,0.30698597
-1.0459076,-0.73510754,-0.7769996,-0.882222,-0.95748335,-0.8737233,-0.9338434,-0.7600478,-0.87535655,-1.2537498,-0.8929806,-0.7027483,-0.53089774,-0.37482905,-0.076873,0.03041318,-0.2828093,-0.6612009,-0.7000035,-0.78700805,-1.3700589,-1.7765926,-1.5902,-1.270205,-1.1050514,-1.4461572,-1.4652125,-0.85107785,-0.8270078,-0.7752469,-0.56777865,-0.38322067,0.011018068,0.36597884,0.59877515,1.1759937,1.8546835,1.9753897,1.8522655,1.9326932,2.0460534,2.1555889,2.2768364,2.3378086,2.32168,2.2817855,2.1891158,1.7104483,0.8675028,0.11388896,-0.8571948,-1.0970583,-1.5140755,-1.5786602,-1.2915902,-0.9060232,0.1989665,1.7997112,2.3770156,1.7858754,0.8139021,0.5155575,0.401109,0.38685632,-0.038726896,-0.64052045,-1.0853053,-0.9731807,-0.00229007,0.79052794,0.60252917,0.1664623,0.1280143,0.23519172,0.27921447,0.29866117,0.3279014,0.44578215,0.5187647,0.23932955,0.00011946261,-0.3209085,-0.05417619,0.40201646,1.1199573,1.9919618,2.146715,2.0062363,2.5008168,2.6770053,2.6202772,2.61971,2.5778153,2.3567047,1.8167725,1.1924853,0.6703321,0.5537457,1.8409877,3.5291958,4.879201,5.4628983,6.0146885,6.2994947,6.4138823,6.296253,5.8504324,5.2873516,4.7120714,2.9159122,0.477288,-0.059187237,-0.11975767,-0.15829365,-0.032035377,0.1999572,0.4424423,0.6866623,0.0061256737,-0.40498185,-0.3122269,0.25453913,0.8390832,1.2005657,2.2822945,3.5953326,4.195037,3.8380895,3.197299,3.4659472,4.472259,4.2936945,4.799602,6.368778,7.532512,8.032022,8.445383,8.744246,8.914848,8.854205,8.740499,8.57511,8.23526,7.51967,6.8692865,5.9299355,3.828157,2.1573253,0.9039415,0.27156833,-0.35210016,-0.8368999,-1.0849745,-1.5500014,-1.7508016,-1.8632903,-1.2511637,0.33270463,1.2630856,4.749522,6.442426,7.329088,7.8129435,7.9512377,7.966777,7.481188,6.9709177,6.381465,3.418408,1.1629572,1.1293163,1.2637463,1.0648108,0.33741683,-0.33620682,0.0282529,0.07653855,-0.14695418,-0.3039912,-0.40232348,-0.38559836,-0.43014076,-0.1869241,0.44790107,0.9920549,0.7584968,0.39331686,0.22148232,0.24383761,0.36081672,0.66185176,0.9973266,0.92319036,0.4723857,0.0035931766,-0.52530056,-0.9013349,-1.1448035,-1.4550853,-1.9959133,-2.1359591,-1.7249207,-1.3486547,-0.9498969,-0.33134654,0.5222405,1.4681921,1.6254971,1.5110776,1.7497766,1.8253915,1.5301048,1.2932644,0.8443531,0.44678247,-0.16905679,-0.8151943,-1.3987062,-1.4874785,-1.6818302,-1.9496133,-1.9388732,-1.8547263,-1.8064842,-1.884196,-1.8277439,-1.6030319,-1.428396,-1.3548054,-1.365313,-1.4324346,-1.60494,-1.6580572,-1.5534705,-1.4204595,-1.4106134,-1.3989453,-1.5037985,-1.6677619,-1.8543389,-1.7332344,-1.6193284,-1.4306308,-1.5066406,-1.3964036,-1.3070189,-1.2627497,-1.3457234,-1.2868543,-1.2921934,-1.4202864,-1.4145062,-1.3577449,-1.3261921,-1.3654315,-1.4130858,-1.4846818,-1.4924399,-1.3705952,-1.6853346,-1.838341,-1.8130465,-1.8249078,-1.7114487,-3.0442505,-3.065764,-3.065853,-3.0661366,-3.066161
0.24492332,0.7160633,0.824189,0.5780712,0.3472575,0.44344145,0.4020099,0.42439047,1.1707764,2.1453166,2.6217718,2.6782322,2.633432,2.5025053,2.8776634,3.073806,2.7834306,2.3763635,2.1739864,2.7347918,3.316267,3.6686811,3.969996,4.218759,4.2671776,3.8205721,3.5727286,3.734317,4.325278,4.725816,4.43509,4.195882,4.021436,4.4593472,4.643445,4.5826325,4.3747125,4.0621595,3.8027194,3.7481737,3.7913315,3.8651733,3.9390743,4.0044785,4.0364423,3.9951797,3.8785968,3.4508514,3.2485385,3.887135,4.7061863,4.8841963,4.8326464,4.520813,4.033997,3.1606717,2.8639216,3.4848647,3.4784756,3.120978,2.7993329,2.733138,2.676646,3.2079136,3.65167,3.6009676,3.5005245,3.616478,4.5277443,5.7764864,6.4636574,6.5949297,6.642321,6.6919656,6.7101154,6.689539,6.6859074,6.5877,6.0230036,4.7799163,4.5549984,5.1829815,5.239195,5.080084,4.6330004,3.7778199,2.8511214,2.4672139,2.865853,3.0791626,3.1011753,3.090763,3.03057,2.8312616,2.5056207,2.697429,3.5338578,3.7971914,3.5708528,2.9320996,2.706492,2.800415,3.0601125,3.2517529,3.3762574,3.3198757,3.039686,2.9870787,3.253677,4.3447056,5.7343173,6.100317,6.2237906,6.393488,6.4631376,6.39554,6.285116,5.2716064,4.017465,3.797392,4.495214,4.2270756,3.716528,3.367657,3.1961622,3.0541956,2.5344293,1.8156632,1.4025061,1.2493635,1.8015174,1.7607703,1.2296904,1.1766038,1.5304692,1.9700437,2.334239,2.5781772,2.7436209,2.9149756,2.96902,2.8378968,2.56192,2.3285174,2.4701848,2.9615984,4.0767455,4.713498,5.0559244,5.249254,5.4168587,5.505023,5.573295,5.464526,5.242054,4.4421782,3.7563434,5.13445,5.382414,4.246726,3.4514074,3.6786673,4.017998,4.13649,4.027305,3.297199,2.6567404,2.7872543,3.865954,3.970871,3.6671433,3.652207,3.5315318,3.3002343,3.1027877,3.2130625,3.7980323,3.870074,3.6823072,3.6388757,3.2010376,2.3459537,1.9660714,2.477108,2.814588,2.565664,2.167903,2.0769331,2.0862625,2.1079981,2.1046224,2.2411544,2.1981733,2.0151658,1.7209862,1.313946,1.0497917,0.99186397,1.2784286,2.0858471,2.999374,3.5668616,3.7666245,3.7428648,3.4601712,2.815938,1.7976029,1.0365158,1.0851065,1.7241969,2.2254436,2.4216344,2.3379536,2.1271133,1.8362236,1.5217947,1.0983905,0.59191835,0.56036687,0.8200036,1.4177958,1.4241161,1.3889093,1.5116513,1.019812,0.90130216,0.74209595,0.9338107,1.2030139,1.5424434,1.697238,1.9355891,1.9674833,1.8697606,1.636013,1.3909189,0.941854,1.1796752,1.382035,1.5485824,1.2253536,0.49944714,-0.33379394,-1.1192398,-1.4581444,-1.4316479,-1.4592786,-1.4578221,-1.5158544,-1.5345509,-1.601411,-1.7123274,-1.7049228,-1.6562462,-1.7939433,-1.7535025,-1.8277285,-1.9654527,-1.8965101,-1.9220468,-2.0694494,-2.1608372,-2.2939992,-2.1056983,-2.869257,-2.8648095,-2.8646529,-2.864389,-2.864363
-6.1641684,-6.4485445,-6.504216,-6.383414,-6.3601446,-6.4577966,-6.4646387,-6.5088143,-6.5449057,-6.1839323,-5.8712816,-5.66315,-5.494015,-5.446237,-5.535508,-5.48833,-5.4305625,-5.3247943,-5.351412,-5.508987,-5.232697,-4.8282757,-4.697294,-4.6441903,-4.5290456,-4.351197,-3.9585686,-4.1324215,-3.8481338,-3.7066326,-3.777196,-3.7320518,-3.7275326,-4.02731,-4.301175,-4.627839,-4.8803496,-5.0695624,-5.125208,-5.248377,-5.33887,-5.391701,-5.427597,-5.43913,-5.4362974,-5.445217,-5.4550447,-5.403199,-5.1168556,-5.195178,-5.252093,-5.083927,-4.4341707,-3.7751536,-3.2916732,-2.3823788,-2.0030806,-2.056399,-1.9085642,-1.6840619,-1.5776749,-1.797363,-2.3394928,-3.446652,-4.3723693,-4.3547335,-4.1183977,-3.90514,-4.273886,-4.765824,-4.6506386,-4.3574734,-4.2975125,-4.3024464,-4.2593565,-4.3311725,-4.4018235,-4.5924907,-5.2546425,-5.596377,-5.819185,-5.62488,-5.341308,-5.357931,-5.4520426,-5.6181145,-5.338435,-5.168792,-5.3560085,-5.402828,-5.43449,-5.4457903,-5.4234047,-5.39505,-5.4400864,-5.6078224,-5.75772,-5.6594563,-5.7981205,-6.112815,-6.4832897,-6.5750504,-6.639786,-6.634905,-6.5862503,-6.440719,-6.1922493,-5.9796114,-5.6562834,-5.2340193,-4.481491,-4.2976913,-4.333296,-4.2723713,-4.2989717,-4.531664,-4.86195,-5.8226666,-6.3071594,-6.5692406,-6.1538625,-5.5356674,-5.1180797,-4.9165688,-5.1486635,-5.534833,-5.71571,-5.6922207,-5.498135,-5.203328,-5.2855034,-5.531256,-5.85473,-6.0341597,-6.1855135,-6.3020706,-6.4333076,-6.4500103,-6.273248,-5.9602976,-5.7276945,-5.449996,-5.04716,-4.7857924,-4.985007,-5.2417765,-5.2698784,-4.97676,-4.67546,-4.4605503,-4.2020526,-3.9508018,-3.80586,-3.5119324,-3.2112994,-2.665533,-2.490702,-3.862846,-4.296829,-4.3166995,-4.025055,-4.202527,-4.4800706,-4.6003065,-4.557923,-4.2806005,-3.9910707,-4.5252113,-5.302585,-5.025521,-5.5418577,-5.871593,-5.8344116,-5.625732,-5.2027273,-5.1596513,-5.156816,-4.585666,-4.196821,-4.0935564,-3.6957996,-2.9891896,-2.6059783,-2.137521,-1.809778,-1.3557315,-1.2983592,-1.4789557,-1.7936766,-2.04413,-2.3889382,-2.965605,-3.5181012,-3.9234862,-3.9834507,-3.9411297,-3.901473,-3.9974463,-4.2487364,-4.4795423,-4.487703,-4.382604,-4.3692102,-4.358341,-4.210651,-3.7893007,-3.0336556,-2.5040152,-2.4517157,-2.7893085,-3.0951424,-3.3517363,-3.5442886,-3.6307163,-3.5758412,-3.4806669,-3.390808,-3.2162929,-2.9829316,-2.7920113,-2.8326416,-2.4737666,-2.2955663,-2.2942955,-1.877584,-1.7398453,-1.6647468,-1.7571349,-2.0072618,-2.2302876,-2.390158,-2.3593836,-2.4589286,-2.7168999,-3.0217195,-3.0935366,-3.1598654,-3.048873,-2.9821458,-2.9807005,-3.3413167,-3.7563658,-3.97375,-4.1012425,-4.3175898,-4.3930254,-4.4069886,-4.383248,-4.413762,-4.4232044,-4.420892,-4.427303,-4.3860116,-4.407955,-4.4444823,-4.452327,-4.410971,-4.3454313,-4.423459,-4.3292313,-4.1312304,-4.0726886,-4.070129,-4.0699453,-3.0757253,-3.055932,-3.0558867,-3.0559952,-3.0560508
