0,1,2,3,4,5,6,7,8,9,10,11,12,13,14,15,16,17,18,19,20,21,22,23,24,25,26,27,28,29,30,31,32,33,34,35,36,37,38,39,40,41,42,43,44,45,46,47,48,49,50,51,52,53,54,55,56,57,58,59,60,61,62,63,64,65,66,67,68,69,70,71,72,73,74,75,76,77,78,79,80,81,82,83,84,85,86,87,88,89,90,91,92,93,94,95,96,97,98,99,100,101,102,103,104,105,106,107,108,109,110,111,112,113,114,115,116,117,118,119,120,121,122,123,124,125,126,127,128,129,130,131,132,133,134
13.324852,13.400923,13.35552,13.37219,11.382237,13.210312,12.983067,12.354912,10.41265,7.680251,5.4568057,2.8121982,1.6111873,0.11390048,-0.23149955,-0.31532645,-0.2592928,-0.1613912,0.11053318,0.51840866,0.37221742,0.28082645,0.06941864,-0.048479214,0.20269896,-0.2744003,-0.53081167,-0.30139086,-0.12798846,0.9627395,2.0932722,2.4268813,2.705888,2.804275,2.2415485,0.8211471,0.16970393,0.46784848,1.1024673,1.0968156,-0.05703935,-0.4894995,-0.99545074,-1.4721533,-1.6387254,-1.4839829,-1.1018364,-0.5570873,0.3121748,2.1317563,3.5328794,4.63956,5.4750733,3.9732146,2.4766445,0.7293246,0.023339733,0.20119481,0.038934924,-0.24951968,0.2759536,0.80221355,0.4331849,0.1147989,-0.014739364,-0.1569873,-0.35811335,-1.263535,-1.1300173,-0.64644855,0.7767266,1.6970577,2.1308372,2.4706159,2.3997798,2.593906,2.6356902,2.694947,3.0129595,3.488562,3.7328203,4.057224,4.0979376,3.3932152,2.2131975,0.45315498,0.16888548,0.16776273,0.16897401,-0.058384866,-0.20036994,-0.3665629,-0.45438927,-0.41832545,-0.28437114,-0.27099648,-0.2409502,-0.2539097,-0.25346968,-0.23378903,-0.20016363,-0.067775995,-0.08190045,0.05941342,1.0697244,2.6991057,4.074748,5.3593435,5.5936403,6.151192,6.4679804,5.89515,4.600073,3.6801147,3.435443,3.272756,2.8692875,3.10174,3.3908064,3.7848,4.489026,5.148818,6.2765026,6.23182,7.4076777,9.037723,10.172655,10.529725,11.119497,11.596996,11.909281,11.966209,11.384103,11.381758,11.381865
-2.2556486,-2.2348676,-2.1759915,-2.1068182,-2.095484,-1.9900062,-1.9106513,-1.8826799,-1.6140423,-1.4525536,-1.2935233,-0.9062961,-0.545505,-0.16370168,-0.45670182,-0.6975512,-0.42604685,-0.31929272,-0.736758,-1.4749029,-1.9169412,-1.9081972,-1.9929192,-2.2985764,-2.490282,-2.2029247,-1.7841926,-1.7146661,-1.4864664,-1.6272706,-1.5133984,-1.3806823,-1.1519077,-1.1104221,-1.2260516,-1.418946,-1.093776,-0.6530885,-0.5968518,-0.7943365,-0.5621501,-0.4659332,0.18690726,0.6860819,0.32171723,0.015261091,-0.11934826,-0.19779503,-0.29332444,-0.6137345,-1.0339334,-1.4496498,-1.4805778,-1.3331445,-1.3962045,-1.5031521,-2.1363206,-3.1345906,-3.1775527,-2.939611,-2.304727,-1.5930581,-1.6975613,-1.7019284,-1.5085204,-1.2660679,-0.9481205,-0.9148532,-1.3728958,-1.817141,-2.5886335,-2.5557027,-2.173635,-1.8541198,-1.7234006,-1.5887778,-1.5815898,-1.6212561,-1.6853452,-1.7287112,-1.7134107,-1.693569,-1.4233468,-1.3725636,-1.441175,-1.3908861,-1.5047938,-1.8870407,-2.1991527,-1.8370867,-1.0892643,-0.6523031,-0.59364104,-0.60830265,-0.617199,-0.5698062,-0.55064905,-0.59056616,-0.5557245,-0.58002186,-0.58619374,-0.6985483,-0.7575778,-0.9497595,-1.5077093,-2.1691837,-2.842339,-3.268558,-3.4080925,-3.562056,-3.8176522,-3.9257498,-4.115327,-4.191594,-4.051266,-3.9341698,-3.8726013,-3.8958201,-3.8781912,-3.808947,-3.80174,-3.74613,-3.4154792,-3.281015,-3.0686707,-2.969009,-3.3465116,-3.338459,-3.2691467,-2.9044037,-2.6949954,-2.5940824,-2.0964534,-2.0950625,-2.0951288
-0.8925999,-0.8719838,-0.9036597,-0.8189713,-0.80302787,-0.98046976,-1.1509299,-1.3281097,-1.8934479,-2.2643328,-2.2134326,-2.025683,-2.0704403,-2.2774796,-2.331779,-2.3964217,-2.2177405,-2.0337894,-1.9978652,-2.0489843,-2.040692,-1.760309,-1.3593701,-1.0379113,-0.91144776,-1.1376593,-1.5422039,-1.2235615,-0.9512277,-0.97379243,-0.548612,0.14270672,0.16141698,-0.21238895,-0.46143544,-0.88641775,-1.5865467,-2.0178416,-2.3062172,-2.2633634,-2.229268,-2.0347688,-1.5330853,-1.4975414,-1.9799955,-2.22774,-2.4297504,-2.735249,-3.0157256,-3.10722,-2.7219782,-2.5894775,-2.3917353,-1.810993,-1.248867,-0.86875176,-1.087238,-2.1902666,-2.4750204,-2.431116,-2.269019,-2.6253414,-2.7348454,-1.962821,-1.6975582,-1.6835773,-1.761281,-1.9626296,-1.6179932,-1.4222429,-0.6486437,0.569848,1.4534055,2.0658526,2.557116,3.2582154,4.3754954,5.526433,6.1098156,6.9808745,8.582718,11.073951,12.105695,12.238911,12.507361,12.112848,10.469315,8.7606535,6.083714,2.558093,0.87846774,0.5100862,0.51402855,0.5209728,0.4996909,0.41833457,0.3814243,0.38276532,0.27164453,0.12889212,0.025446996,0.065647155,0.17771178,-0.090426326,-0.15632415,-0.016455323,-0.6293012,-1.104555,-1.191071,-1.2017884,-1.1900804,-1.2731427,-1.429895,-1.4864609,-1.4983838,-1.4851015,-1.3918102,-1.1455188,-1.2918816,-1.4545431,-1.5953386,-1.5702991,-1.4087923,-1.3970416,-1.2863467,-1.3538,-1.4669578,-1.5968127,-1.8004987,-1.8872075,-1.7505798,-1.8341908,-0.8048861,-0.8030772,-0.8031534
-1.6029571,-1.6354942,-1.6333424,-1.6213446,-0.26915866,-1.4708575,-1.3358215,-1.3097548,-1.4614106,-1.3334484,-0.98905134,-0.59137017,-0.22240719,0.0007095337,-0.25020957,-1.0114701,-1.2028177,-1.2219683,-1.1164229,-0.77015316,-0.44864166,-0.064011335,0.27030945,0.25117213,-0.105560616,-0.22124481,-0.6146935,-0.79840267,-0.46519172,-0.219535,-0.4349674,-0.6105601,-0.97739404,-1.5213786,-1.832753,-1.5733141,-1.0690935,-0.7105011,-0.24332869,-0.1891872,-0.058064163,0.021169394,0.5581992,0.8138962,0.55975246,0.42374852,0.33643597,0.2303769,0.14157546,-0.14743155,-0.4987501,-0.417592,-0.0125486255,0.22021255,0.13600223,-0.25717953,-0.7525513,-1.5669544,-2.0837994,-2.1060143,-1.6050135,-1.2268801,-1.391609,-1.6509442,-1.7287225,-1.6300259,-1.0439003,-0.21367252,0.029700503,-0.19540147,-0.9432448,-1.0302824,-1.0862471,-1.2470664,-1.4158472,-1.6662631,-1.7990627,-1.7444849,-1.5680718,-1.4625977,-1.4240646,-1.585284,-1.2943558,-1.2653859,-1.1677145,-0.8262078,-0.96227217,-1.0628914,-1.018021,-0.9076454,-0.9201301,-1.0192096,-1.0057893,-1.0010245,-1.0405515,-1.0256107,-1.0255353,-1.0586429,-1.0144497,-1.045809,-0.9857168,-1.0009242,-0.94979334,-0.9773517,-1.1716732,-1.3598065,-1.675583,-1.9183756,-2.0232842,-2.0958402,-2.178421,-2.0332127,-2.071746,-2.0017204,-1.8784542,-1.8080691,-1.8285704,-1.89961,-1.9051449,-1.8699782,-1.8808451,-1.7336636,-1.3607824,-1.3033667,-1.2288566,-1.1751416,-1.7122563,-1.766146,-1.8874143,-1.6437356,-1.4558475,-1.313239,-0.27107275,-0.2687767,-0.26881933
-0.4495175,-0.493037,-0.52214736,-0.5699422,0.21217372,-0.7510687,-0.7415463,-0.50452304,0.20618004,1.0532118,1.2562454,1.4935989,1.6743231,1.9615524,1.9715511,1.4269234,0.7762567,0.4060713,0.23174766,0.08916488,-0.20317665,-0.8702417,-1.4376476,-1.519179,-1.1201875,-1.1734574,-0.6497771,-0.50225705,-0.7539227,-1.345036,-1.5481628,-1.4701221,-1.2380286,-1.0639668,-0.8798809,-0.6300479,-0.35679346,0.011517644,0.6225693,0.9276044,1.1870992,1.027368,0.11643486,-0.30248946,0.17082587,0.43439,0.50317585,0.57950056,0.5781589,0.13917881,-0.4436487,-0.81829214,-1.0047686,-0.87424684,-0.67185587,-0.2872833,0.30307096,0.86676085,0.3882935,-0.26694664,-1.0116329,-1.3787634,-1.4154209,-1.2573333,-1.065274,-0.74531895,-0.39524513,0.032265928,-0.31711787,-0.97075254,-2.4138117,-2.3132908,-1.980941,-1.5612426,-1.336281,-0.87437135,-0.84821117,-0.7193587,-0.65267885,-0.52320564,-0.5145514,-0.6029235,-0.711063,-0.6876159,-0.544078,0.20163831,1.6405938,2.6231146,3.3883462,3.4469466,2.6452646,1.8257413,1.5078613,1.3624485,1.2621195,1.1501106,0.93837184,0.8583355,0.70801085,0.5088809,0.21963501,-0.049046695,-0.2752371,-0.35706195,-0.2770782,-0.34607947,-0.20658588,-0.07358199,-0.10212423,-0.20453265,-0.10350174,-0.35682148,0.012200281,0.23010768,0.026746362,-0.060345814,-0.10255584,-0.20806459,0.06665682,0.33465785,0.41703436,0.35418516,0.17325936,0.10770799,-0.1501764,-0.54700494,-0.7391354,-0.8079579,-0.9009195,-1.1899226,-1.1594826,-1.091672,0.21194974,0.21217652,0.21218069
-1.9147928,-1.9053774,-1.9494147,-2.0779338,-1.692504,-2.1275806,-2.1978288,-2.3621488,-2.635356,-1.999995,-1.7688273,-1.7558264,-1.7866638,-1.7585644,-1.7901846,-1.2842746,-0.6729596,-0.7194296,-0.8251727,-0.8910587,-0.8508215,-1.1431248,-0.7878308,0.05360639,-1.2343241,-1.8083333,-2.1420054,-2.5799205,-2.359466,-2.0437813,-2.705663,-2.8485188,-2.8856783,-2.870947,-2.5602727,-1.9162688,-1.1472752,-0.94428873,-0.79250944,-0.8435528,-0.9572394,-0.8761263,-0.26455587,0.21851973,0.13532549,0.030587703,-0.040028453,-0.14330691,-0.3507952,-0.7765424,-1.4180439,-1.3464711,-1.1313705,-0.9106538,-0.601447,0.060939446,-0.10015923,-0.1523271,-0.14496979,-0.41860184,-0.1308614,-0.13091129,-0.11895707,-0.120437175,-0.3050556,-0.49357623,-0.5573849,-0.6396855,-1.0185765,-1.69576,-2.576771,-2.8731818,-2.9345803,-2.7546768,-2.50426,-2.1172974,-2.0474148,-2.093214,-2.224137,-2.2669306,-2.4862983,-2.3153276,-1.5623178,-0.739547,0.4102411,2.1648178,1.625505,0.9189631,1.1906364,1.6593274,2.0203285,2.2261558,2.2538378,2.271718,2.2875495,2.3194327,2.2788806,2.277243,2.320633,2.3589597,2.4034796,2.205864,1.9630519,1.9767098,2.0671947,1.0766335,-0.08440543,-1.1493899,-1.4155598,-2.1710043,-2.8486443,-3.2083344,-3.3209114,-3.2529128,-3.2349281,-3.288454,-3.2535095,-3.0715957,-2.9661431,-2.8564997,-2.8854747,-2.9086442,-2.9699745,-2.9145513,-2.5129,-2.2079346,-2.1958137,-1.9983747,-1.8981072,-1.4664333,-1.6898947,-1.9090183,-1.692049,-1.692265,-1.6922741
-2.0216727,-2.0653257,-2.111981,-2.180479,-2.3976717,-2.2310333,-2.2559326,-2.2609963,-1.9010342,-1.4013267,-1.2180631,-0.8994738,-0.7350927,-0.39791867,-0.2208511,0.49741927,0.84226096,0.83282304,1.2177435,1.7127006,1.8174572,1.3362787,0.5856597,0.53429115,0.6781006,0.7934427,0.8020132,0.41599187,-0.023178712,-1.2665639,-2.6185703,-3.0337281,-3.0589015,-2.864959,-2.3840268,-1.3476626,-0.16250002,0.4681722,0.7488034,0.77416813,1.5062854,2.1713817,2.3608165,2.292086,2.7740607,3.0345945,3.0728424,3.069623,2.9138274,1.906426,0.7949424,0.541939,-0.17606722,-1.0780736,-1.1144792,-0.66294885,-0.52715313,-0.053891152,0.2814051,0.13394421,-0.41421384,-1.5624664,-1.6813539,-1.4902302,-1.3917105,-1.3973157,-1.4572731,-1.507376,-1.4175119,-1.2051995,-2.022385,-2.824165,-3.0079944,-2.7762487,-2.645084,-2.3676016,-2.316989,-2.2402935,-2.3106441,-2.445128,-2.349771,-2.0368242,-2.2695017,-2.3418515,-1.9577942,-1.0098876,-1.376702,-1.8594761,-1.3945681,-0.4515299,-0.1984354,-0.35258985,-0.43087685,-0.47794068,-0.5167787,-0.5356282,-0.5802541,-0.65083194,-0.7072387,-0.8197478,-0.93816686,-1.1813877,-1.3289548,-1.5288405,-2.1419291,-2.7288585,-2.582825,-2.390128,-2.2889402,-2.2610133,-2.386528,-2.2506387,-2.4222634,-2.6732116,-2.6836197,-2.6518064,-2.508761,-2.4065201,-2.3474681,-2.1967123,-2.1447425,-2.1915855,-2.112886,-2.0079615,-2.0652483,-2.1955647,-2.124028,-2.088101,-2.191801,-2.1504314,-2.3305016,-2.4968128,-2.3970437,-2.3977911,-2.3977563
-0.11830303,-0.17683113,-0.21319303,-0.25555852,-0.11616269,-0.46449852,-0.52940845,-0.6816534,-1.241813,-1.8011997,-2.1115212,-2.035859,-1.6490564,-1.1671422,-0.5057095,-0.06834076,0.51293784,0.8666702,0.8257714,0.25150684,-0.4677427,-0.90655255,-1.0639822,-0.8668194,-1.1247396,-0.7478676,0.20789844,0.39780167,0.22613138,-0.4150503,-0.78926766,-0.72192425,0.32092527,2.5487685,6.290907,9.25901,11.618416,12.408905,12.438029,12.402754,12.420565,11.827095,10.154397,7.472825,4.104787,2.407175,1.606768,1.0269191,0.21771842,-1.113202,-1.9852118,-2.0350149,-1.0749075,-0.207894,-0.34665853,-0.83953303,-1.5793874,-1.9901345,-1.3229274,-0.23009717,1.4017067,2.549508,2.8615332,2.1246674,1.5762722,1.341757,1.4464931,1.793879,1.2722645,-0.08370626,-1.6633841,-1.8702817,-1.8166698,-1.7861315,-1.7407516,-1.7149193,-1.7987852,-1.8180336,-1.8054327,-1.666556,-1.4026397,-1.4488349,-1.5153574,-1.4106027,-1.4159898,-1.2031558,-1.5542588,-1.8548622,-1.8522121,-1.3233855,-0.8586693,-0.38699806,-0.33737904,-0.4532562,-0.48437762,-0.40674186,-0.36316913,-0.30638403,-0.18180384,-0.039559864,0.116083965,0.21873465,0.3032759,0.28463304,0.261176,0.28595656,0.12426406,-0.09756416,-0.20073307,-0.38706642,-0.59958637,-0.88986266,-1.1922543,-1.2204121,-1.1174968,-0.90766656,-0.637871,-0.39438042,0.024748802,0.4351522,0.56898624,0.68457186,0.9856163,1.103012,1.246793,0.5856488,-0.4467864,-0.6699064,-0.7469516,-0.6176161,-0.37360257,-0.0546913,-0.11594713,-0.11630452,-0.11626312
-1.3868017,-1.3858036,-1.3616679,-1.3290671,-2.5214384,-1.1871102,-1.166296,-1.3826972,-1.4724075,-1.2830892,-0.86481047,-0.39029014,-0.19789785,0.08750594,0.58350986,1.460366,1.9224482,1.7503042,1.3795295,0.52168226,-0.2990698,-0.73118186,-1.1258786,-1.0300066,-0.64272416,-0.6215203,-0.37781602,-0.44637382,-0.74074405,-1.2942089,-1.1479588,-1.0063946,-0.76797515,-0.60777026,-0.64528894,-0.3670757,0.13920295,0.8951329,1.1826668,0.8802916,0.21542203,-0.46929392,-1.2219511,-1.3883545,-1.2808734,-1.435868,-1.4894123,-1.3263276,-1.1599283,-0.93023705,-0.8532391,-0.8971225,-0.8732593,-1.0286584,-1.0978878,-1.1582527,-1.3610694,-1.172078,-1.1743901,-0.8431655,-0.3612229,2.0212946,6.7487946,9.489788,10.92836,12.077255,12.596952,12.199806,10.481724,8.147369,3.592504,0.58182865,-0.11301136,-0.49475548,-0.6492332,-0.61202276,-0.68760705,-0.60886633,-0.29186243,-0.1807157,-0.051598236,-0.46735922,-1.232563,-1.5407115,-1.6772511,-1.4925206,-1.9982922,-2.5288486,-2.6669846,-2.5629501,-2.3271003,-2.350912,-2.402717,-2.4030178,-2.3986125,-2.3142483,-2.2322862,-2.3036814,-2.2807484,-2.2071662,-2.1292613,-2.0717232,-2.0773811,-2.0266373,-1.8625051,-1.9003953,-2.0518217,-2.101303,-2.1571312,-2.2802236,-2.1561704,-1.9680858,-1.6598778,-1.3985915,-1.17877,-1.0165128,-0.95116216,-1.0218318,-0.8290213,-0.6819245,-0.58413684,-0.59422356,-0.87574106,-0.7821275,-1.0326514,-1.551044,-1.8326055,-1.6456575,-1.579779,-1.6593608,-1.8382128,-1.8617756,-2.5206046,-2.5216532,-2.521596
-3.4046555,-3.4587343,-3.5627494,-3.6088898,-2.6618047,-3.7654533,-3.87388,-3.8967676,-3.3252442,-2.7069924,-2.575216,-2.3940234,-2.3321047,-2.0468097,-1.9591017,-1.9550209,-1.82864,-1.6428618,-1.0595136,-0.4803429,-0.2416003,-0.42963088,-0.83309543,-1.0277811,-1.4138832,-1.3901727,-1.0348618,-1.2959739,-1.9680501,-2.4404826,-2.7627244,-2.7996354,-2.7253587,-2.5335937,-1.9747502,-1.5908012,-1.9195095,-2.1824331,-2.0431504,-1.6292547,-0.1703597,1.0974197,2.5024447,3.4169395,4.0578613,4.2095695,4.2144485,4.2612543,4.1947756,3.4130492,2.040421,0.7734935,-1.1708009,-2.0986843,-2.0052645,-1.0619103,-0.22520302,0.13624132,0.06517761,-0.72320044,-2.6970472,-2.6457021,-1.9733981,-1.8798323,-2.2299767,-2.8975103,-3.4096346,-3.6596398,-3.4002957,-3.0464756,-3.4008417,-3.3919487,-3.1338189,-2.8140154,-2.613668,-2.4204717,-2.400446,-2.4969416,-2.8063774,-2.8977242,-2.868217,-2.5744972,-2.1473184,-1.8169,-1.3990412,-0.8280241,-0.56679136,-0.24934743,0.6415367,1.4996018,1.9219491,2.0696387,1.9891508,1.9047914,1.8385913,1.8072969,1.7464542,1.7162623,1.6239792,1.5065937,1.3494308,1.1932946,1.0609422,0.7114401,0.100092776,-0.91130704,-1.6674299,-2.108002,-2.1714325,-2.4125538,-2.6762943,-2.8712802,-2.6657803,-2.4186258,-2.5158548,-2.593062,-2.5834172,-2.6436055,-2.7862794,-2.936973,-3.0632067,-3.2342734,-3.6415277,-3.702117,-3.906115,-3.3940563,-2.846809,-2.7733238,-2.6137178,-2.4991832,-2.290815,-2.107594,-2.6611667,-2.6619334,-2.661886
-1.8784271,-1.8995254,-1.909696,-1.9292173,-2.0481057,-2.0637052,-2.183024,-2.341441,-2.4855542,-2.4172661,-2.2034218,-1.7697253,-1.55168,-1.4257143,-1.4745147,-2.0374634,-2.1425123,-1.9433382,-1.774322,-1.4762863,-0.791612,-0.35922217,0.18272683,-0.25742418,-1.1905507,-1.4402251,-1.0582701,-0.2494758,0.21957552,0.37842813,0.23754999,0.17515028,-0.10174069,-0.57499045,-0.8737473,-0.77060986,-0.5010809,-0.4301606,-0.39031878,-0.29161665,-0.41023403,-0.54774994,-0.42472,-0.42396262,-0.5530375,-0.53670776,-0.62755007,-0.7785119,-0.69626236,-0.24595693,-0.005048603,0.03937687,0.6598186,1.3202431,1.1377392,0.27148148,-0.54356396,-1.4465778,-1.6230695,-1.2335863,-1.1997416,-1.0246408,-1.0217319,-0.6243566,-0.5234137,-0.5642402,-0.43865648,-0.09773631,-0.032802135,-0.6048649,-0.6731012,-0.21083477,-0.16736338,-0.3775545,-0.46132416,-0.59110403,-0.4240805,-0.25922227,-0.29896295,-0.32881868,-0.49820772,-0.29787233,0.75020415,1.3511329,1.3754596,0.38702142,0.04885356,0.3547579,-0.034917958,-1.0304633,-1.4022992,-1.2876495,-1.2793797,-1.3316649,-1.3956608,-1.4287944,-1.3935934,-1.3487085,-1.3305424,-1.3059219,-1.2129973,-1.0215962,-0.8123522,-0.81038785,-1.031348,-1.0795331,-1.0781959,-1.2138826,-1.2273854,-1.0738323,-1.0103891,-0.8851566,-1.11583,-1.4146806,-1.4375598,-1.4385003,-1.2016672,-0.8503558,-0.8210921,-0.9774029,-1.2635931,-1.2441918,-0.96357036,-0.89715314,-0.91819113,-1.4330333,-2.2504525,-2.491604,-2.7518883,-2.8448267,-2.6064186,-2.5553613,-2.0491292,-2.0480058,-2.0480616
-4.24088,-4.2833605,-4.2935176,-4.319964,-3.5696218,-4.190693,-4.027608,-3.7504811,-2.860498,-2.0377874,-1.5989968,-1.125919,-0.8762101,-0.6322794,-0.54005957,-0.08913493,0.07103753,-0.023260325,-0.17347491,-0.3121282,-0.58021986,-1.0910455,-1.3394202,-0.38106382,0.56507385,1.011706,0.82412267,-0.0061504096,-1.1577733,-2.4266858,-3.0537615,-3.1765382,-3.3587685,-3.6080258,-3.7978225,-3.59707,-3.6610866,-3.7499084,-3.6030262,-3.363378,-2.1964943,-0.94821215,-0.20358202,-0.31313407,0.028705895,0.30404922,0.4238138,0.4987554,0.39921808,-0.013462141,-0.5141945,-1.020069,-1.980106,-2.3641243,-1.9462388,-0.3877707,1.2818391,2.9997044,3.6737523,3.3630333,0.5316225,-2.5936337,-2.9229856,-2.5738223,-2.4923964,-2.949335,-3.6040206,-4.2735214,-4.2707067,-3.5815,-3.4037104,-3.418479,-3.4013352,-3.328765,-3.220001,-3.1032395,-3.0577397,-3.082024,-3.2146559,-3.4487948,-3.4452143,-3.2478821,-3.5283995,-3.4301696,-2.8405294,-1.2920502,-0.7773844,-1.1609172,-1.2932591,-1.0507927,-1.1291791,-1.2138363,-1.2467705,-1.2580415,-1.2721274,-1.2616209,-1.2895024,-1.3173356,-1.333755,-1.3647845,-1.4181535,-1.568656,-1.6826828,-1.8162792,-2.2072651,-2.7183502,-2.8978193,-3.1754124,-3.2272835,-3.4531322,-3.6942906,-3.7303898,-3.6409564,-3.4141932,-3.3632672,-3.357247,-3.2054532,-3.1901388,-3.2868707,-3.4009464,-3.4487681,-3.447597,-3.5001202,-3.4837193,-3.6694613,-3.7723866,-3.741096,-3.5779955,-3.4799678,-3.3142793,-3.4857714,-3.7087457,-3.570554,-3.5693913,-3.5694294
-2.954023,-2.8670168,-2.8358319,-2.8598526,-3.911633,-2.8020608,-2.769859,-2.734294,-2.3061795,-2.1210341,-2.5404177,-2.9173422,-2.9595826,-2.8728733,-3.0342522,-2.4050448,-1.6791998,-1.2306943,-0.4238122,0.35981274,0.52270246,-0.0065374225,-0.2516454,-0.2972082,-0.41877145,-0.6256083,-0.6194849,-1.1066648,-1.8584368,-1.9401958,-2.1592896,-2.156094,-2.0452888,-1.8531146,-1.651807,-1.6778963,-2.0487983,-1.8889247,-1.1280892,-0.5117838,2.0918612,4.7858353,8.273439,10.52992,12.011472,12.478795,12.62425,12.622695,12.418849,10.949007,8.9145155,7.092222,3.2157254,-0.32988387,-1.1789638,-0.7078061,0.30380768,1.9396346,2.250198,1.494463,-0.45392436,-1.4166341,-1.6299837,-1.9673951,-2.1246123,-2.322945,-2.4515505,-2.366716,-2.2847414,-2.2066302,-2.297368,-2.5014071,-2.4946685,-2.3305004,-2.2953594,-2.3562248,-2.5315065,-2.6967077,-2.83674,-2.9006972,-2.6250894,-2.2961662,-2.7452648,-2.7402058,-2.4466693,-1.7426751,-1.7063859,-1.8905346,-1.401063,-0.34545076,0.11881455,0.15111713,0.038272038,-0.03921117,-0.044843487,-0.030992083,-0.07838619,-0.16622311,-0.2871313,-0.42577094,-0.5955543,-0.79183084,-0.8971454,-1.1413707,-1.9719427,-2.6942399,-2.7802339,-2.8149407,-2.7791781,-2.8094034,-2.9655716,-3.0120933,-2.956274,-2.9749248,-2.9401517,-2.9214723,-2.8273582,-2.7236633,-2.705044,-2.759347,-2.8781672,-2.8397312,-2.8525498,-2.7086234,-2.9127986,-3.1490111,-3.3351092,-3.2368708,-3.0255108,-2.8044264,-2.7093005,-2.4820533,-3.9096923,-3.9120464,-3.9119115
-3.428689,-3.3920908,-3.4063025,-3.350327,-2.2917247,-3.4615092,-3.4856622,-3.491243,-3.206142,-2.9508624,-3.1430283,-3.3100069,-3.2630167,-2.8149137,-2.577826,-2.2827923,-2.0026917,-1.7471447,-1.2923646,-0.943279,-1.114171,-1.3664596,-1.0447003,-0.09852815,0.7171061,0.9927961,1.0152984,0.22125015,-0.9189704,-1.7528309,-2.0857348,-1.9537065,-1.7849929,-1.6410639,-1.2174197,-0.7580059,-0.7432227,-1.1174346,-1.4502139,-1.5681033,-0.5916077,0.45858994,1.2320707,1.7531636,2.364045,2.6386724,2.8208923,2.8299794,2.5629306,1.6040083,0.6427707,0.21971242,-0.4501738,-0.96003526,-0.59221995,1.8682039,4.606865,6.3511915,6.387134,5.042101,1.6063606,-0.8337384,-1.5622308,-1.4576417,-1.3732591,-1.5877064,-1.7310832,-1.7631257,-1.7021112,-1.874934,-2.5993826,-2.4245377,-2.1829581,-1.9168496,-1.6952572,-1.2741628,-1.163399,-1.2910447,-1.4475816,-1.4152939,-1.3876193,-1.3003774,-1.4493513,-1.4075605,-1.030015,0.1055983,1.3082246,2.4498272,3.6543927,4.351674,4.6434503,4.668847,4.7075686,4.6955233,4.684604,4.635392,4.541314,4.4898567,4.3365426,4.0915728,3.759089,3.3556085,3.0790725,2.5178351,1.0171046,-0.4383013,-1.7635674,-2.493804,-2.6314883,-2.9674318,-2.9688392,-2.8359377,-2.2706146,-1.887608,-1.8796307,-1.9648352,-2.0361824,-2.0971725,-2.0483189,-1.9916308,-1.9660292,-1.8762777,-1.99384,-2.077891,-2.349092,-2.015203,-1.5015105,-1.6651542,-1.7483735,-1.9731894,-2.196258,-2.2847211,-2.2914913,-2.291714,-2.2916913
-1.5008876,-1.620398,-1.7426987,-1.8884676,0.28904143,-1.9522376,-1.9132569,-1.6977286,-1.282518,-0.42718104,-0.24672535,-0.34514165,-0.3462569,-0.50119096,-1.3210707,-1.7275584,-2.1488757,-2.55087,-2.8307023,-2.7272358,-2.027433,-1.9299251,-1.6082938,-0.1707398,0.2501377,0.16080695,-0.24911192,-0.67083186,-0.96150327,-0.9681245,-1.462632,-1.9504695,-2.0380251,-1.8493878,-1.8827226,-1.2725959,-0.7321079,-0.77738476,-0.797746,-0.8228001,-0.89638835,-0.6477271,-0.46505725,-1.2182384,-1.7780734,-1.9159547,-1.8788811,-1.6779511,-1.6975424,-1.6438186,-1.5436108,-1.6781139,-2.212851,-2.512535,-2.448307,-1.8713839,-1.2132934,-0.17924339,-0.14881808,-0.7065632,-1.3701403,-1.2190912,-0.73170966,-0.8674398,-1.179476,-1.5212309,-1.8387369,-1.9149427,-1.6781961,-1.678662,-2.1947327,-2.8039923,-3.230319,-3.469889,-3.4135265,-3.1330144,-2.9919486,-2.9098122,-2.9611866,-3.0247662,-2.8246462,-2.2214456,-2.6182096,-2.76665,-2.523311,-1.3519142,-0.497365,-0.11116642,0.18405235,0.36122352,-0.011451215,-0.48324615,-0.46031114,-0.37820256,-0.36582324,-0.40598512,-0.50955033,-0.5716898,-0.6632517,-0.80384314,-0.9180677,-1.2107141,-1.3773094,-1.352712,-1.1514387,-1.384179,-1.1534388,-1.1727445,-1.2117754,-1.4942551,-1.6742098,-1.7136164,-1.5638207,-1.3471063,-1.4348054,-1.6005301,-1.5101095,-1.3169854,-1.0852963,-0.9521238,-0.91699904,-0.85227025,-0.8833411,-0.8951972,-0.6010814,-0.31994158,-0.14388758,-0.016799226,0.028922781,0.49524665,0.08108135,-0.3248952,0.28831112,0.28954393,0.28951472
1.2326783,1.276845,1.2940382,1.3228393,0.98932385,1.5385895,1.6244773,1.5450363,1.0117742,0.3894624,0.81968933,1.4334067,1.5134599,1.4040976,0.9863153,0.58586496,0.091190636,-0.49880564,-0.9946555,-0.64024174,0.3505815,0.87355924,0.7950116,0.19500524,-0.4395653,-1.0572456,-1.7135797,-1.6775799,-1.2901788,-0.7727425,0.13661958,0.870283,1.3403118,1.2590965,0.6746638,0.054669857,-0.15630937,0.014805533,0.40131047,0.68873596,0.35494977,-0.27095288,-0.8818691,-1.1761858,-1.3958642,-1.4694085,-1.5941247,-1.8152778,-2.0070357,-2.1505466,-1.354688,-0.77975357,-0.60333705,-1.0970608,-1.3986359,-2.3597038,-2.398522,-2.3010762,-2.1728425,-2.5327482,-1.7185147,0.023883998,0.91455233,0.94713116,0.70935345,0.7410094,0.38748983,-0.22935063,-0.7615455,-0.8407995,-0.19003302,0.41924107,0.7435361,0.98305213,0.9733914,0.9621284,1.1175866,1.2646933,1.2149107,0.75752425,0.1368978,-0.70074797,-0.4642142,-0.14748278,-0.17175332,-1.474009,-2.0202763,-1.6422153,-1.3240409,-1.2767104,-1.0499117,-0.88524574,-0.78720117,-0.77943647,-0.86773205,-0.9016243,-0.88623226,-0.95456445,-1.0999335,-1.3492627,-1.5346029,-1.5928109,-1.5419748,-1.657649,-1.902214,-1.6162802,-1.2883568,-0.9463538,-0.79178524,-0.5555497,-0.5333603,-0.6900343,-0.6323712,-0.477767,-0.39567104,-0.40789938,-0.36019152,-0.42825592,-0.690284,-1.0267018,-1.2691553,-1.4705825,-1.6158674,-1.7229538,-1.7113914,-0.84735036,0.3523829,0.50640285,0.75009525,0.7631896,0.7694859,0.5468077,0.98759705,0.9892396,0.98920625
-1.8201704,-1.7174463,-1.6965139,-1.6272439,-1.317296,-1.5030432,-1.5093172,-1.5215123,-1.4914743,-1.6893392,-1.7830535,-1.7650049,-1.887271,-2.0604925,-1.8619652,-1.5421268,-1.2743123,-1.016924,-1.0349694,-1.209912,-1.262343,-1.6234243,-2.066242,-1.3963704,-1.1850327,-0.6546459,0.7585488,3.6705947,7.081457,10.6033125,12.404753,12.733574,12.725479,12.473522,11.216151,9.002494,5.401642,2.616043,0.32301295,-0.13339937,-0.25424534,-0.403502,-0.39970383,-0.39815632,-0.6607342,-1.0377314,-1.3352917,-1.6472723,-1.7556455,-1.4658251,-0.5357661,-0.4925566,-0.99601257,-0.60562015,-0.5138798,-1.0019472,-1.281543,-1.9531438,-1.4320124,-0.82897335,-1.097181,-0.90038955,-0.9368097,-0.7016342,-0.7171986,-0.44010833,0.40088138,2.8715591,7.355364,10.028329,12.1743965,12.5839205,12.620003,12.606714,12.550905,12.365047,11.991134,11.525427,11.112474,10.596493,9.518668,6.150196,2.9573383,2.0892587,1.2439646,0.30807883,0.27011806,0.10774482,-0.90429235,-1.9589252,-2.0644064,-1.8802607,-1.731481,-1.6428193,-1.6302915,-1.5965226,-1.5409024,-1.4926322,-1.4708323,-1.4263175,-1.3463721,-1.240671,-1.1447994,-1.005287,-0.6395242,-0.08603388,0.014999121,-0.026322842,-0.025782794,-0.032136917,-0.44877064,-0.65099657,-0.7377175,-0.6282865,-0.65414435,-0.635282,-0.71438324,-0.84075415,-1.1277609,-1.3933238,-1.5312986,-1.6048546,-1.8534222,-1.8682568,-1.7701695,-1.9846102,-1.9190713,-2.1527042,-2.3813555,-2.5774498,-2.6989136,-2.8808937,-1.3214638,-1.3173207,-1.3173505
1.0325161,1.0812749,1.1290623,1.1022518,1.211947,1.0784032,1.0170956,0.80145735,-0.08361861,-0.91073793,-1.0112938,-0.8129109,-0.78493434,-0.77934027,-0.5401195,-0.5831718,-0.5790248,-0.5264687,-0.5043938,-0.5908233,-0.44238105,0.15835276,0.4659378,-0.2106544,-0.8180201,-1.0935211,-1.4405224,-1.2395741,-0.9115908,-0.46787396,-0.22718796,-0.10870356,-0.18484649,-0.54246986,-1.0173802,-1.4746765,-1.9354339,-2.3383763,-2.4770892,-2.2225451,-2.2276943,-2.3815787,-1.8956693,-1.3265897,-1.1158478,-0.952302,-0.99809635,-1.2509156,-1.4361985,-1.4573858,-1.2507576,-1.4564027,-1.9273939,-1.8891373,-1.7572708,-1.6950115,-1.4080384,-1.4903467,-1.4431331,-1.5692492,-1.148065,-1.1031476,-1.3710849,-1.2745883,-1.6353799,-1.947644,-2.0826788,-2.401546,-2.4101856,-1.7798522,-0.91496825,-0.39074528,-0.11403991,0.22072145,0.33217382,0.33223101,0.3279501,0.26881462,0.12641561,-0.12782827,-0.5361978,-1.1085835,-0.5538911,-0.3324735,-0.28247365,-0.6569742,-0.52884865,-0.33308202,-0.3206658,-0.43649644,-0.43608838,-0.3295255,-0.32087016,-0.2795388,-0.26058418,-0.32190558,-0.31777954,-0.28073823,-0.316135,-0.34385958,-0.39987043,-0.31704742,-0.25672522,-0.31648076,0.13065565,0.49962977,0.47299182,0.3025608,0.30145597,0.3943386,0.52030146,0.32266447,-0.079669535,-0.56595194,-0.6952937,-0.8095271,-1.1200161,-1.3589313,-1.6105517,-1.6912878,-1.715064,-1.8230791,-1.6835079,-1.678879,-1.3106039,-0.53563863,-0.0023709089,0.20956634,0.69233626,1.115377,1.4100698,1.603739,1.2119199,1.2122573,1.212202
-2.3386257,-2.2784572,-2.2139754,-2.1460853,-2.8934627,-2.177278,-2.2271543,-2.237002,-2.2169662,-2.0157268,-1.5184163,-0.91763663,-0.71197546,-0.6507299,-0.6681764,-0.93404293,-1.3954015,-1.8167726,-2.4734592,-3.0372944,-2.9085064,-1.8762063,-1.2314248,-1.3733258,-1.407678,-1.8323847,-2.2213411,-1.9542654,-1.5696898,-1.3273811,-1.3289284,-1.4295748,-1.6476827,-1.9420668,-1.9869745,-1.5293288,-1.6292726,-2.2060142,-2.7786644,-2.7656236,-2.3971808,-1.9975095,-1.0560274,-0.5272034,-0.87452006,-1.1426852,-1.355827,-1.7482338,-2.1876726,-2.599731,-2.4805322,-3.1790035,-4.3920765,-4.297038,-3.7895653,-3.2271943,-2.7508097,-3.1872826,-2.9455864,-2.4815845,-2.3835678,-3.2977574,-3.3384848,-2.6792843,-2.7553077,-2.8814871,-2.7018988,-2.5168471,-1.9249094,-1.7779895,-1.6101776,-1.4626789,-1.370568,-1.243479,-1.2189251,-1.337076,-1.3608861,-1.4421169,-1.6740012,-1.7822995,-1.4824436,-1.2298802,-1.1900494,-1.1301955,-1.3051854,-1.8542798,-1.7505836,-1.4640669,-1.851125,-2.5294602,-2.8026142,-2.7753255,-2.6668632,-2.5761368,-2.5327277,-2.5080154,-2.4370234,-2.3863614,-2.358483,-2.3274126,-2.2872174,-2.1839287,-2.0833955,-2.204884,-2.2843533,-2.250109,-2.3655658,-2.454439,-2.3702712,-2.179909,-1.9005473,-1.4232056,-0.88400877,-0.65034425,-0.506251,-0.73803455,-0.8878703,-1.0353076,-1.4783411,-1.7984271,-1.9132018,-2.2088988,-2.453929,-2.450571,-2.4702792,-2.4872618,-2.589211,-2.710733,-2.6473222,-2.4864945,-2.290059,-2.1418512,-2.8949077,-2.8932872,-2.8933282
-1.5455501,-1.538848,-1.4685161,-1.4658575,-0.29569864,-1.2732091,-1.0837579,-0.704206,-0.25555593,0.4203649,1.6242628,2.7691097,3.2587376,3.878212,4.0224743,2.4066072,0.8870903,0.29918233,0.40049258,1.8763455,4.799021,8.487227,11.808383,12.806168,10.435669,7.310277,3.208019,0.58159626,-0.4006957,-0.24480744,-0.5054828,-0.7349832,-0.787881,-0.70378137,-0.399629,-0.33580384,-0.2742333,0.044357814,0.36064526,0.3158984,-0.036890037,-0.39298037,-1.047077,-1.5693283,-1.6294281,-1.35086,-1.0596888,-0.8080405,-0.5476877,-0.5027486,-0.7797837,-0.9125385,-1.0673211,-0.85034394,-0.5686032,-0.40573117,-0.030535322,-0.28282493,-1.2799487,-2.131021,-1.730669,-0.9182265,-0.9442389,-1.3963174,-1.6945755,-1.5706909,-1.3778077,-1.0298166,-0.999681,-1.1719267,-1.1342783,-1.2110741,-1.3662376,-1.6591072,-1.8640862,-2.1648161,-2.1368048,-2.087555,-2.0653305,-2.0900934,-1.8188702,-1.4660122,-1.1396346,-1.1011114,-1.0270654,-1.428328,-1.9366281,-1.4460642,-0.7547293,-0.32864842,0.1836369,0.44976044,0.5288458,0.53260255,0.50954473,0.49471503,0.49239308,0.4858365,0.48678315,0.40622368,0.37992907,0.27202696,0.26064947,0.10864833,-0.6747209,-1.2986698,-1.4482939,-1.4242753,-1.3905733,-1.3613153,-1.4184407,-1.2115681,-1.1805956,-1.3231368,-1.3689983,-1.4993274,-1.669476,-1.8615153,-2.1024985,-2.2157283,-2.2892027,-2.4057488,-2.5086212,-2.551762,-2.5940094,-1.9712951,-1.1064353,-1.0367625,-1.2582672,-1.4706546,-1.5049076,-1.3603992,-0.29634207,-0.29572278,-0.29570353
-2.4904022,-2.4463725,-2.4228823,-2.396482,-3.0292053,-2.2212489,-2.179912,-2.167265,-1.564985,-0.93173283,-0.70735073,-0.4635008,-0.34872812,-0.029278878,0.11353379,0.43380624,0.64205956,0.7528667,1.0082741,0.74193215,0.017341822,-0.7041949,-1.4133197,-1.5820236,-1.3304918,-1.1168469,-0.85893154,-1.1477457,-1.6118248,-2.2261972,-2.288837,-2.2849734,-2.0977302,-1.8780828,-1.6244688,-1.0321851,-0.49804986,-0.17118567,-0.22859186,-0.56623703,-0.8078031,-0.9899992,-0.871472,-0.44912255,-0.087553486,-0.13178135,-0.17547655,-0.12158993,-0.17694667,-0.40482682,-0.3961565,-0.6277077,-1.0057803,-1.3312668,-1.2501438,-1.2771956,-0.9643525,-0.68599164,-0.76989985,-0.9466223,-1.6674013,-1.0466065,0.17384805,0.583065,1.1139116,1.9156809,2.283469,2.3952594,2.0361528,1.4435638,-0.49487835,-1.8072517,-2.0834377,-2.1588027,-2.1522934,-1.9986,-2.0194056,-1.917489,-1.6512723,-1.3276042,-0.86119485,-0.49159288,-0.7667497,-1.0119269,-1.1691904,-1.1423566,-0.7963788,-0.7266407,-0.700942,-0.55747736,-0.53092134,-0.7629608,-0.86320084,-0.8728072,-0.8803889,-0.8412862,-0.8557635,-0.96812755,-1.0401003,-1.1378586,-1.260051,-1.3982829,-1.613423,-1.6998415,-1.7946922,-2.1603432,-2.4928153,-2.5699599,-2.5450478,-2.5668406,-2.3701367,-2.2780707,-1.8518105,-1.5782701,-1.4942536,-1.5120857,-1.4588172,-1.5263903,-1.3471632,-1.2885623,-1.3214921,-1.3907834,-1.6467214,-1.6293542,-1.9163364,-2.373517,-2.573727,-2.5893185,-2.5269196,-2.7068686,-2.782848,-2.6859498,-3.0294778,-3.0291483,-3.029147
-6.1579075,-6.1006756,-6.0331306,-5.948802,-6.1111298,-5.7593746,-5.67307,-5.510973,-5.2088084,-4.9071965,-4.510953,-3.8747022,-3.5069485,-3.1094108,-3.4510775,-3.947786,-4.1907725,-4.2408214,-4.461967,-4.6027083,-4.1585617,-3.391736,-2.935472,-2.5627084,-2.3590322,-2.1766498,-2.156773,-1.5141752,-0.7691376,-0.6992766,-0.51601905,-0.5341104,-0.522486,-0.44994718,-0.14385077,0.2036939,-0.4472733,-1.4520756,-2.443097,-2.6021118,-2.1788542,-1.8097352,-1.2323472,-1.1983631,-1.5306863,-1.6695079,-1.7824948,-2.0122128,-2.2585497,-2.4534645,-2.3227491,-2.855815,-3.7583666,-3.8256145,-3.5868077,-3.3561234,-3.0174265,-3.5867085,-3.849345,-3.69024,-4.0526037,-4.4280405,-4.468936,-3.9155362,-3.6954942,-3.3811135,-2.8622267,-1.9094998,-0.5739011,-0.16828439,-0.5482516,-0.75143874,-0.6433017,-0.78765124,-0.88347924,-1.1472359,-1.1984262,-1.3321302,-1.5369966,-1.5476365,-1.0142349,-1.1520195,-2.0154707,-2.2399862,-2.455514,-2.9443185,-2.7917254,-2.6265767,-3.1588972,-3.7566938,-3.7632592,-3.6913023,-3.58291,-3.496755,-3.4992824,-3.487314,-3.478613,-3.528362,-3.6104174,-3.7467463,-3.834087,-3.950432,-3.991142,-4.2395983,-4.697975,-5.108962,-5.4262915,-5.6534405,-5.6278877,-5.556217,-5.4215746,-4.98152,-4.476534,-4.230022,-4.1210546,-4.316178,-4.4291306,-4.5824404,-4.9650726,-5.329778,-5.56948,-5.7708206,-5.991647,-5.9655814,-6.0798473,-6.3232136,-6.568306,-6.7473764,-6.8491116,-6.9048314,-6.789037,-6.6678677,-6.114091,-6.110817,-6.1109
2.1671567,1.981786,1.863317,1.671981,3.237804,1.5280694,1.4890586,1.3224604,0.4329256,-0.10580821,0.48787338,1.4393625,1.6589268,1.7802505,3.4099293,6.33231,8.093781,9.139256,10.208658,10.930994,10.790414,9.661081,5.906095,1.2906703,0.10390414,-0.35925677,-0.5725791,-0.20888846,0.57930505,1.6012032,2.1544816,1.9696248,1.6537127,1.4935126,1.1223645,0.40203246,-0.294656,-0.34158608,-0.50185657,-0.31647286,-0.7868851,-1.3468198,-1.1634333,-0.37264588,-0.2548219,-0.44541147,-0.7249861,-1.1037009,-1.3183217,-1.4231355,-1.4288005,-1.8305923,-1.3270376,0.14455101,0.3394145,-0.2751001,-1.3206904,-1.7782813,-0.4362187,1.2684233,3.2042978,3.9298012,3.3917155,2.365861,1.4095371,0.3744777,-0.14389822,-0.12799156,0.21848819,0.85744834,2.2054868,2.377693,1.9512298,1.4306307,1.2403377,0.7876674,0.7535509,0.7896996,0.8966099,0.8366699,0.486058,0.30571347,0.47649476,0.46748623,0.21015142,-0.17155692,-0.010182314,-0.112762034,-0.6236039,-0.9738052,-0.7043582,0.015307039,0.18340576,0.10468963,0.079110235,0.14619306,0.3706067,0.6967685,1.09674,1.8185151,2.532621,3.679572,4.437348,5.336268,6.6150875,8.111202,9.02862,9.3929,9.464024,9.68879,10.011559,10.345091,10.752891,11.034215,11.13033,11.165093,11.2044,11.123993,10.95854,10.758828,10.5854225,10.353269,9.837659,9.807667,9.493843,8.655157,7.430495,6.9263344,6.1557612,5.1882553,4.796954,4.4021177,3.2393947,3.2374902,3.2374458
-1.8366466,-1.9102544,-1.9684554,-2.036381,-2.2567906,-2.2055745,-2.3020542,-2.2156608,-1.6037679,-1.0898689,-1.2459097,-1.3937646,-1.3533282,-1.1494324,-1.5304236,-1.6168616,-1.7947419,-2.0119739,-1.9628183,-1.6760392,-1.1669658,-0.9061568,-0.56845176,-0.47744304,-0.6837863,-1.1450051,-1.1844482,-1.3526251,-1.0659992,-0.8893334,-1.1046927,-1.4282589,-1.5329976,-1.4526272,-1.3608501,-1.0110813,-0.51322615,-0.27309567,0.09436045,0.1948335,0.35819745,0.11784148,-0.94749427,-1.5907698,-1.1110847,-0.72690237,-0.6099759,-0.50493836,-0.49763602,-0.7307869,-1.0534501,-1.0956314,-1.305603,-1.691941,-1.7107587,-1.8073018,-1.296747,-0.3847872,-0.6030841,-0.78248614,-0.6875695,-0.30383742,0.114624836,0.40168965,1.3238814,2.3921084,3.1470714,3.6969428,3.1068084,2.7676437,0.99424726,-0.34602842,-0.9218447,-1.2744966,-1.4382138,-1.54339,-1.6884136,-1.7207847,-1.5869966,-1.6088715,-1.7305267,-1.9595942,-1.9188915,-1.7592819,-1.3932973,-1.0572102,-0.82154447,-0.57109416,-0.34931964,0.0315073,0.15013544,0.08723684,-0.0027198493,-0.038223132,-0.07051793,-0.13727736,-0.26580077,-0.33669916,-0.44479746,-0.5556159,-0.71826446,-0.9325704,-1.1168003,-1.0594245,-0.8137919,-1.0679262,-1.1324252,-1.2448152,-1.322623,-1.5434899,-1.5016379,-1.4094851,-0.8851514,-0.6252558,-0.7260151,-0.81661093,-0.8394607,-0.940232,-0.63217485,-0.36468548,-0.29072562,-0.19298947,-0.35338378,-0.44597727,-1.1194502,-1.7949233,-2.048668,-2.0101519,-2.1303895,-2.3112912,-2.4365518,-2.4243853,-2.2573612,-2.2567952,-2.2567978
-2.9474545,-3.0210457,-3.0176568,-3.0404098,-3.1009526,-3.0370057,-2.8979142,-2.5167017,-1.669944,-1.0250957,-0.4068501,0.13003653,0.5091048,0.9499152,0.5143272,-0.5494846,-1.6833705,-2.371566,-2.8222165,-2.9576066,-2.4678726,-1.6586157,-1.5104657,-1.9758058,-1.9523131,-1.3762594,-1.4232993,-1.8513885,-2.3335023,-2.3689628,-1.9759402,-1.9581192,-1.8290758,-1.7535144,-1.2285546,-0.24845517,0.5337926,1.0475621,1.2681432,1.1410959,0.4859566,-0.08747417,-0.49524343,-0.5134941,-0.69974923,-0.8601284,-0.9709623,-1.1655693,-1.5653734,-2.3243682,-2.4514694,-2.2783468,-1.9022616,-1.7016959,-1.7876065,-2.48573,-2.5908902,-2.2031016,-2.1868978,-2.036903,-1.9191806,-1.6650982,-1.3453097,-1.2546228,-1.1368994,-0.8742052,-0.8253006,-0.9890618,-1.267851,-1.2114457,-1.4550362,-1.8500843,-1.9245996,-2.1394806,-2.2851155,-2.4934397,-2.5269954,-2.4663594,-2.420323,-2.3881087,-1.8815,-1.5091908,-1.4116042,-1.4023203,-1.4099028,-1.5293721,-1.8403924,-1.9932647,-2.1630254,-2.241418,-1.9599766,-1.8510046,-1.7696755,-1.6995409,-1.6803412,-1.6546425,-1.6164789,-1.6764464,-1.7445896,-1.8844783,-2.0239863,-2.1816812,-2.2185884,-2.4365995,-2.9335747,-3.1217136,-3.219779,-3.2087307,-3.146359,-3.0059083,-2.8327544,-2.4448242,-1.9893531,-1.7730674,-1.6082082,-1.6685927,-1.6457435,-1.7545915,-1.9714994,-2.1639738,-2.290112,-2.494275,-2.6675382,-2.6452742,-3.0040474,-3.091415,-3.0845985,-3.1377995,-3.2968135,-3.432105,-3.297916,-3.050163,-3.1020012,-3.1010046,-3.1009908
-0.4618922,-0.49068034,-0.5410835,-0.49321282,1.9503806,-0.58239627,-0.56642413,-0.3228418,0.21012932,0.4529035,0.46283126,0.44090667,0.54659534,0.7972369,0.9717624,1.3569725,1.3404043,1.1611714,0.9275483,1.0408223,0.9439172,0.5444479,1.5389493,5.1133394,8.846694,10.943395,12.1284075,11.807594,10.145401,6.56734,2.426159,0.9775692,0.29198277,0.29216203,0.20775747,0.28576338,0.6204448,0.71669173,0.29566497,0.040418655,0.04601589,0.17978454,-0.7743207,-1.8381275,-1.6585065,-1.2337133,-0.9533059,-0.61664784,-0.45265868,-0.3778855,-0.6001313,-0.24326563,0.9291316,2.366962,3.8338397,7.5031347,9.211113,9.493574,9.087472,8.336866,6.9917526,3.3994632,0.7878225,-0.058074445,0.32430238,0.6853549,0.7041466,0.67119926,0.24459562,0.6253767,0.9590877,0.61597216,0.24676803,0.20751186,0.31702402,0.72363925,0.91493905,0.93630385,0.8271832,0.49207532,-0.024131058,-0.162236,-1.1032574,-1.4253017,-1.0837802,-0.1583271,0.2610095,0.69764054,1.6215135,2.7171593,2.3683827,1.7577696,1.6114461,1.5026401,1.4193101,1.282833,1.0683221,1.0224088,0.91330504,0.76334095,0.51515305,0.13824865,-0.027072884,-0.030418813,-0.5198487,-0.930612,-0.30907586,0.24166858,0.32419512,0.3694442,0.47815263,0.5459008,0.7934505,1.0836561,1.1014223,1.497304,2.1188526,2.3954048,2.9846308,3.4493256,3.5311894,3.4951005,3.1640778,3.0633183,2.4374294,1.8260949,2.0104012,2.0184069,1.8416356,1.4857857,1.0222485,0.746295,1.950675,1.950496,1.950516
-2.0128505,-2.0564246,-2.0276291,-2.03446,-0.80783015,-2.0079274,-1.872025,-1.7597601,-1.8737867,-1.4072906,-0.75962746,-0.12117931,0.16443413,0.2338058,-0.12615839,-1.413573,-1.9387383,-1.8598943,-1.7190006,-1.5127132,-1.329633,-0.621278,0.38785458,0.18468738,-0.58154875,-0.90888286,-1.4087461,-1.1867231,-0.9094088,-0.91400874,-1.1394773,-1.217284,-1.526781,-1.9574523,-1.9300845,-1.7137649,-1.8790028,-2.1356013,-2.0207448,-1.747546,-1.988781,-2.0596516,-1.6367813,-1.0643814,-0.70557356,-0.36891118,0.0004464984,0.5189024,1.5983462,5.5403886,8.307482,9.42887,10.607243,11.479486,11.7432785,10.297777,7.6660676,3.2040505,0.052971885,-0.5327361,-1.1165638,-1.141005,-1.1687262,-1.1257985,-1.0517473,-0.9524524,-0.82231164,-0.75134534,-1.0096551,-1.6501522,-1.8723283,-1.3960767,-1.393376,-1.728893,-1.9649005,-2.3621376,-2.4140997,-2.3940263,-2.2802677,-2.0132995,-1.6645863,-1.1605399,-0.55296063,-0.42569458,-0.50041056,-0.91459805,-0.948652,-0.7421161,-1.0022885,-1.6415086,-1.870798,-1.8671176,-1.8291686,-1.8034334,-1.8466339,-1.8836913,-1.8573887,-1.8391287,-1.8044416,-1.798574,-1.7032465,-1.5601364,-1.3820004,-1.3008659,-1.5266566,-1.6115332,-1.6459085,-1.6013279,-1.6076784,-1.3426648,-0.96317405,-0.29780915,-0.048151374,-0.26355848,-0.3017273,-0.30906245,-0.34683976,-0.3476154,-0.43461886,-0.5523914,-0.711936,-0.6051357,-0.17393991,-0.10711673,-0.20055446,-0.2988606,-0.9042325,-1.2497625,-1.6495303,-1.9787818,-1.9631138,-1.8738124,-0.8083275,-0.80777204,-0.8078033
-0.5915538,-0.5261629,-0.47166696,-0.45277128,-0.13334937,-0.3799411,-0.3712075,-0.4872596,-1.2318112,-1.7526743,-1.6711521,-1.2342086,-1.1163791,-1.2646871,-1.2361975,-1.4758666,-1.6050949,-1.4457637,-1.2703356,-1.4073186,-1.5309453,-0.8152984,-0.2609063,-1.0015224,-1.5701879,-1.8286176,-1.9633455,-1.4178879,-1.0012741,-1.4732568,-1.6566038,-1.5630424,-1.689256,-1.9503889,-1.8312992,-1.6018603,-2.1044927,-2.4796782,-2.5305521,-2.170307,-2.2138646,-2.0583744,-1.1856705,-0.46396348,-0.36339974,-0.3341001,-0.34453762,-0.43660736,-0.3288263,0.40217793,0.94997513,1.1369239,1.2855484,1.3228632,1.4634075,1.1956546,0.54322773,-0.571378,-1.4039049,-1.5299698,-1.2093693,-1.379514,-1.5344281,-1.7851127,-2.26197,-2.3586433,-2.0648265,-1.8816104,-2.030693,-2.0417085,-1.5781257,-1.1477444,-1.0756981,-1.0233227,-1.0320241,-1.1822318,-1.1181343,-1.0482154,-0.9347571,-0.7570424,-0.6914447,-0.537165,0.38952184,0.80718637,0.8836999,0.5785961,0.23539951,0.29229912,0.293214,-0.046894755,-0.26073918,-0.33441508,-0.3831996,-0.40034187,-0.4315323,-0.51461685,-0.55242336,-0.56017256,-0.63855475,-0.7529676,-0.82908916,-0.7104156,-0.5996233,-0.7130019,-0.5353305,-0.14981246,-0.3492058,-0.44490835,-0.4337509,-0.036716677,0.5694816,0.6940949,0.17809261,-0.558519,-0.81795466,-1.0578064,-1.443861,-1.5496881,-1.6312222,-1.6624771,-1.7651793,-1.6984379,-1.0762326,-1.0100348,-0.34672335,0.8408152,1.1176475,1.0907133,1.039761,0.906703,0.8562941,0.8226533,-0.13275406,-0.13329601,-0.13335581
-1.824901,-1.7527215,-1.6921555,-1.6601622,-1.9124684,-1.604608,-1.7004378,-1.8619208,-2.334289,-2.7499614,-2.753448,-2.57692,-2.5291452,-2.5834048,-2.6913104,-2.8956227,-3.0696282,-3.219172,-3.4492128,-3.5190089,-3.0666895,-2.0825238,-1.438264,-2.4821925,-3.1972501,-3.175017,-3.044044,-2.3093128,-1.3059565,-0.45044684,0.8046304,1.0085813,0.7960903,0.32178983,-0.0860036,-0.2128473,-0.56257993,-0.95976484,-1.4645901,-1.4464133,-1.4352769,-1.66665,-1.35693,-0.9419596,-0.9241858,-0.9104502,-0.9770086,-1.2328944,-1.4310789,-1.4648758,-1.1545143,-1.2142725,-1.5100172,-1.4232951,-1.4989073,-2.3197956,-3.200521,-4.086316,-3.9391937,-3.261848,-1.9889476,-1.5825312,-1.8407485,-1.6515365,-1.8637025,-2.0798776,-2.071189,-1.7103661,-0.83711374,-0.17399931,0.77710724,1.3953623,1.5615599,1.5710435,1.6646533,1.3963346,1.5629947,1.5354185,1.3750947,1.1497203,0.99770075,1.4411955,3.3220527,3.8313394,3.9807973,3.6474109,2.9810085,2.2670655,0.93366396,-0.66801256,-1.377447,-1.5205212,-1.4452662,-1.3680584,-1.3736689,-1.4107888,-1.4030163,-1.3911823,-1.449445,-1.5451987,-1.6115385,-1.52303,-1.4041748,-1.5232484,-1.348549,-0.9502049,-1.041728,-1.163156,-1.1153976,-0.95121706,-0.838413,-0.7715087,-0.8550889,-0.99123377,-1.018959,-1.1057401,-1.2314258,-1.2907596,-1.637005,-1.9107909,-2.0896018,-2.210379,-2.1167436,-2.133112,-1.7837844,-1.5681174,-1.6404557,-1.6498908,-1.6199062,-1.7144432,-1.6279056,-1.6524248,-1.9138702,-1.9121816,-1.912288
-2.0288332,-2.036619,-1.9354985,-1.8982425,-0.7442329,-1.6966712,-1.468058,-0.9791769,-0.45162922,-0.21671206,0.26047304,0.6314349,0.8765409,0.90699077,0.28963596,-1.5059144,-2.901787,-3.5983727,-4.0849857,-3.8508978,-2.8150918,-1.2811421,0.6656147,0.54372346,0.27185997,0.3902642,-0.06950894,0.09188498,0.5308353,1.0251167,1.1761904,0.6548856,0.30864003,-0.27222028,-0.5506042,-0.13416106,0.47727057,0.76927197,1.1461232,1.4983352,1.1820204,0.09424615,-1.2485108,-1.8242342,-2.0829556,-2.008907,-1.8975501,-1.8868452,-1.7022862,-0.85252625,0.32105026,0.7182535,0.41244867,0.4438133,0.31571513,-0.31933427,-0.3904271,-1.029571,-1.5847186,-1.3073636,-0.4922376,-0.0903606,0.03723848,0.42694682,0.109109044,-0.20415103,-0.27748922,0.26432866,0.6408628,0.06271538,-0.15876812,0.043081738,-0.041088715,-0.28107548,-0.527775,-0.8555264,-0.792266,-0.8307881,-1.0154713,-1.1872292,-1.1149616,-1.0904621,-0.15675461,0.30241334,0.30429822,-0.61169815,-1.1114535,-1.0319277,-1.3566965,-1.81425,-1.8385404,-1.707238,-1.5364567,-1.4643502,-1.489267,-1.5176371,-1.4767269,-1.4443938,-1.4559349,-1.5331169,-1.5584009,-1.5333631,-1.3441174,-1.4135923,-1.7971313,-1.7399039,-1.5298529,-1.2551875,-1.1073285,-0.638414,-0.18132381,0.43055332,1.0016168,1.1353383,0.9836104,0.69966125,0.36575797,-0.08248895,-0.6587374,-1.0609645,-1.306676,-1.7903175,-2.358652,-2.4883826,-2.5205517,-1.7800688,-1.166601,-1.0779788,-1.1703805,-1.5787735,-1.5645107,-1.3913994,-0.7448746,-0.74410933,-0.7441685
-2.8644028,-2.740641,-2.7325003,-2.7192576,-1.1978161,-2.6154277,-2.5815516,-2.6168485,-2.3789032,-2.085689,-2.2070694,-2.2862363,-2.222076,-1.9468323,-1.9576101,-1.8943491,-1.7300076,-1.5429533,-1.0371485,-0.30891275,-0.08021504,0.019046307,0.6376146,1.2220848,0.8977236,1.1108489,1.2782288,0.34980553,-1.1545829,-2.092595,-2.2237544,-1.8301336,-1.648282,-1.6249573,-1.3497838,-1.2313814,-1.2860221,-1.2306687,-1.2203608,-1.4055213,-0.7237617,0.02624008,0.59800386,1.4851542,2.3753648,2.6840243,2.858705,2.943896,2.6289377,1.6674411,0.64492124,0.073509164,-0.61441,-1.0534601,-0.75311,0.38280985,1.5450066,2.701891,2.7157803,1.4014752,-1.4741907,-2.9155152,-2.8019505,-2.5108159,-2.6868484,-3.0135798,-3.291861,-3.2435112,-2.4861913,-2.1400485,-2.2422578,-2.004147,-1.7116213,-1.4108247,-1.1883726,-0.85215974,-0.7071339,-0.78011405,-1.0029615,-1.1083729,-1.0796278,-1.1672381,-1.0300618,-0.3851579,0.79658854,4.5181255,7.864254,9.506753,10.826217,11.562615,11.610525,11.150171,11.1114235,11.190296,11.191532,11.138561,11.026048,10.853428,10.5846195,10.093481,9.500244,8.747027,8.198324,7.2081356,5.453937,3.19485,0.6992886,-0.74367535,-1.0426899,-1.6997838,-2.0855856,-2.272871,-2.1958697,-2.0866523,-2.1393347,-2.2374072,-2.4108884,-2.6258812,-2.7677255,-2.822647,-2.809575,-2.6253529,-2.5950842,-2.7026815,-2.6003995,-1.8634361,-1.2513905,-1.0313711,-1.0525942,-1.2319906,-1.5352871,-1.7853808,-1.1988189,-1.1973717,-1.1974932
-2.6893108,-2.6770904,-2.5892317,-2.544023,-2.9400735,-2.4461548,-2.3573213,-2.3193178,-2.2625017,-1.9882821,-1.6185114,-1.3324511,-1.1818777,-1.0397066,-1.4974692,-2.1563768,-2.2171168,-1.9328825,-2.027022,-2.4651198,-2.6315193,-2.1556878,-1.586015,-1.698638,-1.9616606,-1.7564495,-1.7676158,-1.4689665,-1.1371673,-0.7957519,-0.31565607,-0.3127423,-0.29536957,-0.34417564,-0.14420056,0.27789775,0.50434023,-0.14315373,-0.8340397,-1.0789008,-1.2380843,-1.3573817,-0.8998158,-0.5505913,-0.46501747,-0.3824117,-0.32433426,-0.23801559,0.08516461,0.99542916,1.3626251,1.2626051,1.383856,1.3278153,0.77578026,0.05968511,0.20309469,0.24227826,-0.18595311,-0.48772332,-1.156756,-1.3875033,-1.8564535,-1.6910992,-1.5736732,-1.3802081,-1.2146183,-1.0608559,-1.0750234,-1.0930549,-1.0124731,-0.7115331,-0.70668805,-0.9633894,-1.0762689,-1.3015656,-1.3764418,-1.45595,-1.4646655,-1.4547309,-1.4043033,-1.5356374,-1.2371676,-1.1943394,-1.3925985,-2.2047632,-2.214291,-1.8967521,-2.010806,-2.1845684,-1.9771202,-1.7954193,-1.7319031,-1.6718874,-1.6821549,-1.715058,-1.7002393,-1.7027055,-1.6842738,-1.6871455,-1.6505042,-1.685971,-1.7031126,-1.7678288,-1.9293678,-2.4700918,-2.8831725,-3.1696143,-3.207289,-3.2023673,-2.9652815,-2.3879247,-2.1558313,-2.286876,-2.120822,-2.1025162,-2.1701505,-2.2970142,-2.465732,-2.617393,-2.7348628,-2.790794,-2.6332927,-2.5734541,-2.7481296,-3.2273898,-4.012367,-4.3210034,-4.3497443,-4.155691,-3.859833,-3.55164,-2.9410775,-2.9395819,-2.9396427
-1.8935707,-1.8473032,-1.792796,-1.7802966,0.90494215,-1.5766206,-1.498986,-1.3861942,-1.0578356,-0.49506176,-0.27682686,-0.12544402,-0.009789836,0.28405535,0.09796628,-0.8200395,-1.2379559,-0.9736138,-0.511376,-0.19983314,0.13730027,0.30356774,0.33242622,-0.5179499,-1.0798128,-0.13821177,0.8066987,0.60898304,0.5769396,0.5713662,-0.1321868,-0.7792771,-1.3301729,-1.7375326,-1.9196191,-2.0983021,-1.930487,-1.8113635,-1.5081764,-1.545752,-1.5983685,-1.6646768,-1.3951852,-0.6384048,-0.24743585,-0.009749408,0.103313364,0.23338445,0.21257532,-0.48246628,-0.89027286,-0.13630362,0.2903083,-0.38694656,-0.56746984,-1.2216595,-2.012785,-1.8756788,-1.4036386,-1.5752785,-1.3041028,-1.0637958,-0.48674703,-0.39912623,-0.72923183,-0.7757126,-0.42379433,0.014424115,0.03947866,-0.26450357,-0.4653088,-0.9306152,-0.99672365,-1.0992624,-1.111721,-1.2790234,-1.2438542,-1.2967169,-1.3750756,-1.5348318,-1.9456236,-2.0242136,-1.1829889,-0.58514535,0.0051751137,1.3218606,1.8458157,1.4530487,1.8172241,3.5096922,5.7405167,7.3869233,7.573203,7.538267,7.6006804,7.8022976,8.03772,8.207783,8.5177555,8.951359,9.393753,9.604717,9.6864605,9.850087,9.620148,8.89345,7.951845,6.6666017,6.2812943,4.975087,3.0420163,1.3968811,0.3845348,0.012807369,-0.26156354,-0.3717131,-0.42201227,-0.63569576,-0.8929254,-1.02952,-1.1724876,-1.3083699,-1.6005354,-1.6892456,-1.8821763,-1.9263709,-1.5109847,-1.2027557,-0.9032941,-0.575872,-0.5096063,-0.5088301,0.90409034,0.90532273,0.9052105
-3.1065097,-3.150005,-3.1072745,-3.0542085,-4.214099,-3.042332,-3.0098076,-2.905544,-2.6226168,-2.2089965,-1.7760341,-1.4040972,-1.1899081,-1.139397,-1.4079804,-1.8024565,-1.9883103,-2.0596247,-2.524067,-3.0836525,-3.1810088,-2.6590457,-2.3393774,-2.3343303,-1.8927054,-1.6488185,-1.6815926,-1.292388,-0.86198735,-0.67015177,-0.24062487,-0.27783737,-0.27734557,-0.17831749,0.07823956,0.34991255,0.17346308,-0.6181806,-1.5458934,-1.7965328,-1.547658,-1.0834283,-0.20757878,-0.025968924,-0.6671983,-1.1470363,-1.4033418,-1.6546737,-1.8195646,-1.4639697,-0.8116068,-0.89267266,-1.0483181,-0.8628324,-0.99425876,-1.3955507,-1.2304118,-1.2849786,-1.0960429,-0.43343422,-0.41618,-1.2713268,-1.9181879,-1.6001635,-1.3462472,-1.3254826,-1.3061724,-1.1602141,-0.79619235,-0.9716339,-1.0831814,-0.8511986,-0.8261863,-1.1217701,-1.2439811,-1.416356,-1.4390429,-1.4439406,-1.4042904,-1.159509,-0.3058301,0.29142952,-0.43649018,-0.79086506,-1.1891527,-2.0316713,-2.1775246,-2.153291,-2.9276347,-3.8706865,-4.0716324,-3.950765,-3.8163562,-3.732302,-3.71284,-3.6646307,-3.5810702,-3.554357,-3.4842215,-3.4237275,-3.3176656,-3.2490005,-3.1597304,-3.1514733,-3.3694508,-3.5583496,-3.6533232,-3.7253184,-3.7053943,-3.532719,-3.0672293,-2.1208324,-1.2322967,-0.86732525,-0.5977499,-0.83321834,-0.91116595,-0.9448314,-1.2191293,-1.5748438,-1.7485857,-1.9328141,-2.2267296,-2.2170959,-2.5804663,-3.3899202,-4.2974014,-4.639,-4.718348,-4.6965036,-4.3981786,-4.105239,-4.215707,-4.2139425,-4.21396
-4.717609,-4.6256375,-4.574727,-4.529093,-5.955635,-4.3910723,-4.407985,-4.4895515,-4.287247,-4.0581098,-3.9497697,-3.6217728,-3.3511455,-2.909418,-2.9521303,-2.6985343,-2.085009,-1.6086016,-1.3094611,-1.3035791,-1.0948241,-0.86145484,-0.7757738,-1.0433314,-1.7267754,-1.7489355,-2.19874,-2.7275548,-3.0581708,-2.901466,-2.3068075,-2.1512218,-2.0387173,-1.9549282,-1.7648957,-1.201673,-0.9747347,-1.1091775,-1.4211769,-1.5989187,-0.9881352,-0.39574623,0.23682982,0.39911205,0.42170992,0.4897864,0.5209912,0.39837462,0.024448216,-0.6982466,-0.9077419,-1.1025794,-1.8775066,-2.7795653,-2.9528832,-2.9967573,-2.61811,-2.110437,-2.299272,-2.6292274,-3.4754007,-3.6466875,-3.410398,-3.2401524,-3.0271153,-2.5675445,-2.1245759,-1.4844716,-0.87310046,-0.58236223,-1.0793972,-1.832528,-2.0826108,-2.2321477,-2.2676284,-2.4512296,-2.6291234,-2.7900867,-2.8936005,-2.9133337,-2.5475001,-2.5057547,-2.8445194,-2.7039382,-2.3937826,-1.6449947,-1.2708992,-1.2980627,-1.3119948,-1.1193552,-0.97460544,-1.0010347,-0.96588874,-0.93908376,-0.93937165,-0.90088683,-0.88304603,-0.912383,-0.91391534,-0.9746922,-1.0156721,-1.1395197,-1.2285513,-1.4049046,-2.0383272,-2.839922,-3.6350248,-4.149416,-4.2085676,-4.345649,-4.391372,-4.216441,-4.0431275,-3.9613962,-3.8459327,-4.0049486,-4.176544,-4.3446255,-4.5675077,-4.7746234,-4.9052744,-4.9458175,-4.9219837,-4.8551016,-4.842698,-4.9689035,-5.097439,-5.1255198,-5.028201,-4.888875,-4.920795,-4.941712,-5.9557843,-5.955432,-5.9554687
-3.0597696,-3.0560517,-3.0632844,-2.9993744,-3.0597277,-2.9707243,-2.9779503,-2.9126298,-2.4568858,-2.0361478,-1.7617238,-1.5441122,-1.5325158,-1.6955218,-2.034694,-2.3658185,-2.5348852,-2.684308,-3.1505668,-3.6309857,-3.6202822,-3.1659198,-3.4065218,-3.04032,-2.378925,-2.1003885,-2.2876458,-2.0539382,-1.9844071,-2.1048427,-1.5416411,-1.2403109,-1.3987014,-1.7424722,-1.8204285,-1.4569991,-1.679348,-2.235281,-2.6725125,-2.6062593,-2.0814555,-1.6085079,-0.7738552,-0.6719146,-1.3000724,-1.5515118,-1.6535478,-1.8906355,-2.211742,-2.345673,-2.160481,-2.8543,-3.9056826,-3.9395218,-3.446003,-2.8146763,-2.2865849,-2.8236916,-2.7058158,-2.2236593,-2.412706,-3.078276,-2.7459168,-1.9324408,-1.7965741,-1.8292706,-1.9006418,-2.0058846,-1.3364116,-0.9584371,-0.74194294,-0.6471517,-0.45391646,-0.47329617,-0.52629685,-0.8092786,-0.89236104,-1.0022343,-1.2643863,-1.3060961,-0.8713602,-0.83686507,-1.1356609,-1.1844648,-1.3148185,-1.3424526,-0.5727025,-0.29005307,-0.92312515,-1.9842056,-2.4806914,-2.597226,-2.503457,-2.384111,-2.3424106,-2.3072739,-2.2539957,-2.2654982,-2.28979,-2.302649,-2.2628136,-2.1795945,-2.1391408,-2.2361495,-2.124566,-2.0455782,-2.433031,-2.754136,-2.7816343,-2.7881148,-2.7345364,-2.5882096,-2.1414123,-1.5737036,-1.4050374,-1.5346875,-1.5403897,-1.5913908,-2.019088,-2.3750367,-2.4172006,-2.5739832,-2.8632824,-2.8835046,-2.9198427,-2.9804468,-3.110608,-3.2384114,-3.3243585,-3.4147341,-3.2487323,-3.1529284,-3.0620217,-3.059423,-3.0595088
-0.27507314,-0.5514216,-0.74232256,-0.98278064,0.1865564,-1.235198,-1.227298,-1.2399006,-1.1035053,-0.92156494,-0.49497703,0.04347453,0.26593533,0.323064,0.659589,0.4562314,0.3150003,0.5578468,0.94133407,0.99897015,0.62445056,0.44971275,0.23125303,-0.8653813,-1.5870167,-1.4490999,-1.1026614,-0.6266796,0.036637664,1.2220876,2.463291,2.5372787,2.4602888,2.265533,1.8970218,1.4281638,1.1923203,0.8997406,0.45724332,0.27799556,-0.14340077,-0.6464677,-0.53924334,0.17089912,0.016410887,-0.6212424,-1.1343092,-1.4776679,-1.5329274,-1.3058741,-1.2879143,-1.6685158,-1.2936008,-0.004206598,-0.0520612,-0.8138921,-0.9860264,0.45641997,2.9511497,6.3383245,9.645894,11.285899,10.857681,9.446918,7.5748672,4.7272606,2.212401,1.1268046,1.1776206,1.4993947,2.3271494,2.5302134,1.9876802,1.164392,0.9015324,0.45886534,0.3002742,0.29130915,0.28129867,0.22827762,0.59187114,1.5698297,1.201287,0.5971334,0.030779809,-0.52830774,-0.47330987,-0.6893437,-1.2872348,-1.871825,-2.000041,-1.7364459,-1.6396611,-1.6392035,-1.6714779,-1.6138971,-1.4808514,-1.3687999,-1.1661665,-0.8467449,-0.4964202,-0.025041968,0.3050431,0.85617447,1.5978884,2.1909432,2.5536933,2.5038722,2.4509542,2.428477,2.4814003,2.853001,2.9030058,3.0501847,2.9900928,2.9891183,3.13348,3.1770728,3.2381635,3.127657,3.0162926,2.9967756,2.4851842,2.295385,2.4085264,1.9730171,1.1082091,0.8675725,0.49546063,0.13295549,0.20491228,0.19281888,0.18698674,0.18672425,0.18669909
-2.053111,-2.1372318,-2.253617,-2.3415332,-1.472012,-2.6234057,-2.80098,-3.0244603,-2.831675,-2.5304656,-2.2874336,-2.0233998,-1.9016006,-1.4379005,-0.9986834,-0.3973545,0.18870518,0.24880452,0.06530831,-0.32388574,-0.3832808,-0.61273336,-0.92443395,-0.9548249,-0.89094895,-0.8028177,-1.0816896,-1.7945774,-2.330417,-1.8838367,-1.3571026,-1.1379249,-0.9287468,-0.82482564,-0.8984695,-1.0531588,-1.4297929,-1.4765294,-1.3027711,-1.187962,-0.606253,-0.33369875,-0.6596067,-1.071146,-0.9174684,-0.73727345,-0.59455645,-0.57732385,-0.68966025,-1.2998519,-1.6097628,-1.6802498,-2.2096744,-2.3980112,-2.3379316,-1.8284231,-1.145312,-0.011153817,0.020491108,-0.18302634,-1.1028852,-0.45858407,-0.0787805,-0.06700274,0.3129148,0.60647446,0.38269752,-0.05036138,-0.78443146,-0.72317016,-1.0445206,-1.4499292,-1.4035058,-1.1058055,-0.9162044,-0.61329305,-0.65953594,-0.6883299,-0.6856104,-0.68332154,-0.6476259,-1.0017048,-2.0752752,-2.3577073,-2.4166777,-2.3603144,-1.6038979,-0.62071455,0.6719825,1.6831814,1.555865,1.0380535,1.0111316,1.0388038,0.9834624,0.9116725,0.8155801,0.7593976,0.67119205,0.45417815,0.18386115,-0.16435516,-0.40434042,-0.6320976,-1.0864769,-1.8529894,-2.417408,-2.5421705,-2.5593138,-2.6604815,-2.639298,-2.611317,-2.3252745,-1.9868226,-1.86905,-1.8721828,-1.9292876,-2.1324039,-2.128303,-2.1317685,-2.0989828,-2.1261578,-2.384353,-2.4149034,-2.471012,-2.1972876,-1.574523,-1.4221756,-1.1511167,-1.0180575,-1.083673,-1.1110604,-1.4718894,-1.4718254,-1.4718089
-0.31095597,-0.13022402,-0.051196996,0.121066414,-1.4747081,0.19827929,0.10173176,-0.033710018,-0.29099676,-0.26311427,-0.17384109,-0.25834212,-0.61654973,-1.2544181,-1.3819542,-1.034546,-0.6746291,-0.38310087,-0.3584302,-0.4296757,-0.6779164,-1.1409507,-1.756778,-1.4351159,-1.4528167,-2.0159698,-2.5095854,-2.033317,-1.56615,-0.34347004,1.0378449,1.6004882,1.370132,1.1669116,1.1974828,0.77146363,-0.45046875,-0.96265805,-1.2013967,-0.9379839,-0.6032017,-0.30016977,0.22842717,0.45389283,0.2583765,0.048578866,-0.15969466,-0.5086923,-0.76692843,-0.73830765,-0.1296994,-0.4102249,-1.5311012,-1.6572478,-1.4723797,-1.4813412,-1.5123487,-2.2878094,-2.2754564,-1.9367887,-2.248277,-2.3352945,-2.02392,-1.4058964,-1.4349976,-1.4474599,-1.2390971,-0.7032274,0.5356031,1.5278288,3.5419443,4.2973657,4.398192,4.2248526,4.087614,3.3933868,3.0705047,2.7303529,2.4129388,2.240189,1.7048907,0.40607706,0.3448891,0.8963822,1.1628807,1.086151,1.0466049,0.75975186,-0.34401453,-1.8430531,-2.599059,-2.7412965,-2.6716685,-2.5696945,-2.5149112,-2.485906,-2.4603689,-2.4137762,-2.3870246,-2.2897756,-2.1549363,-1.9259939,-1.7775778,-1.6046569,-0.8932053,0.13112712,0.15556212,0.1077708,0.11006218,0.11112207,-0.11760177,-0.05915466,0.4750994,1.0714014,1.2491257,1.4895028,1.3812258,1.0678644,0.5470838,0.18126786,0.1644269,0.1019474,-0.15901752,-0.08233912,-0.039028466,-0.50986433,-0.6694046,-0.8302573,-0.8945693,-1.068265,-1.1270504,-1.1718295,-1.4752911,-1.4748371,-1.4748452
1.7711983,1.6786556,1.8739964,1.9765851,-1.5562735,2.5696058,3.1184871,4.3336616,7.176145,9.082654,9.865424,10.425219,10.542393,10.627917,10.3996935,10.052841,9.319632,8.424844,6.587942,3.8258414,1.3453361,-0.3549813,-1.118883,-0.7845729,0.53488135,0.9929175,1.1691144,1.0292829,1.1025219,-0.16967034,-1.0841534,-1.1105777,-0.9242593,-0.7906438,-0.8492007,-0.53295547,-0.057297736,0.20311318,0.41132194,0.5270766,0.649935,0.15458152,-1.2380884,-1.9445401,-1.497887,-1.2857642,-1.2830844,-1.1540235,-1.0775828,-1.2439978,-1.5998945,-1.7310805,-1.1762775,-0.3132543,0.2338317,0.6400629,-0.051765084,-0.7967387,-1.2476971,-1.3527204,-0.6974554,0.090589434,1.53103,1.9390671,2.7135694,3.5232959,3.986951,3.83704,2.12997,1.2949616,0.3291401,-0.24127714,-0.44777662,-0.27234495,-0.16020764,0.18324646,0.2449617,0.424264,0.7568459,0.63054067,0.0988507,-0.5530188,-1.5913081,-1.9819226,-1.8119277,-1.1735075,-1.6802955,-2.5423193,-2.8847375,-2.309017,-1.9125137,-1.5227991,-1.5474651,-1.6078906,-1.590184,-1.5274794,-1.4820246,-1.4590217,-1.377691,-1.233993,-1.1967115,-1.2804348,-1.3664885,-1.2722855,-1.1223857,-1.2592528,-0.83746076,-0.51403946,-0.4767787,-0.4356172,-0.40378198,-0.34539372,-0.25494176,-0.16547875,-0.11600888,0.1515499,0.52005523,0.61937016,0.8805022,0.97857517,0.9155981,0.6359719,0.41628096,0.48295584,-0.24785449,-1.0758767,-1.0525508,-0.74163514,-0.54641855,-0.2721864,-0.3367775,-0.3381206,-1.5547764,-1.5569837,-1.5568886
-0.36017048,-0.33796918,-0.2684413,-0.22959286,-1.5766732,-0.34449086,-0.42307737,-0.3353542,-0.0065880716,0.8242133,1.0520046,1.0127412,0.86375207,1.0136852,0.76664627,0.676645,0.47140306,0.4105155,0.6085088,0.9471949,1.2992997,1.375697,1.9181907,1.35849,-0.4082153,-0.95839536,-0.72004014,-0.8808937,-0.9218754,-0.46463037,0.5625891,1.1535472,1.2656087,0.8860595,-0.08849423,-0.6666538,0.018195808,0.6489748,0.93745095,0.66651356,0.4719168,0.26744413,0.046038657,0.5152433,1.4493847,1.8277658,1.9511951,2.0948977,2.0924346,1.2834587,0.27574855,0.5783687,1.9603767,3.1666384,3.1812556,1.9233474,0.95784533,1.0618451,1.2260606,0.93643665,2.1106775,3.2666957,2.151369,1.2864912,1.7228885,2.2943714,2.3110573,1.6158063,0.3845673,0.05295814,1.2632964,2.1120014,2.2980196,2.2253802,2.1712031,1.8615854,1.5647328,1.2900926,1.0189795,0.86770034,0.70166135,1.3723174,3.0230331,3.5352325,3.595121,2.5186586,1.121474,0.8483374,1.166149,1.5980451,1.4325862,1.1370857,1.0710578,1.1005926,1.1560245,1.1732867,1.1816998,1.2068857,1.2406278,1.3478634,1.4494874,1.4871848,1.5133715,1.7658772,1.9432349,1.8590292,2.1326866,2.036789,2.073747,2.1715524,2.3733861,2.8691418,3.3404946,3.4163055,3.5187013,3.5859702,3.5985336,3.6097243,3.4499328,3.2624903,2.941557,2.7470822,2.392387,2.451677,1.8114468,0.58914566,-0.2332379,-0.51816607,-0.72033274,-0.64201874,-0.53953,-0.29789048,-1.5734806,-1.576555,-1.5764977
-6.231632,-6.192255,-6.1693153,-6.1202793,-5.8267574,-5.9893885,-5.929901,-5.8638763,-5.548621,-5.250766,-4.8906746,-4.2546372,-3.8576577,-3.4857163,-3.745111,-4.3400736,-4.434293,-4.323092,-4.3450704,-4.4680777,-4.2466025,-3.6893673,-3.5288186,-3.449725,-3.3406444,-3.236605,-3.512663,-3.4075568,-3.1743214,-3.083362,-2.7296867,-2.7118487,-2.7550466,-2.7739472,-2.2493072,-1.4686239,-1.7455769,-2.4638522,-2.9917881,-2.9090633,-2.117929,-1.422605,-0.3381176,-0.05075191,-0.49347332,-0.7524661,-0.9263618,-1.2278138,-1.5435863,-1.7330396,-1.5938067,-2.290606,-3.8099785,-4.5599008,-4.46668,-4.032325,-3.3595848,-3.5794058,-3.8834028,-3.839285,-5.0133142,-5.6307106,-4.9193535,-3.9749966,-3.977776,-4.0509725,-3.7983444,-3.1037924,-2.1058595,-1.8928938,-2.699037,-3.0164747,-2.9557538,-2.9507427,-2.937663,-3.0727687,-3.0734572,-3.1428764,-3.3116946,-3.30495,-2.842688,-2.8752394,-3.1829345,-3.1056716,-2.9872744,-2.6309838,-1.9902868,-1.8169073,-2.3149176,-2.9038064,-2.83329,-2.660983,-2.5567708,-2.501504,-2.5237014,-2.5161257,-2.5138838,-2.5623174,-2.6281075,-2.7746947,-2.8692377,-2.9799347,-3.0346088,-3.3708582,-3.926774,-4.4654355,-5.2743144,-5.7960663,-5.8800955,-6.0183783,-6.0894775,-5.9165983,-5.598181,-5.3583684,-5.279484,-5.4962034,-5.7176723,-5.971624,-6.347519,-6.6414165,-6.7520027,-6.8400393,-6.9083214,-6.8919945,-6.7846003,-6.534876,-6.5378866,-6.5922256,-6.574305,-6.5553865,-6.4475927,-6.4081163,-5.829719,-5.8264484,-5.8265467
