0,1,2,3,4,5,6,7,8,9,10,11,12,13,14,15,16,17,18,19,20,21,22,23,24,25,26,27,28,29,30,31,32,33,34,35,36,37,38,39,40,41,42,43,44,45,46,47,48,49,50,51,52,53,54,55,56,57,58,59,60,61,62,63,64,65,66,67,68,69,70,71,72,73,74,75,76,77,78,79,80,81,82,83,84,85,86,87,88,89,90,91,92,93,94,95,96,97,98,99,100,101,102,103,104,105,106,107,108,109,110,111,112,113,114,115,116,117,118,119,120,121,122,123,124,125,126,127,128,129,130,131,132,133,134,135,136,137,138,139,140,141,142,143,144,145,146,147,148,149,150,151,152,153,154,155,156,157,158,159,160,161,162,163,164,165,166,167,168,169,170,171,172,173,174,175,176,177,178,179,180,181,182,183,184,185,186,187,188,189,190,191,192,193,194,195,196,197,198,199,200,201,202,203,204,205,206,207,208,209,210,211,212,213,214,215,216,217,218,219,220,221,222,223,224,225,226,227,228,229,230,231,232,233,234,235,236,237,238,239,240,241,242,243,244,245,246,247,248,249,250,251,252,253,254,255,256,257,258,259,260,261,262,263,264,265,266,267,268,269,270,271,272,273,274,275,276,277,278,279,280,281,282,283,284,285,286,287,288,289,290,291,292,293,294,295,296,297,298,299,300,301,302,303,304,305,306,307,308,309,310,311,312,313,314,315,316,317,318,319,320,321,322,323,324,325,326,327,328,329,330,331,332,333,334,335,336,337,338,339,340,341,342,343,344,345,346,347,348,349,350,351,352,353,354,355,356,357,358,359,360,361,362,363,364,365,366,367,368,369,370,371,372,373,374,375,376,377,378,379,380,381,382,383,384,385,386,387,388,389,390,391,392,393,394,395,396,397,398,399,400,401,402,403,404,405,406,407,408,409,410,411,412,413,414,415,416,417,418,419,420,421,422,423,424,425,426,427,428,429,430,431,432,433,434,435,436,437,438,439,440,441,442,443,444,445,446,447,448,449,450,451,452,453,454,455,456,457,458,459,460,461,462,463,464,465,466,467,468,469,470
13.618567,13.63769,13.566626,13.416247,13.328815,12.958088,12.458548,12.066935,11.641422,10.291504,7.341978,4.1608543,2.7036958,1.7354333,0.7245765,-0.107769415,0.13865605,0.2893952,0.2533931,0.21911721,0.34856516,0.4761311,0.6189225,0.47954905,0.37662292,0.39682248,0.914589,1.1977819,1.7010916,2.9429018,3.0988188,3.1057916,3.1304672,3.1608052,3.1623495,3.275788,3.2589388,3.2202435,3.053295,3.0669863,3.047119,3.0730796,3.2094822,3.794519,5.746358,7.502037,8.147006,8.889267,9.076473,8.058173,7.1668234,6.224742,5.2633104,5.5213404,5.409819,5.34894,5.331896,5.183355,4.6890755,4.041049,3.1500587,2.2679982,1.3745759,1.2362753,1.214469,0.9007999,0.74961865,0.6316738,0.53857994,0.4846942,0.45611596,0.46390778,0.4101716,0.25508186,0.058991574,-0.099830866,-0.06381717,-0.02274017,0.028228015,0.13905194,0.22422448,0.16603023,0.100164205,0.07926455,0.09146744,0.06062424,0.059949934,0.07251191,0.04028368,0.014597148,-0.019891113,-0.05426541,-0.0377803,-0.39420182,-0.45903832,-0.31199917,0.3908627,-0.6735302,-1.7091106,-1.8236978,-1.0723573,-0.92064905,-0.8310023,-0.5223844,-0.20775244,-0.07111707,-0.08614187,-0.27895147,0.4250193,2.2832844,3.2730253,4.9145327,5.115877,6.265687,7.9809146,9.554216,10.72416,11.226435,11.168685,11.257275,11.259621,11.216421,10.839947,9.689884,8.31452,6.4592786,3.6299899,2.797591,2.0562057,1.6311426,1.7957547,2.1962435,2.3134656,2.1703699,1.7256801,1.261006,0.9585785,0.7075911,0.37727627,0.056711853,0.015160646,0.17497946,0.3825722,0.54199874,1.4748397,1.3239425,1.0799992,1.0663435,1.4526219,1.5987121,2.0198762,2.2409925,2.9885712,3.839874,3.3186579,2.0678515,1.0623219,0.5441096,0.37795326,0.37229973,-0.13704754,-0.37171718,-0.3832539,-0.35652,-0.4073978,-0.34928676,-0.16727594,0.16309723,0.7069682,1.3393248,2.5389442,4.324106,5.734313,6.7243156,7.2641497,7.3390684,7.9823914,8.212143,8.480359,7.84684,6.712527,4.919957,3.135928,2.4660897,2.809512,2.4286208,2.1299968,1.1249058,0.067528106,-0.9363637,-1.2258493,-0.86763525,-0.71911705,-0.7641133,-0.53035074,0.5446024,-0.18761438,-0.8187367,-0.099922955,0.20874354,0.19925533,0.2838627,0.470994,0.7039902,1.0523833,1.4827759,2.7453876,3.6541715,4.06361,3.6839552,2.7934513,2.2594347,2.2299752,1.9736019,1.6757594,1.2027376,0.59370303,0.18930027,0.04797493,-0.09487945,-0.30080602,-0.5031629,-0.5495773,-0.49868843,-0.46980307,-0.53317565,-0.6091623,-0.3934254,0.50046444,1.0539496,1.2132179,1.293715,1.205706,1.0698656,0.9380674,0.6753845,0.60728955,0.117096,-0.63642037,-0.88630974,-0.860557,-0.6428086,-0.4824438,0.5130951,1.216947,1.306975,1.5355536,1.6025598,1.796048,1.9828515,2.0185397,1.956056,1.330686,-0.012307063,0.082755744,0.86775327,0.91155374,0.536124,0.27388301,0.10534549,-0.08296736,-0.15575492,-0.13101736,-0.13623893,-0.14367186,-0.15429083,-0.12626027,-0.13853447,-0.1617074,-0.10291114,-0.079574645,-0.09504275,-0.33544278,-0.5437736,-0.0856193,0.8007654,2.1196992,2.9500604,3.288141,3.3770442,3.4150648,3.7991261,4.130058,4.3220806,3.4737673,3.659854,4.92477,3.2842386,2.905713,0.9619005,-0.23377365,-0.5180486,-0.24702404,0.08753063,-0.12209219,0.39714223,1.9752371,2.626608,1.9672182,1.1895764,0.9811013,1.7809467,3.4204955,5.5626073,6.277832,4.1165586,2.852942,2.8458395,2.3941646,2.0348372,0.9178149,0.06382455,-0.8730241,-0.9499468,-0.7498855,-0.6009011,-0.77353454,-0.7001245,1.01053,0.8164903,0.15136337,0.053230405,0.44070363,0.44162795,0.53045577,0.6532404,0.8744358,1.2320107,1.6681862,1.8319242,2.5863285,3.6185822,5.167328,6.216933,7.138793,7.4572754,7.0143304,5.639893,3.9470558,2.9627051,2.2787375,2.6800766,2.6292925,2.4688869,2.2260847,1.6172447,0.418429,0.70435095,1.470035,1.6862125,1.9012234,1.8662256,1.6930196,1.4093416,1.0214803,0.28875202,-0.7190059,-1.0255485,-1.0485716,-0.48592007,-0.09776923,0.3289605,0.5268967,0.80241966,1.0181493,0.85295457,1.1781307,0.5867334,0.15736745,0.20372245,0.06087929,0.33485848,-0.46128994,-0.87714076,-0.71268475,-0.36293304,-0.024389744,0.23247786,0.6629854,1.3268479,2.158342,3.3808212,4.6800337,5.2884645,5.7540026,5.7327657,5.3681364,4.656433,3.8951206,2.986549,2.194532,1.3939707,0.9598809,0.92923254,0.87440825,0.37561506,-0.29603907,-0.66256964,-0.67395866,-0.602049,-0.5171531,-0.41031513,-0.20551138,0.36083835,1.1046703,1.2040642,1.169337,0.37894636,-0.6077109,-0.94937205,-1.2644145,-0.8625413,-0.5369623,-0.47881466,-0.55014277,-0.036975928,0.3806455,0.58778346,0.78532904,0.8088579,0.3939865,0.050771832,0.5297363,0.9902771,1.3444545,1.4795707,1.3455374,1.4142518,1.4297974,1.3002732,1.2435437,1.3874667,1.587708,1.6777792,1.7832817,1.7863789,1.6638113,1.5767716,1.4227343,1.2494208,1.1519015,1.1437168,1.3857989,2.139662,2.7497492,3.0657792,3.1926851,3.303276,3.1289937,3.0522366,3.094345,3.0389822,2.9656358,2.9973829,3.0287886,3.1833086,3.7092583,4.4351654,6.4204893,8.3168335,9.577605,10.770758,11.856714,12.159203,12.331703,12.645752,10.829891,10.82714,10.827116,10.827172,10.827124
-2.652375,-2.647697,-2.66641,-2.6834815,-2.6691344,-2.703007,-2.7341905,-2.710992,-2.6916263,-2.6449986,-2.815455,-2.4979382,-1.9399734,-1.5087378,-0.8969684,-0.5390901,-0.91493297,-0.9891535,-0.9741953,-0.9834591,-1.0731114,-0.9971875,-0.7570083,-0.51321214,-0.3797509,-0.5685084,-0.86023325,-0.98262537,-1.0809779,-1.8532035,-2.1320112,-2.1180146,-2.1027455,-2.1132972,-2.0707822,-2.039593,-2.0179992,-2.0442128,-2.0268703,-2.005867,-1.985811,-2.0206633,-2.0514574,-2.082345,-2.1298397,-2.1244175,-2.257345,-2.5176144,-2.6656075,-2.8058872,-2.8146362,-2.6312695,-2.4310737,-2.158965,-2.0820255,-1.9459004,-1.8421842,-1.9608917,-2.0198646,-2.0424795,-1.9866749,-1.8351389,-1.6780405,-1.6874506,-1.7789869,-1.7569188,-1.7519343,-1.79001,-1.7832158,-1.7396839,-1.6842861,-1.6351117,-1.6067549,-1.4859545,-1.2371912,-0.8929775,-0.6948009,-0.5596231,-0.5785356,-0.5990225,-0.7807268,-0.9609501,-1.1121495,-1.2994787,-1.4560812,-1.5626309,-1.6107211,-1.6241884,-1.6321162,-1.6557127,-1.6774559,-1.7713953,-1.8282237,-1.6396732,-1.6789875,-2.1835515,-1.5282925,-1.4036777,-1.5890882,-1.6015022,-1.5766028,-1.4107227,-1.4318402,-1.6648419,-1.899258,-2.0253544,-2.0124826,-1.9494408,-1.6900663,-1.3185709,-1.1002197,-1.1943281,-1.1856358,-1.1605321,-1.2319558,-1.5391934,-2.0627372,-1.9779118,-1.9314921,-1.8738074,-1.8314815,-1.7738253,-1.8661494,-1.9645267,-2.0207586,-1.9397277,-1.7522811,-1.684843,-1.7183399,-1.9167485,-2.15047,-2.274947,-2.3295875,-2.3941145,-2.4487178,-2.397298,-2.3488498,-2.1813288,-1.8194091,-1.302094,-0.70156497,-0.47897488,-0.5528657,-1.327378,-1.5169799,-1.6049621,-1.7090261,-1.4861557,-1.5896466,-1.5985787,-1.6516736,-2.1667912,-2.1481323,-2.0479245,-1.7743833,-1.6998372,-1.5594649,-1.4716773,-1.2233776,-1.1568608,-1.0150173,-0.97035146,-1.0220169,-1.0479014,-1.0758705,-1.1412451,-1.2261263,-1.3317277,-1.6818779,-2.5510323,-3.372174,-3.2961226,-3.2491007,-3.4656749,-3.2212942,-3.0283175,-2.916844,-2.7882144,-2.7870667,-2.8868794,-2.970586,-2.9366248,-2.8089783,-2.8282666,-2.726374,-2.7087522,-2.7334332,-2.7531788,-2.704985,-2.5871592,-2.6241052,-2.5257888,-2.3240905,-2.4826367,-2.8098001,-2.1689224,-1.8585123,-1.8087375,-1.7903705,-1.6134422,-1.3422254,-1.079218,-0.93063694,-0.7810673,-0.50866497,-0.11026366,-0.70649946,-1.1883565,-0.7369064,0.034024864,0.5523845,0.47443822,0.34853855,0.37494627,0.43872294,0.50840366,0.13319182,-0.40882638,-0.8427872,-0.9380964,-1.0044004,-1.152277,-1.2896013,-1.4626309,-1.6423432,-1.6724069,-1.6531965,-1.6013813,-1.37932,-1.1449745,-0.9722301,-0.8397918,-0.76721054,-0.734856,-0.8872178,-1.2840822,-1.618176,-2.094118,-1.9525001,-1.815047,-1.9247857,-2.2462285,-2.637868,-3.298991,-3.4356909,-3.2968402,-3.1562827,-3.057478,-3.0550642,-2.9910228,-2.8757133,-2.8839855,-2.925262,-2.9056497,-3.1642444,-3.1937954,-2.2156322,-1.5280616,-1.1490872,-1.0465045,-0.9363434,-0.8830694,-0.91265285,-0.8761595,-0.8483254,-0.78930277,-0.7298205,-0.68055016,-0.6073274,-0.4938909,-0.38170734,-0.26083064,-0.3618133,-0.61460954,-1.0418336,-1.6378477,-2.0736327,-2.0431867,-1.9007831,-1.7299963,-1.6589143,-1.60792,-1.6194997,-1.6538098,-1.7798078,-1.7160985,-1.6005427,-1.4578638,-1.5911939,-1.2694346,-0.8318374,-0.4559907,-0.23268615,0.19997066,0.020662196,-0.53658676,-0.10573283,0.53029937,1.0492129,0.9876386,0.6028135,-0.037074808,-1.0702274,-1.9711084,-2.5217924,-2.52313,-2.6237907,-2.5093262,-2.5687034,-2.6475973,-2.6861844,-2.6847787,-2.564704,-2.546989,-2.2778971,-2.0070934,-2.250087,-3.037222,-2.6598682,-2.106021,-1.8991145,-1.6930237,-1.5641708,-1.1451106,-0.8850182,-0.76617885,-0.7333807,-0.8039961,-0.96322316,-1.0354854,-1.3799485,-1.8839426,-2.2620482,-2.311315,-2.304565,-2.162304,-2.1216567,-2.1666803,-2.2483275,-2.1945155,-2.260156,-2.0587215,-2.0933459,-2.0932887,-2.1441302,-2.246128,-2.3499596,-2.6316483,-2.8243353,-2.7589521,-2.6135836,-2.5212305,-2.4424567,-2.4400332,-2.703751,-2.8229065,-2.607709,-2.6717267,-2.7545414,-2.7650547,-2.7145624,-2.706273,-2.7168207,-2.8150833,-2.8933353,-2.8634048,-2.360624,-1.3764229,0.16711941,1.6190412,1.8717521,1.0730109,0.40999663,0.30642435,0.4518202,0.6474454,0.7109345,0.7643225,0.72576857,0.7476916,0.75984573,0.7170546,0.30224955,-0.018341005,-0.2426183,-0.32674348,-0.2299898,-0.20492871,-0.11784979,0.009597585,0.10588449,0.11744404,-0.23604798,-0.8440229,-1.1552231,-1.2297965,-1.2537984,-1.280872,-1.1697265,-1.0836914,-0.988311,-0.86566514,-0.76533437,-0.8153374,-1.0225121,-0.98172367,-0.90442413,-0.90284026,-1.1743178,-1.6581143,-2.2387726,-2.0145726,-1.3493543,-0.44800377,0.13330744,0.59469384,0.6298364,0.29125664,-0.2970674,-0.85070395,-1.1195623,-1.1900357,-1.721155,-2.1753867,-2.4902213,-2.6200058,-2.6971831,-2.8605688,-2.9369829,-3.0537992,-3.3291473,-3.3806522,-3.1136901,-2.5553627,-2.1983216,-2.0880952,-1.9960176,-1.9636228,-1.9205292,-1.9285839,-1.8992062,-1.7168454,-1.7301362,-2.0181456,-2.3550286,-2.3213415,-2.094911,-1.9516282,-1.9426442,-1.926208,-1.9136562,-1.9180391,-1.9387603,-1.947442,-1.9585793,-1.956393,-1.9290919,-1.8900827,-1.6719736,-1.4193494,-1.3405334,-1.1730523,-0.9479635,-0.9388082,-0.9482701,-1.1548612,-0.20050874,-0.20043218,-0.20038518,-0.20049736,-0.20042965
-0.51969135,-0.5646793,-0.65355617,-0.72376025,-0.70334995,-0.78557813,-0.8869824,-0.92384636,-0.98214924,-0.752079,-0.27045932,-0.14753747,-0.0106918365,-0.018757656,-0.30489233,-1.2012947,-1.9410594,-2.827836,-3.1471167,-3.1764443,-3.217704,-3.2793632,-3.3962507,-3.511265,-3.5265083,-3.1167088,-2.1294112,-1.2912008,-0.744544,0.058949426,0.26799917,0.27558744,0.20129791,0.20595452,0.15724283,0.15047285,0.110807106,0.19496465,0.124126285,0.1409628,0.110331446,0.14519879,0.07115567,-0.05768025,-0.29561737,-0.700132,-0.8429204,-0.98873043,-1.379372,-1.6849697,-1.738577,-1.8547969,-1.9670014,-2.1231222,-2.1598115,-2.027556,-1.7870339,-1.523274,-1.2380569,-1.0807467,-1.262845,-1.7452376,-2.1879296,-2.1436515,-2.1513295,-2.1898985,-2.2402802,-2.3156333,-2.399406,-2.4805245,-2.5238333,-2.5331073,-2.5150614,-2.4329076,-2.2762659,-2.0350404,-1.8945333,-1.7737763,-1.6823027,-1.6365342,-1.5549343,-1.4761491,-1.4105997,-1.3243759,-1.2362776,-1.155135,-1.0781955,-1.0416852,-0.9788747,-0.93779576,-0.92109567,-0.987642,-1.2098826,-1.4726162,-1.4434155,-1.1439676,-1.2340884,-1.9365257,-2.9986973,-2.6673594,-2.6325674,-2.5021927,-2.426171,-2.485077,-2.6191607,-2.975154,-3.1018145,-2.6223507,-1.8343658,-1.8864015,-2.1554818,-2.8486588,-2.9417326,-2.7472959,-2.5904384,-2.4035788,-1.7775791,-1.2994637,-1.3052146,-1.2117174,-1.2275193,-1.180722,-1.1145879,-0.6539366,-0.092875846,0.4031903,0.8525826,0.9832742,0.48310006,0.079496846,-0.021988362,-0.11863282,-0.19187975,-0.21599199,-0.06394162,0.07772477,0.20012881,0.19031484,0.03197753,-0.20390727,-0.59709245,-0.90059006,-0.968961,-1.3883082,-1.936556,-2.1665409,-2.1441152,-1.7685506,-1.6457807,-1.9560888,-1.7441559,-1.512799,-1.4993471,-1.1539638,-0.7269508,-0.73283136,-0.76933795,-0.55919296,-0.17689788,0.11035147,-0.058354523,-0.019917918,-0.03055761,-0.047117464,-0.154214,-0.42095557,-0.9115782,-1.2144481,-1.1913724,-0.9667518,-1.0243093,-1.083096,-0.771338,-0.72599685,-0.48194587,-0.40207693,0.052270122,0.37286985,0.24370374,0.4732261,0.5536537,0.61517465,0.37313393,0.024575353,-0.1665728,-0.2998374,-0.25965473,-0.6436395,-1.1494117,-1.3077321,-1.4599535,-1.955354,-2.3069506,-2.2820125,-2.4043567,-2.2173452,-2.7568784,-3.2953188,-3.007202,-2.8850183,-2.760689,-2.653838,-2.6201797,-2.5891361,-2.5992146,-2.530102,-2.3324714,-2.6225567,-2.919114,-2.8131692,-1.9547389,-1.3970855,-1.1563735,-1.0844566,-1.2013326,-1.4890199,-1.8253405,-1.7416279,-1.4849951,-1.3634036,-1.3757286,-1.314336,-1.3028495,-1.226798,-1.0006988,-0.836511,-0.80818665,-0.794003,-0.6511783,-0.5947392,-0.70499957,-0.9369485,-1.2164661,-1.4223719,-1.4822195,-1.4802701,-1.4849595,-1.7444544,-2.018926,-1.6749128,-1.4207278,-1.0488936,-1.0103843,-0.5705758,0.08052787,0.23054025,0.3140399,0.34192804,0.32977313,0.29019105,0.26097506,0.12409675,-0.30127236,-1.525455,-1.8001478,-1.562479,-1.8548236,-1.9846201,-1.9310849,-1.900802,-1.9200583,-1.9763427,-1.9539372,-1.9607427,-1.968575,-2.0157728,-2.0476046,-2.0734303,-2.1122947,-2.1619203,-2.2056448,-2.137683,-1.8961928,-1.449172,-1.1394982,-1.0633514,-0.56979215,-0.16347863,-0.08685206,-0.1113348,-0.23152043,-0.44271284,-0.78144765,-1.253434,-1.6722795,-1.7262256,-1.6927811,-1.5459603,-1.5437962,-2.3427277,-2.6902118,-2.8974376,-2.9419231,-2.682663,-2.2564445,-1.8250856,-1.3770504,-1.2092475,-1.6071168,-2.110023,-2.2180576,-2.049896,-1.5570911,-0.9491766,-0.26838094,-0.13689765,-0.2831595,-0.4404093,-0.41199404,-0.32808816,-0.8182097,-1.266768,-1.4580537,-1.6343132,-2.0322416,-2.239701,-2.1450698,-2.1429706,-2.1851482,-2.369863,-3.191577,-2.9455247,-2.545328,-2.3568947,-2.170267,-2.076157,-2.0445507,-2.0965085,-2.2099965,-2.202656,-1.981946,-1.4688703,-1.3751677,-0.8598459,0.30787075,0.27918366,0.400697,0.62730265,0.36344132,0.2210348,0.07794252,-0.03020969,-0.07540837,-0.13776612,-0.31626195,-0.5414492,-0.68058133,-0.5243476,-1.0877914,-1.3720866,-1.4363354,-1.6655426,-1.9632707,-2.1137686,-1.9007993,-1.5341351,-0.96106607,-0.76620466,-0.46498638,-0.16228577,-0.09835242,-0.13445689,-0.18524966,-0.16025347,-0.1253954,-0.62318885,-0.70468175,-1.1914853,-1.7823288,-2.1976783,-2.2102506,-2.0495148,-2.1689324,-2.4115324,-2.511797,-2.2126,-1.9362574,-1.8185757,-1.7329285,-1.8284163,-2.028466,-2.1831024,-2.3932421,-2.4578388,-2.447771,-2.4756312,-2.603359,-2.5835714,-2.6680965,-2.601244,-2.338666,-2.0401406,-1.9115934,-2.0014255,-2.165472,-2.284337,-2.254813,-2.1683507,-2.3320088,-2.4724507,-2.5313072,-2.5293918,-2.279667,-1.969991,-1.8370775,-0.9264729,-0.01580289,0.14006087,-0.16942604,-0.28560168,-0.78576875,-2.212801,-2.6055295,-2.3171701,-1.9541376,-2.1522079,-2.4412851,-2.5536804,-2.4072537,-2.246203,-2.1774526,-1.8639925,-1.067565,-0.48427728,-0.13046718,-0.17250589,-0.24636507,-0.43606818,-0.82925713,-1.380684,-1.9114653,-1.6629534,-1.9552147,-2.6689956,-2.9017153,-2.9306016,-2.9100502,-2.8758702,-2.8835762,-2.8478935,-2.5436642,-1.8981878,-1.7462517,-1.5493636,-0.99632215,-0.7510526,-0.67663664,-0.72164416,-0.74499357,-0.790201,-0.80086285,-0.8834539,-0.85779107,-0.9355141,-0.9819142,-0.91850305,-0.7719832,-0.6603775,-0.62444556,-0.623258,-0.7513208,-0.9972838,-1.1314855,-0.9714316,-0.79615724,-0.5980699,0.57151747,0.57177013,0.5717891,0.57175976,0.5717834
-2.0947483,-2.0495589,-1.9183097,-1.8184409,-1.7502643,-1.5623406,-1.3892026,-1.2314456,-1.1146008,-0.7497542,-0.0031598099,0.37541637,0.46876317,0.5554352,0.91071403,0.78358126,-0.18970534,-1.247731,-1.6783019,-1.7319968,-1.8792113,-1.981315,-1.9800653,-1.9007862,-1.8660064,-2.058724,-2.0152519,-1.7762493,-1.5691335,-1.7145338,-1.9030638,-2.0241446,-2.1052926,-2.139334,-2.1826663,-2.1776328,-2.208216,-2.2438264,-2.2714891,-2.2556877,-2.2354898,-2.2101963,-2.2396657,-2.1981962,-2.012939,-1.7670845,-1.6892,-1.6254815,-1.6569624,-1.7554312,-1.7021536,-1.6837785,-1.7401038,-1.7010779,-1.8018626,-1.8493986,-1.8871379,-1.9169682,-1.8947207,-1.7838511,-1.7227457,-1.6588823,-1.7088947,-1.6537898,-1.6121246,-1.777433,-1.8897266,-1.9622028,-1.9741614,-1.9816382,-1.9097493,-1.7293737,-1.5858874,-1.3724945,-1.087462,-0.750214,-0.6241355,-0.5366287,-0.5330242,-0.73484635,-1.0762451,-1.3361627,-1.4904491,-1.6077881,-1.7119882,-1.7607297,-1.7776538,-1.7978872,-1.809316,-1.8130546,-1.8219458,-1.8691659,-1.8670775,-1.5976024,-1.3313133,-1.4497651,-0.92390364,-0.5579436,-1.0449866,-1.1791269,-1.1435018,-1.099318,-1.0834421,-1.215178,-1.3726032,-1.4340873,-1.3581272,-1.4879563,-1.3917836,-0.79273456,-0.3715942,-0.38737294,-0.3667755,-0.16991706,0.10015741,0.13427022,-0.5883604,-0.9513768,-1.0371277,-1.0270319,-1.0214658,-0.9632728,-1.0150564,-0.90545607,-0.7480526,-0.70395416,-0.35821795,-0.31280857,-0.57061934,-0.67140913,-0.66931295,-0.9672523,-1.3241068,-1.6504269,-1.7457528,-1.5788953,-1.443621,-1.5520709,-1.6077564,-1.5644358,-1.4497,-1.3098246,-1.2736063,-1.4148962,-0.62464786,-0.15808791,-0.35659596,-0.43375677,-0.6355428,-0.70464796,-0.483356,-0.8479292,-0.8783398,-0.48558164,-0.4273728,-0.5536687,-0.55420375,-0.47706065,0.11388376,0.8803828,0.8291757,0.35843033,0.022214502,-0.10375127,-0.1990869,-0.30853772,-0.46866703,-0.5877176,-0.8056566,-1.1504577,-1.1977639,-0.7937925,-0.6102992,-0.8942091,-0.88227415,-0.78756136,-0.73906803,-0.68710864,-0.7620501,-0.79554224,-0.8436587,-1.001472,-0.8978833,-0.9236132,-0.9898099,-0.99633366,-0.8351563,-0.5935569,-0.5933275,-0.88255,-1.1937995,-1.6199517,-1.8642341,-1.282035,-0.73056376,-0.20887965,-0.14028804,-0.34685922,-0.82016593,-1.5894578,-1.8811553,-1.8839855,-1.8862559,-1.8254848,-1.6356187,-1.6654352,-1.9028001,-1.8143404,-0.9271413,0.087272614,0.40797758,0.2983557,0.08499867,0.012963757,-0.043036796,-0.06329985,-0.33315426,-0.61392134,-0.869756,-1.2014761,-1.5448526,-1.480047,-1.2006239,-0.91353333,-0.620131,-0.48322842,-0.531823,-0.6792358,-0.95471066,-1.2763232,-1.5513666,-1.8235251,-1.8863889,-1.7676704,-1.6119609,-1.3897679,-1.2275807,-1.5670027,-1.4952728,-1.1664561,-0.9751093,-0.70652443,-0.78166354,-1.2237921,-1.4931319,-1.6210082,-1.7055074,-1.7622501,-1.9002748,-1.9695735,-1.9736089,-1.9236667,-1.7465144,-1.3794502,-1.3257282,-1.2331172,-1.1497219,-1.1500282,-1.0557381,-1.0088207,-0.92557645,-0.9205239,-0.9993112,-0.9646225,-0.96121776,-0.9413955,-0.91862434,-0.8772613,-0.79493344,-0.6702907,-0.5402911,-0.24464214,-0.0699888,0.050478786,0.04800371,-0.08450269,-0.35533583,-0.43871516,-0.4092856,-0.4532796,-0.6013636,-0.7313235,-0.8592778,-0.99468595,-0.8663623,-0.59585726,-0.9837413,-0.8756285,-0.95104194,-1.2008485,-1.0210903,-0.861121,-0.6301004,-0.023051836,0.19574864,0.25915402,0.73431027,1.6313634,2.8099935,2.924184,2.2788208,1.4909647,0.4516296,-0.5098423,-1.3512534,-1.2543955,-1.0304004,-1.1019006,-1.0416324,-0.7825707,-0.55792046,-0.6987363,-0.9811893,-1.2701478,-1.6316032,-1.756028,-1.4211996,-0.9527451,-0.76364964,-0.24185069,-0.36260393,-0.34064063,-1.1880963,-1.5629585,-1.5369103,-1.4807019,-1.4708444,-1.4340849,-1.2582464,-1.0057366,-0.48896134,-0.4949994,-1.0263141,-1.2962201,-1.0298519,-0.87894565,-0.900384,-1.0180485,-1.0451021,-0.9437514,-0.86177444,-1.0335693,-0.99199605,-0.7452111,-0.50681764,-0.46491984,-0.7320987,-0.6574959,-0.5947507,-0.6810933,-0.63423806,-0.68323696,-0.6689822,-0.7134899,-1.0129099,-1.3347437,-1.2173752,-1.1418426,-1.1971763,-1.4334548,-1.5918939,-1.7342166,-1.8350667,-1.910177,-1.8499482,-1.5636889,-1.4928151,-1.3191116,-0.30819184,0.9826158,1.3409498,0.7831094,0.35320598,0.014272876,-0.38970813,-0.60416996,-0.75152564,-0.9019214,-1.2964358,-1.7507064,-2.1004143,-2.25558,-2.0621083,-1.9787359,-2.0384138,-2.1018174,-1.8803746,-1.7498437,-1.5765045,-1.3001375,-0.99890655,-0.6496866,-0.51513284,-0.83657813,-1.1282349,-1.2309878,-1.1766788,-1.1134205,-1.1716187,-1.3407606,-1.4273349,-1.3890172,-1.0682601,-0.78666687,-0.834639,-0.6258148,-0.5498979,-0.7063911,-0.8506212,-1.0327662,-1.3556855,-1.5695448,-1.2755756,-0.45368722,0.33696437,0.60270506,0.24486415,-0.513218,-1.0168111,-1.2274173,-1.2225053,-0.99191064,-1.2446117,-1.4791483,-1.6356227,-1.7776031,-1.8523228,-1.9939554,-1.8967466,-1.7753505,-1.564568,-1.3082376,-1.282892,-1.6067433,-1.7016361,-1.7197491,-1.6982026,-1.6079311,-1.6615465,-1.8259697,-1.830445,-1.459547,-1.1634972,-0.9311665,-0.82781106,-0.67876494,-0.54128516,-0.589744,-0.61297405,-0.6585197,-0.67490447,-0.7038776,-0.6678382,-0.6167677,-0.6200398,-0.5655555,-0.51187974,-0.47663176,-0.5297662,-0.58580494,-1.1037129,-1.295589,-0.93698585,-0.69343436,-0.67088807,-0.84999996,0.5385473,0.5393765,0.5393746,0.5393462,0.53935885
0.255941,0.21359716,0.09820691,0.022456735,0.020225331,-0.14359203,-0.14802806,-0.17555475,-0.033446025,0.12435287,0.2504859,0.19345565,-0.2550575,-0.6096987,-0.9765606,-1.4465723,-1.1882328,-0.58138263,-0.30861497,-0.2703507,-0.19611377,-0.3088531,-0.54399973,-0.62374604,-0.66222686,-0.73798597,-1.1910797,-1.6243289,-1.6325462,-1.4655585,-0.91957426,-0.7329224,-0.5784619,-0.52851164,-0.49250102,-0.524245,-0.4562785,-0.41040072,-0.3468694,-0.35636148,-0.39379257,-0.49159914,-0.5100479,-0.51852703,-0.311423,0.15945695,0.19115952,-0.019038975,-0.21897793,-0.7941463,-1.2138035,-1.3330715,-1.2667774,-1.2767282,-1.0042279,-0.7579402,-0.5099584,-0.40372133,-0.31593433,-0.38692874,-0.47149608,-0.5243862,-0.5134724,-0.38194633,-0.06679675,0.48430306,0.8728845,1.3880407,1.7921942,2.386363,2.914316,3.49351,4.0172215,5.056335,6.1601057,7.7106633,8.64774,9.435783,9.962251,10.769108,11.54507,11.949407,12.168371,12.348389,12.477587,12.573919,12.631939,12.655632,12.680212,12.684978,12.661249,12.616644,12.511763,12.14446,10.953899,7.6767874,2.4367795,1.2393978,1.3400155,0.8747988,1.1750352,1.6074142,1.844771,2.228936,2.764295,3.547583,3.7667017,3.0621395,1.3384668,0.07288031,-0.63534576,-0.8157991,-0.87833667,-1.1802552,-1.3300452,-1.2431965,-1.2033582,-1.1726253,-1.165585,-1.1452668,-1.1316806,-1.0485504,-0.8573387,-0.44647193,-0.21850863,-0.03760773,-0.32356197,-0.5179638,-0.5476432,-0.86979437,-0.8717999,-0.5454082,0.0113194585,0.9784245,2.243456,2.878812,3.0244913,3.197216,3.309486,3.1759634,2.7778208,2.1272717,1.5387294,1.1323464,0.04848215,0.040040813,0.2655295,0.37344643,0.4207874,0.79796165,0.5435859,-0.1131661,-0.361378,-0.44450173,-0.45996696,-0.404046,-0.8881937,-1.105963,-0.78917253,0.28621385,1.4182291,1.7701383,1.8972832,1.9379678,1.956313,2.0704355,2.1396208,1.9903334,1.6794616,1.5731581,0.4812916,-0.75107384,-0.81437004,-0.47520366,-0.14429162,-0.37993044,-0.9343692,-1.3472044,-1.3397423,-1.2863584,-0.9965924,-0.65276706,-0.4822788,-0.32689255,-0.571089,-0.66131604,-0.96756184,-1.132803,-0.886244,-0.19642317,0.7497543,1.6209947,1.767555,0.70211923,-0.9118701,-2.2866354,-1.9314337,-1.5045245,-1.2160994,-0.8311671,-0.81012154,-0.8702377,-0.875736,-0.88623345,-0.86935484,-1.2468967,-1.788205,-1.8745902,-2.154481,-2.4573338,-2.539342,-2.4663782,-2.4877708,-2.5278816,-2.5680285,-2.5379634,-1.5507741,-0.34916356,0.5124141,1.0440316,1.3479773,1.5916762,1.5448811,1.3842149,1.1277376,0.8258647,0.5667465,0.2245527,-0.42302525,-0.79668325,-1.0102375,-1.1168379,-1.0948023,-1.0315346,-1.0151105,-0.9945373,-1.0065154,-0.543732,0.4452754,0.7245387,0.64743394,-0.08876474,-0.9741535,-1.3260306,-1.390857,-1.3841105,-1.4045563,-1.3938411,-1.4296346,-1.5650916,-1.8382587,-2.06935,-2.398641,-2.8814628,-2.1678114,-1.4789709,-1.5245895,-1.5131984,-1.5835547,-1.6424307,-1.6844004,-1.6483985,-1.557416,-1.5308502,-1.5133799,-1.4906462,-1.4846991,-1.4783635,-1.465822,-1.4977789,-1.5408423,-1.8207679,-1.9856973,-2.0428872,-2.1978924,-2.3514047,-2.5237112,-2.2788575,-1.9715853,-1.6497507,-1.2591851,-0.61326253,0.46451968,2.3051977,4.6349134,6.524244,7.6284466,8.817343,10.026485,11.569377,11.550619,11.246197,10.942968,9.917114,7.699746,3.5698912,-1.191154,-1.606525,-0.5173026,-0.033535272,-0.021787032,-0.23073018,-0.9037441,-1.4873202,-1.1333292,-0.64187765,-0.40684295,-0.5013108,-0.6810378,-1.1440744,-1.147156,-0.8438409,-0.09751375,0.89724994,1.5867116,1.7774332,0.8028382,-0.82669914,-2.3474822,-2.2184064,-1.6637115,-1.6487885,-1.4943086,-1.4184246,-1.5269464,-1.5806098,-1.5896556,-1.5369103,-1.4268385,-1.5406585,-1.9877996,-2.2749434,-2.3893154,-2.7058654,-2.4751432,-2.1095748,-1.8552362,-1.620681,-1.0210495,-0.79666716,-0.5969362,-0.8349228,-0.97320545,-1.1799085,-1.420804,-1.649857,-1.2854954,-0.9463766,-0.6259909,-0.51002455,-0.58471316,-0.5194478,-0.45850128,-0.28964776,-0.056913853,0.21312469,-0.11768773,-0.73052406,-1.2160864,-1.6113988,-1.7584901,-1.9159799,-1.9638252,-2.0323348,-2.090279,-1.4108417,-1.425235,-1.4421332,-1.1848342,-1.1047902,-0.82731616,-0.48668933,0.04061088,0.48658207,0.746872,0.54893845,0.1263081,-0.3078223,-0.91706836,-1.4240651,-1.8197076,-2.1352892,-2.145977,-2.0471056,-1.8188848,-1.646147,-1.4638729,-1.4018383,-1.3164105,-1.3335006,-1.3701245,-1.2346973,-1.0735252,-0.9523453,-0.90057015,-0.94237554,-0.6760852,-0.2021394,0.24868406,0.5461345,0.7965043,0.93685025,0.90111566,0.16618085,-0.41290957,-1.0083969,-1.3531926,-1.0616066,-0.36372414,0.20206967,1.4833677,2.360609,2.085081,1.2907304,0.10848377,-0.29981166,-0.10949117,-0.00053469837,-0.082148045,-0.15954763,-0.55756706,-1.3066558,-1.9585297,-2.0389233,-1.9905901,-1.9308891,-1.9038627,-1.8055422,-1.6749535,-1.4301804,-0.7452387,-0.6939007,-0.44680005,-0.26737815,-0.22641762,-0.17859346,-0.1597873,-0.2509909,-0.13298903,-0.004948519,-0.12898259,-0.46416134,-0.6457926,-1.0459521,-1.6546144,-1.7908111,-1.699038,-1.4250755,-1.3247514,-1.2174988,-1.1846465,-1.1465563,-1.1921924,-1.2200978,-1.1950096,-1.2334746,-1.3593044,-1.4515723,-1.3502774,-0.992352,-0.4105171,-0.5386418,-0.55939114,-0.5373055,-0.28792042,-0.28924817,0.013648286,0.009190604,0.009214118,0.009122908,0.009133294
-3.527343,-3.5998166,-3.5973482,-3.548315,-3.5358458,-3.3845234,-3.2409759,-3.1582804,-2.996459,-2.4991171,-1.4819654,-0.7199982,-0.4941059,-0.4085488,-0.5236982,-1.3521087,-1.8741355,-1.5212295,-1.2243819,-1.1762104,-1.027306,-0.7304385,-0.29831457,-0.01215744,0.0534873,-0.21546282,-0.668389,-0.86719877,-1.2136133,-2.20048,-2.2867188,-2.165615,-2.0849972,-2.0410228,-2.0091884,-1.9863617,-1.975083,-1.9554197,-1.9424887,-1.9184166,-1.920841,-1.9158976,-1.8653245,-1.7583725,-1.6454688,-1.7435478,-1.9585516,-2.2243452,-2.5299807,-2.3734055,-2.1817718,-1.9348321,-1.6994554,-1.4718156,-1.4678929,-1.7448382,-1.8915977,-1.9566363,-1.9449291,-1.8101487,-1.691776,-1.6543512,-1.8023021,-1.598475,-0.9004911,-0.60294497,-0.42244607,-0.2901878,-0.2743067,-0.39936882,-0.54030645,-0.8050468,-1.0146781,-1.2510287,-1.4491801,-1.6187544,-1.6084192,-1.5942621,-1.5327533,-1.3649695,-1.1297891,-0.9541892,-0.8577411,-0.7373953,-0.6354495,-0.52805203,-0.4580009,-0.4455334,-0.40221384,-0.30446944,-0.1473398,0.00040961802,0.20569685,0.24145833,-0.16601573,-1.5877166,-2.37051,-1.8125591,-1.1649059,-2.0139067,-2.3345299,-2.3406992,-2.3541348,-2.3841243,-2.3102484,-2.002053,-2.0302625,-2.7206032,-3.059162,-3.142238,-3.0036407,-2.7560582,-2.6266096,-2.4580004,-2.3308778,-2.3633516,-2.3129923,-1.8610945,-1.6334016,-1.5620003,-1.4822943,-1.4336157,-1.2344489,-0.7877493,-0.27180874,0.6265876,1.8767354,3.2879124,6.0800486,9.1887665,11.298254,11.760181,11.77437,11.293923,10.304841,9.251217,8.149449,5.471718,3.064705,2.0738919,1.7742295,1.4877622,0.90677047,-0.31983942,-1.6539154,-1.96506,-1.8084135,-1.6720041,-1.2826266,-1.3573663,-1.7951584,-1.642317,-1.047056,-1.0415573,-0.32307297,0.35169774,1.1119856,0.9435954,0.49868467,-0.36839628,-0.61342704,-0.6888535,-0.81105006,-0.8938863,-0.8963025,-0.80332696,-0.5317801,-0.33734763,-0.68513787,-1.5175008,-1.8594817,-2.4796922,-3.097052,-2.9293838,-2.7569244,-2.6811678,-2.374669,-1.9311514,-1.8314912,-1.819335,-1.7483461,-1.5054742,-1.0309433,-0.8910374,-0.6392369,-0.6094099,-0.13572246,0.6419312,0.6570528,-0.29809666,-0.9758051,-1.0141834,-1.0739105,-1.0615673,-0.6976838,-0.77773273,-0.72640276,-0.8763395,-1.3212647,-1.5452665,-1.5561959,-1.5926534,-1.6516349,-1.6600407,-1.6620936,-1.5114553,-1.639318,-1.728641,-1.7863983,-1.9421179,-2.168241,-2.029011,-2.0564828,-1.9594961,-1.6276953,-1.0189389,-0.84373033,-1.2218666,-1.6309497,-1.8923302,-1.5863277,-1.0297697,-0.4771682,0.010723263,0.12379955,-0.20929928,-0.6577764,-1.0957235,-1.585958,-1.9341593,-2.036484,-1.814838,-1.5938643,-1.3381461,-1.0529618,-0.93588555,-0.9979485,-1.2300858,-2.3059607,-2.9338684,-3.1665525,-2.5338693,-1.815849,-1.9941963,-2.563078,-2.647684,-2.6878152,-2.688488,-2.6960726,-2.709373,-2.7456107,-2.665235,-2.2892642,-1.420211,-1.4286506,-1.9985812,-1.7590238,-1.5182626,-1.374578,-1.2921892,-1.1925993,-1.1254781,-1.1302158,-1.1204648,-1.125572,-1.0833033,-1.0554976,-1.0376735,-0.97830033,-0.906492,-0.82314116,-0.66896105,-0.5363862,-0.5461477,-0.7751447,-1.2715356,-1.7551337,-1.9259143,-1.8604996,-1.8098892,-1.8158183,-1.8499501,-1.818837,-1.7185619,-1.6569018,-1.8800077,-2.093934,-1.9507861,-1.8705497,-1.9819701,-1.6700948,-1.4345293,-1.0725272,-0.85715175,-0.8132716,-0.4642952,-0.16019228,-0.7605338,-0.72001743,-0.048714373,0.08011566,-0.24342333,-1.1231797,-2.2358763,-2.2671423,-1.5972979,-1.0636191,-0.8952738,-0.54493546,0.116719306,0.78084886,0.5832844,-0.50220037,-1.0850265,-0.9883307,-0.8815317,-0.9566263,-0.9215157,-1.0185871,-0.94202447,-1.0616362,-1.572346,-2.0356908,-1.9613405,-1.8619986,-1.758471,-1.6506295,-1.4827831,-1.354625,-1.2549049,-1.0366664,-1.0993693,-1.1775432,-1.4364717,-1.3759315,-1.3286312,-1.3675842,-1.378953,-1.3724296,-1.1261919,-0.9087011,-0.7397626,-0.45847952,-0.029751044,0.5419934,0.5104013,-0.32008362,-0.46816105,0.2593842,0.7237609,1.0232446,1.1997548,1.0224898,0.5298871,0.033330735,0.3040298,0.9263132,0.942999,0.009105504,-1.4467791,-2.0913384,-2.3965676,-2.4718676,-2.4933858,-2.3803234,-2.2983813,-3.0053406,-3.451552,-3.139391,-2.2634492,-1.6509461,-2.0373209,-1.9024413,-1.2184377,-0.46223626,0.1913556,0.30392334,0.26024657,-0.023521408,-0.21358618,-0.32588464,-0.5760314,-0.8302598,-0.976552,-1.1336656,-1.0442857,-0.3788089,0.93158495,2.7348402,5.125275,7.365061,9.50361,10.728848,11.350502,11.36276,10.863403,9.85364,8.63444,6.7448606,4.949479,3.442391,2.3251436,1.1619858,-0.05758676,-0.40245825,-0.25846136,-0.43818054,-0.953238,-1.1808312,-1.3253626,-1.5565606,-1.7129627,-1.9532766,-1.8983166,-1.3160233,-1.0623243,-1.1701297,-1.3287026,-1.4413282,-1.5402861,-1.748917,-2.1859329,-2.7660103,-2.9134102,-2.8770146,-2.8050437,-2.778534,-2.8418112,-2.8132005,-2.6395822,-2.4688869,-2.5702305,-2.4057515,-1.9261951,-1.6884168,-1.6391788,-1.6033082,-1.546978,-1.6450579,-1.9144175,-2.2049851,-2.3395238,-2.4096098,-2.5220428,-2.6021159,-2.5304692,-2.395692,-2.2741318,-2.1598136,-2.0941114,-2.0715425,-2.0572162,-2.0795987,-2.0839083,-2.0727806,-2.0203876,-1.9233273,-1.9162135,-2.0271058,-2.0017366,-2.1462302,-2.233678,-2.7354603,-2.9359736,-3.1782331,-3.2985291,-2.4443312,-2.442834,-2.4428048,-2.4428306,-2.4428163
-3.0141668,-2.9962578,-3.0038571,-3.0240176,-3.047876,-3.0135002,-2.981951,-2.938834,-2.8698647,-2.8648307,-2.788426,-2.5663066,-2.379627,-2.1455736,-1.651872,-0.339834,0.7038094,1.6102207,2.0035615,2.083026,2.248614,2.4114048,2.4188457,2.3715367,2.2504435,1.7441368,0.6932696,-0.090585895,-0.890532,-2.3505578,-2.741334,-2.7055264,-2.6399045,-2.6797981,-2.6560853,-2.6776729,-2.603475,-2.6177573,-2.4938655,-2.4697654,-2.4336703,-2.4779274,-2.5536385,-2.7358415,-3.1225595,-3.283653,-3.2597623,-3.1988175,-2.982569,-2.6272442,-2.253255,-1.7775584,-1.4275602,-1.431949,-1.4722031,-1.597243,-1.7396528,-1.9269654,-2.010908,-1.9141053,-1.7437642,-1.4481475,-0.80757344,-0.14810735,0.5417868,0.7828258,0.73018724,0.57568955,0.39441684,0.14794406,-0.008969635,-0.1864395,-0.38133425,-0.5625005,-0.6038372,-0.47004062,-0.35502374,-0.308306,-0.27375776,-0.24388489,-0.2397658,-0.27499986,-0.34069762,-0.4419107,-0.57616824,-0.7388374,-0.8917904,-0.97511786,-1.0681539,-1.1466037,-1.2312105,-1.2816303,-1.2446116,-1.1698852,-1.1047682,-0.75785375,-1.3860414,-1.7353554,-1.3140398,-0.85873955,-0.96979636,-1.2026743,-1.3190029,-1.3264738,-1.2378331,-0.90932184,-0.7870408,-0.7511134,-0.54612195,-1.1500989,-1.5552444,-1.776347,-1.6374452,-1.6090003,-1.9807873,-2.3218482,-2.4163907,-2.4824495,-2.5313892,-2.5965762,-2.6277823,-2.7059934,-2.8041272,-2.9475875,-2.9519074,-2.9023576,-2.7357926,-2.6075065,-2.3169477,-2.3464375,-2.5091844,-2.3844929,-2.143721,-1.9909424,-1.7135723,-1.4865505,-1.3680313,-1.1975309,-1.2199582,-1.3071636,-1.4832327,-1.7852511,-1.9820459,-1.9923402,-1.8119152,-1.600281,-1.7591755,-1.3802968,-1.020252,-1.1201166,-1.5532266,-1.3945575,-1.0966281,-1.4952104,-1.7402356,-1.4763775,-0.9289099,-0.54388905,-0.5500428,-0.63695514,-0.6147834,-0.8549944,-1.0663863,-1.1694788,-1.1934186,-1.2199378,-1.3613869,-1.6140301,-1.8632324,-1.6754513,-0.6673035,-0.34380502,-1.5832503,-2.5139234,-2.912353,-3.0342035,-3.0160947,-2.74114,-2.7717826,-2.8996253,-2.974352,-2.934548,-2.8543482,-2.795881,-2.6740282,-2.5819185,-2.367667,-1.8998051,-1.3229854,-1.012456,-1.0089152,-0.53553027,-0.49391797,-1.3518515,-1.7401911,-1.9247179,-1.7118143,-1.850455,-2.0689516,-1.7435102,-1.4341214,-1.2932401,-1.2235329,-1.1645024,-1.2414124,-1.6500745,-2.050475,-1.7337453,-1.4711382,-1.3175404,-1.5255969,-1.5853455,-1.6502035,-1.5973111,-1.3400111,-0.72540337,-0.3709303,-0.6030492,-0.59137094,-0.3847298,-0.14733478,-0.17151307,-0.27964973,-0.48179248,-0.9534234,-1.4348269,-1.7122128,-1.7263911,-1.6128104,-1.5048238,-1.3071826,-1.123096,-0.97297883,-0.8445298,-0.64707136,-0.3300754,-0.2733551,-0.15992938,-0.42253748,-0.6942462,-0.8262309,-0.822228,-0.82482034,-2.0313473,-2.8968196,-3.0338445,-3.041695,-3.0531185,-3.079872,-3.075241,-3.0502696,-3.0889685,-2.9410076,-2.5577905,-2.8043458,-3.0930018,-2.3503797,-1.8580693,-1.7062352,-1.6386738,-1.5864494,-1.5368719,-1.565861,-1.6014305,-1.6031861,-1.5738504,-1.5487779,-1.5355737,-1.4959455,-1.3996946,-1.3033988,-1.281971,-1.3401332,-1.2599386,-1.226439,-1.3885791,-2.1847181,-2.8179688,-2.9186175,-2.7940774,-2.6654499,-2.6699007,-2.611389,-2.332951,-1.7826619,-1.3763652,-1.3920798,-1.0972248,-1.0639368,-0.43521556,-0.277964,-0.1635428,-0.4095972,-0.82132417,-0.71951115,-0.07400116,0.22087786,-0.4623073,-0.9143255,-0.88927007,-0.8494312,-0.9798415,-1.3304963,-2.0644214,-2.6375875,-2.6914907,-2.703058,-2.6806207,-2.586962,-2.337448,-1.8195691,-1.3974229,-1.0185369,-0.8003425,-0.27645713,-0.31720167,-0.976667,-1.6212655,-1.5638131,-1.7479448,-1.6232996,-1.867332,-1.4733814,-1.2117404,-1.0913731,-1.0377045,-1.0065664,-1.0126268,-1.1829157,-1.3558059,-1.655852,-1.6894314,-1.728468,-2.0034323,-2.3273172,-2.2898488,-2.2453666,-2.1722662,-2.2351327,-2.3020473,-2.2542148,-2.1180797,-2.0562634,-1.9349728,-1.7251163,-1.4064542,-1.0295573,-1.5649301,-1.6011372,-1.2963799,-1.2000337,-1.0623147,-0.9927323,-0.96233094,-1.086701,-0.8912373,-0.72109836,-1.0733881,-1.7157845,-2.3757164,-2.6168027,-2.7320106,-2.6730795,-2.6113887,-2.479661,-1.7599355,-1.2390323,-0.7382816,-0.15389852,-0.10123362,-0.47250292,-0.6640465,-0.4265186,-0.15384048,-0.03468536,0.007117388,-0.07479293,-0.11171014,-0.30490857,-0.6730337,-0.9122466,-1.0167646,-0.93569887,-0.91321295,-1.0136625,-0.96875834,-1.1578176,-1.2680976,-1.0171363,-0.75855654,-0.5834726,-0.58160865,-0.7107184,-0.53757495,-0.3396877,-0.52209586,-0.9642223,-1.4483913,-1.8090578,-1.9146708,-1.8582437,-1.6365323,-1.4722395,-1.5637014,-1.3864484,-1.1693856,-1.4451191,-1.451879,-1.0465544,-1.1024661,-1.0564612,-0.83400303,-0.7860686,-0.7228094,-0.22019067,-0.05565989,-0.28778684,-0.75181144,-1.2885573,-1.5530736,-1.5822985,-1.8376619,-2.4209943,-2.5376983,-2.4643445,-2.324975,-2.2505312,-2.2516322,-2.2164154,-2.0618536,-1.6965852,-1.6756163,-1.0441895,-0.19017683,0.08631192,0.13430849,0.19024672,0.1351508,0.22420254,0.29511103,0.089821875,-0.531293,-0.99325734,-1.7013596,-2.6875074,-3.0843568,-3.094849,-2.9653072,-2.9083254,-2.8250089,-2.7535965,-2.6965065,-2.7691407,-2.7841687,-2.7842615,-2.879743,-3.0499635,-3.2169204,-3.4407206,-3.349126,-3.1108246,-2.6068137,-2.4197152,-2.5119793,-2.7908967,-2.8314548,-2.3872385,-2.3867698,-2.3867493,-2.3867774,-2.386763
-1.3638455,-1.3997432,-1.460724,-1.4984264,-1.507999,-1.4473841,-1.3457059,-1.2782885,-1.2374599,-1.2806904,-1.3239005,-0.78233796,-0.4500288,-0.34872508,0.066574596,-0.0738156,-0.43434668,-0.7114862,-0.8423302,-0.82464564,-0.8193957,-0.6125491,-0.106664546,0.4094689,0.7352572,0.4812413,-0.19810423,-0.7004546,-0.99532074,-1.5554605,-1.6150471,-1.5938318,-1.5531474,-1.4994103,-1.5373197,-1.5823524,-1.5473199,-1.6351291,-1.7310247,-1.8022891,-1.8284762,-1.8307517,-1.7305663,-1.5549144,-1.0964938,-0.7014409,-0.6530546,-0.48362473,-0.23749112,-0.61919,-0.8936344,-0.74416673,-0.42986947,0.04668627,0.1666705,0.00037676282,-0.21515726,-0.30959883,-0.21498734,0.042494975,0.17104793,0.39256513,0.48115218,0.54080546,0.46321058,0.3619393,0.3392185,0.36357474,0.415137,0.45530304,0.58041626,0.7856384,0.95771784,1.2053711,1.5350579,1.8795912,1.9601264,1.8991688,1.8114095,1.5012014,1.079076,0.7697453,0.57150376,0.41764128,0.27898732,0.1701755,0.10268843,0.089523554,0.117536604,0.23967957,0.4400662,0.7297608,1.265201,2.1458335,2.3699803,1.0886024,1.2621832,1.8371819,1.8397545,0.73477584,0.020277143,-0.031212747,-0.09069517,-0.3193898,-0.37900794,-0.07267091,0.20043412,0.25532448,0.35465705,0.96174,1.3532066,1.6257043,1.7112641,1.6541156,1.766999,1.4745624,0.49351338,0.14890945,0.02217903,-0.006933868,-0.13382262,-0.22135945,-0.6615039,-1.1633013,-1.5712212,-1.9854448,-2.147636,-2.2935932,-2.2635317,-2.1303854,-1.6655563,-1.4483304,-1.3277061,-1.3510414,-1.3741419,-1.2419758,-1.1079793,-1.1213372,-0.80365324,-0.17597172,0.62067705,1.2647592,1.5782014,1.6574597,2.7128499,2.3146703,1.7306124,1.3421334,0.900622,1.1377732,1.1638368,-0.07370108,-1.0191817,-1.3688825,-1.5667717,-1.664432,-1.4399815,-1.3703955,-1.1560905,-1.0724882,-1.0879062,-1.0444245,-0.974458,-0.8742316,-0.7308553,-0.41301578,0.4027087,1.1279533,1.2910355,0.57319856,0.24074292,0.33279032,-0.07099328,-0.5702195,-0.4045129,-0.20847034,-0.6280706,-0.8320483,-0.8539387,-0.9367809,-0.94502866,-0.7547859,-0.4003157,-0.3859012,-0.29831833,-0.21701922,0.0836075,0.43907952,0.443294,0.23497523,-0.13994144,-0.42703515,-0.09894842,1.1343272,2.1649492,2.5937908,2.8835764,2.9679775,1.9339145,1.0881903,0.82786447,0.7752576,0.653357,0.6252195,0.79465836,0.7770537,0.16925219,0.4083257,1.3720725,1.9388397,1.6957769,0.9616066,0.5916151,0.51696926,0.6392525,0.7971064,0.490682,0.02709122,-0.30196223,-0.37932873,-0.39854872,-0.47928825,-0.45151174,-0.3940938,-0.35080296,-0.4589126,-0.60596734,-0.6318484,-0.4959327,-0.34084478,-0.26414374,-0.21536164,-0.03300166,0.26076925,0.22732867,-0.15267488,-0.34234363,-0.47965488,0.23832253,0.8389915,1.076966,0.7069474,0.16332583,-1.0748998,-1.9429275,-2.1382484,-2.1635296,-2.1616495,-2.2182407,-2.1796203,-1.9833288,-1.6586506,-1.2145123,-0.42776605,-0.605488,-0.33805072,0.7947968,1.239805,1.5767336,1.6702485,1.8113573,1.8451461,1.7092419,1.7104559,1.7034878,1.7775618,1.8379939,1.9139354,2.0587072,2.2737045,2.5061946,2.9365423,3.103664,2.796908,1.761889,0.3558654,-0.98325276,-1.5003021,-1.6271658,-1.618524,-1.5432389,-1.2956235,-0.91664815,-0.34162396,0.17816725,0.14128089,-0.038454294,-0.024584353,0.100972906,0.84725714,2.135102,3.2988648,5.40516,8.244268,10.329118,11.353568,11.634863,10.887402,9.331809,7.120131,5.886223,4.72374,2.7444015,0.3563094,-1.1133312,-0.8205976,-0.44637686,-0.3749171,-0.2884331,0.037335157,0.39974475,0.40520373,0.19229896,-0.12365547,-0.3165487,-0.07231906,0.8418836,1.4661458,1.9785466,2.2237039,2.5479991,2.162462,0.8902872,0.7225313,0.75875914,0.7696824,0.717886,0.66581494,0.7668616,0.9751489,1.1651748,0.43354148,-0.61090255,-0.6408262,-0.56850016,-0.4558394,-0.47808117,-0.6277811,-0.77341914,-0.7799177,-0.7825836,-0.93112004,-0.8638096,-0.48637074,-0.2051339,0.13010438,0.08231729,-0.045560777,-0.24089265,-0.2647354,0.001311481,0.4336153,0.8789593,1.2135066,0.9518116,0.059112817,-0.34656015,-0.3825606,-0.62413466,-1.0187615,-1.4615628,-1.6470844,-1.7031608,-1.6890692,-1.5213056,-0.71069974,0.8871264,3.1235633,6.4202747,9.390708,10.712342,9.913112,8.630532,7.075179,4.9969435,2.8206177,1.5680783,0.9864509,0.4937463,0.08839317,-0.2900632,-0.74882025,-1.1220717,-1.2459196,-1.1955271,-1.0728829,-0.7220124,-0.76271033,-0.6384359,-0.4749786,-0.33910683,-0.1970015,-0.1250439,-0.22608505,-0.20864385,0.069233075,0.3007364,0.4707343,0.8061649,0.89791226,0.88986635,0.88348097,1.0377879,0.87715936,0.53003263,0.8620266,1.0774302,1.0544908,0.59152365,0.20704141,0.3094712,2.0886805,4.5028152,8.032405,9.789192,10.87052,11.175781,11.083204,10.85649,10.538739,9.794428,7.976822,4.1477118,1.1336539,-0.5285449,-0.98592603,-1.0963321,-1.0901575,-0.7095481,-0.3885693,-0.5487255,-0.755992,-0.4181224,0.13667805,0.46606916,0.5511961,0.688374,0.8309703,0.8065109,0.65308726,0.47912616,0.091757745,-0.3395877,-0.8477322,-1.413984,-1.5549903,-1.546714,-1.5202212,-1.4892339,-1.4648907,-1.4420979,-1.4255127,-1.4323875,-1.3491116,-1.286122,-1.1863629,-1.0386915,-0.7988472,-0.45165533,-0.44094908,-0.81850076,-1.0477332,-1.0523111,-0.9295056,-0.921905,-1.0050414,0.10536915,0.10674143,0.106735826,0.10674518,0.106750906
-1.5782546,-1.5071338,-1.4908752,-1.4984825,-1.5168396,-1.5233269,-1.5263728,-1.4779698,-1.4210029,-1.3787935,-1.0903121,-1.0311623,-1.1239464,-0.98815286,-0.44077334,1.1672415,2.0038352,2.5136173,2.6867948,2.6831138,2.641745,2.6342783,2.639432,2.5362754,2.1873193,1.6696389,0.88876355,0.36895475,-0.1269398,-1.3472917,-1.7786223,-1.8161228,-1.7904705,-1.7676451,-1.6807392,-1.6818358,-1.6403767,-1.6869073,-1.6543458,-1.674209,-1.6344143,-1.6299177,-1.5543344,-1.533321,-1.5616313,-1.4449172,-1.3011757,-1.0445468,-0.34442276,1.5051157,2.913107,4.6444902,6.3821387,6.5171356,6.3098793,5.9866133,5.931301,5.3764243,4.882145,4.83768,5.2722874,6.4661665,9.1895,10.834545,11.398342,11.704256,11.905478,12.050166,12.151886,12.235847,12.222576,12.157375,12.057688,11.718486,11.239359,10.245182,9.41647,8.535936,7.8218746,6.52029,4.7702208,3.4840822,2.618421,1.7266296,0.9361299,0.17253254,-0.42739937,-0.7415042,-1.0535679,-1.2949169,-1.5814595,-1.7623041,-1.65364,-1.3023293,-0.6507964,0.20153686,0.00077383034,-0.09121983,0.2966807,-0.17154801,-0.11882268,-0.23380937,-0.3351134,-0.26792789,-0.12135416,0.09967278,0.054453596,-0.37424928,-0.44898105,-0.74204636,-0.67552143,0.032321736,0.15589294,-0.053210102,-0.45544356,-0.9614689,-1.1519625,-0.96159816,-0.9498041,-0.9661419,-0.94119585,-1.0086794,-1.1556133,-1.2887955,-1.2926129,-1.1548738,-1.0985625,-1.2314779,-1.0643847,-1.1256856,-0.9744775,-0.810923,-0.79399437,-0.93414795,-1.3776667,-1.9103415,-2.393726,-2.8345551,-2.9442744,-2.785129,-2.5300868,-2.0407267,-1.3830767,-0.3160311,-0.1824759,-0.45288634,-0.85237026,-1.3281432,-1.6457559,-1.2770681,-1.3088069,-1.5661395,-1.7449841,-1.8125101,-1.53943,-1.4862037,-1.1331426,-0.92191267,-1.0875674,-1.624695,-1.9894643,-2.140956,-2.2713149,-2.3206592,-2.3681602,-2.4329023,-2.474739,-2.3807003,-2.1713736,-1.7766259,-1.4123652,-1.3336272,-1.6397988,-1.767849,-1.4916216,-1.4099861,-1.6117332,-1.44643,-1.4745977,-1.5486467,-1.5265956,-1.5410465,-1.6150038,-1.5419903,-1.4845576,-1.3558106,-1.2942472,-0.75790495,0.108847074,0.6702558,0.865818,1.5165808,1.9235469,1.5022285,1.1112437,1.2475629,2.5216565,6.7816973,9.757409,10.820151,11.218112,11.403192,11.503752,11.544226,11.447474,10.938239,9.465258,8.0260105,6.531609,4.4972754,2.1805365,0.7099289,0.31618032,0.31024152,0.6555869,1.3797643,1.7523044,1.110841,0.32390684,-0.18265939,-0.31086612,-0.4033078,-0.5138864,-0.7389694,-1.0359967,-1.2560558,-1.3936391,-1.5250931,-1.5882547,-1.3932886,-1.0998719,-0.7974416,-0.55272806,-0.49448156,-0.6528897,-0.8370238,-0.84874856,-0.47627544,-0.41963914,-0.9462304,-1.2184682,-1.1733534,-1.0832446,-1.4774847,-1.8182446,-1.7774671,-1.6934764,-1.5910381,-1.5383784,-1.4861677,-1.2830935,-0.7424785,0.32622233,4.4762816,8.189374,10.352648,12.0520735,12.426538,12.569503,12.625172,12.710005,12.751404,12.757666,12.782101,12.7852955,12.775524,12.75658,12.727668,12.693033,12.656641,12.617692,12.469275,11.989544,10.934789,9.043901,5.9180064,2.1852236,0.0404301,-0.5740773,-0.8056518,-0.88571155,-1.000118,-1.1485015,-1.4298682,-1.3544533,-1.396734,-1.3598976,-1.4822335,-1.6961244,-1.2988503,-1.2646914,-1.0549618,-0.9885806,-0.95252097,-0.90214,-0.6516303,-0.5728762,-0.43542463,-0.12562224,-0.0042179376,-0.046204507,-0.3369933,-0.967643,-1.4841425,-1.3546588,-1.3202577,-1.4623909,-1.2483386,-1.1698287,-1.1821394,-0.60782343,0.17714195,0.9210338,1.294394,1.8817184,2.15175,1.9193798,1.472254,1.2100952,1.6793749,4.507794,8.733839,10.96768,11.713259,11.993518,12.176177,12.328583,12.392065,12.303291,12.210272,11.628411,10.24935,7.5494213,3.8223877,-0.04414393,-1.0926054,-1.3482962,-1.3646148,-1.3086522,-1.4514731,-1.4892964,-1.322068,-1.3642653,-1.263726,-1.0410508,-0.5373061,-0.4550379,-1.5540818,-1.9603078,-1.7674651,-1.6102506,-1.357528,-1.1599566,-1.0797106,-1.2968234,-1.3564155,-1.3600881,-1.513682,-1.4141253,-1.3076135,-1.2268703,-1.2146361,-1.254005,-1.413486,-1.5702047,-1.1723737,-0.2214903,0.42906946,0.7933139,0.69755745,0.64375985,0.72096586,0.69039094,0.47865325,0.26558137,-0.031955987,-0.26912624,-0.30798984,-0.16091843,-0.026525043,-0.01894766,0.009378955,-0.12695467,-0.19824551,-0.24204502,-0.18888028,0.0016162153,-0.16421795,-0.3086269,-0.51884323,-0.68282574,-0.70240486,-0.13478759,1.0316247,2.3921485,5.129481,7.782795,9.166656,10.126584,10.615793,10.795485,10.735133,10.228758,8.443414,6.464067,3.441668,0.8922841,0.067023724,0.05517757,-0.09140664,-0.15051724,0.40844718,0.67339206,0.14388338,-0.37759858,-0.4139766,-0.1819582,-0.015301768,-0.09035738,-0.095918685,-0.012657382,-0.20511943,-0.812965,-1.1632543,-1.3909266,-1.4186987,-1.3255895,-1.212537,-1.2282058,-0.9779224,-0.29229933,0.16469803,0.6305686,0.91833067,0.8123621,0.6996371,0.54004115,0.42873505,0.335729,0.33429915,0.21556781,-0.20046067,-0.39054352,-0.88720655,-1.6232198,-1.777395,-1.6674592,-1.4498675,-1.325835,-1.1778945,-1.1453086,-1.1110041,-1.1771107,-1.1453232,-1.1406846,-1.1623528,-1.2335525,-1.3174648,-1.2211802,-1.2681308,-1.4180131,-1.379256,-1.1270943,-1.1769706,-1.265521,-1.3289354,-1.7167261,-1.7183592,-1.7183661,-1.7183852,-1.7183868
-3.3029902,-3.3006709,-3.3513675,-3.3570092,-3.338406,-3.3060186,-3.3012595,-3.2389812,-3.0527186,-2.6455233,-2.2915237,-2.3524399,-2.4996536,-2.5343637,-2.6675076,-2.9614036,-3.2296686,-3.0537798,-2.8213916,-2.7588465,-2.6418734,-2.58225,-2.611294,-2.590118,-2.6511126,-2.9120088,-3.4508657,-3.7323585,-3.8415272,-3.4204948,-2.5216107,-2.1860619,-2.0327616,-2.022392,-1.9749327,-1.9041297,-1.8777653,-1.8202407,-1.7652361,-1.773038,-1.7788097,-1.759264,-1.771359,-1.8465834,-2.2988749,-2.6305969,-2.665762,-2.6479774,-2.5209713,-2.6999888,-2.8677914,-2.9455466,-2.8295298,-2.895762,-2.909094,-2.8063931,-2.7323604,-2.5984364,-2.4718242,-2.442932,-2.2099245,-1.9844913,-1.9451123,-1.9332583,-1.6942794,-1.4596272,-1.3926793,-1.3991662,-1.4883943,-1.6739013,-1.8257222,-2.0884778,-2.2191072,-2.1463954,-1.9736862,-1.562187,-1.2928911,-1.0617199,-0.93185407,-0.68676025,-0.4530698,-0.3363807,-0.25732285,-0.16629446,-0.07719624,0.017341435,0.07239777,0.06809753,0.05450079,-0.0025367439,-0.08071852,-0.09948009,-0.056259304,0.24586147,0.29196292,-0.9180894,-2.6183846,-2.4878187,-2.4823956,-3.1126966,-3.0046835,-2.5347033,-2.4071367,-2.4484627,-2.3388,-1.8201137,-1.6549292,-1.8222504,-2.9559479,-3.3998098,-3.388669,-3.0707984,-3.0726328,-3.1273901,-3.015321,-2.611826,-2.040332,-1.9189806,-1.8908739,-1.8681489,-1.8398819,-1.8335092,-1.8372618,-1.9562125,-1.9949892,-1.922713,-1.7878184,-1.5972362,-1.4433138,-1.3254945,-1.8172883,-2.1523345,-2.2695727,-1.9500978,-1.155131,-0.2434535,0.5432025,1.8062835,2.911918,3.3995051,3.2832518,2.6573906,2.1779146,0.6109256,-1.5515107,-1.7413313,-1.6561884,-1.263334,-1.0426195,-0.74974465,-1.0003805,-1.3645523,-1.4622557,-1.3748244,-0.7451756,0.985723,2.989798,5.6567926,8.10413,10.593144,11.985485,12.324898,12.354646,12.329906,12.352018,12.345314,12.108435,11.499758,10.312686,8.566747,4.945119,0.9153622,-1.2718483,-2.0319192,-2.4507527,-2.8220325,-2.8227556,-2.7753875,-2.7685683,-2.82508,-2.8187833,-2.6022074,-2.3305671,-2.2474842,-2.365008,-2.514777,-2.6383514,-2.7170563,-2.6779037,-2.702495,-2.9200382,-2.6000674,-2.1640813,-1.9116212,-2.9730487,-3.1948185,-2.456548,-1.9140178,-2.223284,-2.2902646,-2.3365562,-2.484824,-2.6235394,-2.8008046,-3.007154,-3.1662292,-3.5640702,-3.601283,-3.4851167,-3.450653,-3.5753722,-3.4002137,-3.3241935,-3.3310468,-3.3976822,-3.4674895,-3.3053596,-2.8247795,-2.4166484,-2.1725278,-1.9345181,-1.6454004,-1.5233146,-1.4152519,-1.2894418,-1.2402864,-1.1270822,-0.84334385,-0.35997665,0.021135509,0.20359302,0.18670699,-0.0418306,-0.38835776,-0.8843716,-1.5051349,-1.7982178,-1.410091,-0.73383254,-0.5707524,-0.80202854,-1.4726092,-2.3494697,-2.874154,-2.672104,-2.3882864,-2.264271,-2.1872702,-2.1278358,-2.1029701,-2.0651548,-2.016419,-1.9671327,-1.788574,-1.8328254,-2.0295315,-2.392761,-2.5420463,-2.6829524,-2.7231026,-2.8446016,-2.932523,-2.9551868,-3.0529194,-3.1164665,-3.2250738,-3.3222902,-3.4069996,-3.4805317,-3.6010733,-3.6949914,-3.8416939,-3.747486,-3.5143676,-3.3643975,-3.227481,-3.1941748,-3.055014,-2.8700838,-2.6479073,-2.4923735,-2.4397845,-2.3035393,-2.165298,-2.047916,-1.9945194,-2.1505117,-1.9914539,-2.153031,-1.4820762,-0.6779599,-0.5578515,-0.47431356,-0.61241114,-1.3563673,-3.258243,-4.4046526,-3.325692,-2.1866846,-1.9703863,-2.2563567,-2.6397011,-2.9848032,-3.163789,-3.1484454,-2.6108224,-2.450123,-2.5301466,-2.6773944,-2.7913833,-2.8291001,-2.8512194,-3.0240583,-3.268878,-2.8605814,-2.4849508,-2.1576557,-2.9274225,-3.616302,-2.9655786,-2.2133262,-2.1291776,-2.5555081,-2.6916127,-2.8364387,-2.9919426,-3.120841,-3.2351468,-3.3105628,-3.331943,-3.451666,-3.7457576,-3.8024795,-3.8288145,-3.3954153,-3.0768714,-2.8970215,-2.7557762,-2.4672484,-2.2832265,-2.1553402,-2.2415257,-2.2772057,-2.3851304,-2.387365,-2.2791834,-1.8348874,-1.5024862,-1.064186,-0.9171125,-0.96149987,-0.96894044,-0.9465154,-0.82435256,-0.6583774,-0.5672583,-0.84752387,-1.483479,-2.0509977,-2.3712828,-2.3611193,-2.311275,-2.3034072,-2.566689,-2.874465,-3.3032196,-3.569982,-3.443132,-3.0124884,-2.9961185,-2.599578,-2.1801705,-1.2652309,-0.5496951,-0.51505524,-1.0090895,-1.6122687,-2.022483,-2.4399655,-2.5974941,-2.3070595,-1.8233694,-1.5741891,-1.5911963,-1.7692492,-1.8236535,-2.136584,-2.1102831,-1.8422887,-1.6175017,-1.4764736,-1.4197205,-1.7837782,-2.1854873,-2.497003,-2.698132,-2.474781,-2.0538235,-1.8732398,-1.9503144,-2.023912,-2.089388,-2.2212262,-2.2884767,-2.568275,-2.4368906,-2.0907278,-1.7935438,-1.2522517,-1.1040014,-0.72868264,-0.4115827,-0.4843973,-0.96790266,-1.813023,-2.1810582,-2.0245106,-1.8885123,-1.883465,-1.9279745,-1.9571161,-2.2394044,-2.678845,-2.619698,-2.424222,-2.314161,-2.3089406,-2.4976914,-2.7761807,-2.944386,-2.9874892,-3.070995,-2.9240923,-2.8300834,-2.799511,-2.7693844,-2.7003474,-2.7302618,-2.6550837,-2.593004,-2.8120947,-3.2140818,-3.4360042,-3.5524585,-3.4825072,-3.2632408,-3.0221033,-2.765234,-2.6641006,-2.5866022,-2.5567808,-2.5635839,-2.6009727,-2.6664104,-2.696433,-2.7502966,-2.8929477,-3.0456223,-3.2243822,-3.2492537,-3.2975006,-3.472259,-3.5666065,-3.514005,-3.32489,-3.273639,-3.6300416,-3.632752,-3.632742,-3.6327682,-3.6327815
-1.6347879,-1.6273588,-1.5130543,-1.4016117,-1.3404696,-1.1390028,-0.9494639,-0.8236944,-0.823612,-0.6732049,-0.5265787,-0.13398229,0.34751594,0.58545375,0.2745588,-0.1937738,-0.38071346,-0.83721733,-1.1136572,-1.1592195,-1.2978096,-1.4159892,-1.5224543,-1.5232496,-1.3507824,-1.1379552,-1.1058464,-1.2323718,-1.5851583,-1.6481755,-1.4406335,-1.4033289,-1.4437063,-1.4641304,-1.4943795,-1.4324999,-1.4844086,-1.3685818,-1.3455223,-1.2895548,-1.2926738,-1.222542,-1.2415047,-1.2789116,-1.462638,-1.6464305,-1.6896694,-1.91485,-2.3910108,-2.7993202,-2.8410184,-2.9645047,-2.9978552,-2.981401,-2.6965594,-2.2762675,-1.9454086,-1.7460759,-1.5673606,-1.518108,-1.5221777,-1.6526175,-1.7969136,-1.2873605,-1.1635506,-1.2091569,-1.2244563,-1.213626,-1.1940342,-1.1871362,-1.179905,-1.1322491,-1.0956287,-1.0737147,-1.0464706,-1.0569458,-1.1071416,-1.1555262,-1.152518,-1.2937241,-1.3760414,-1.3551251,-1.2900965,-1.1929231,-1.0940058,-0.98207724,-0.8795817,-0.82951903,-0.75856984,-0.73100394,-0.71313584,-0.73360217,-0.76698077,-0.509304,-0.008589715,0.21863782,0.8475919,0.55537415,-0.635754,-0.8213482,-1.2757213,-1.5922239,-1.7213479,-1.9230256,-2.1193876,-2.2423882,-1.9158752,-0.9841554,0.08722967,0.6400598,0.9772481,0.5300879,0.48014054,0.49320716,0.16386601,-0.49618185,-1.2285278,-1.433646,-1.4752896,-1.4330328,-1.4263686,-1.4088179,-1.1797419,-0.5383421,0.042246014,0.5840441,1.3976505,1.9314455,1.5143433,1.0049883,0.2767161,-0.31842944,-0.8076061,-1.2081754,-1.4023862,-1.4543984,-1.438128,-1.618959,-1.9326657,-2.2357724,-2.4822547,-2.4788723,-2.385572,-2.2497153,-1.0076406,-0.63103217,-1.0138068,-1.1879871,-1.0809942,-0.76373154,0.23143259,0.8307147,0.6727375,0.94015956,1.4600513,1.2887764,1.1762509,0.8978121,0.75096685,0.6172584,0.15552628,-0.15670878,-0.38031295,-0.50113916,-0.6301036,-0.85396165,-1.1772557,-1.2974625,-1.1376241,-0.7707892,-0.2651817,0.29269153,0.43693897,-0.075912386,-0.68146247,-0.6537286,-0.42941856,-0.6053281,-0.92782855,-0.8674148,-0.83768415,-0.608335,-0.26101732,-0.2775371,-0.2265209,-0.21458355,-0.22853136,-0.63095605,-1.1701005,-1.524043,-1.8175733,-2.367477,-2.196191,-1.1972673,-0.37446505,0.30116272,0.034704745,-0.93387145,-1.3605361,-1.6909459,-1.5238262,-1.3724513,-1.2743456,-1.1338203,-0.6909078,-0.04627721,-0.08036071,-0.73370045,-0.88755035,-0.5469906,-0.035315797,0.10034745,0.15337396,0.19806209,0.107042655,-0.15730064,-0.5978651,-0.7385535,-0.66747415,-0.70401883,-0.808965,-0.94705933,-0.9814263,-0.90678304,-0.6382611,-0.29438052,0.11574152,0.5890948,0.92761433,1.0405905,1.0607759,0.9397572,0.7138931,0.49920827,0.268344,-0.13772556,-0.5995983,-1.2192549,-0.91122067,-0.36664614,-0.14581504,-0.31464222,-0.6841536,-1.4538567,-1.5954548,-1.6632965,-1.6364137,-1.5784469,-1.5539014,-1.5017617,-1.3911086,-1.3819293,-1.501743,-1.8061435,-1.8019321,-1.7023441,-1.4510871,-1.2854834,-1.0483508,-0.95050675,-0.89564306,-0.9011463,-0.9037181,-0.9117148,-0.90743387,-0.9050656,-0.90047115,-0.8997607,-0.86965466,-0.7939447,-0.64325196,-0.28262907,0.14242455,0.48811942,0.37494665,-0.020393103,0.2575053,0.53586924,0.3603909,0.17027926,-0.016661257,-0.1413309,-0.47191632,-1.0385399,-1.7081164,-1.7885149,-1.5329933,-1.2278994,-1.1135321,-1.4521289,-1.6802287,-1.8820801,-2.1472435,-2.0970802,-1.8291299,-1.34431,-0.31788158,0.41943175,0.94602036,1.090879,0.97082245,0.56802535,0.18319835,0.20585999,-0.12671396,-0.23668538,-0.1699856,-0.09998653,0.058185503,0.06391792,-0.54042625,-1.0835091,-1.540045,-1.9401785,-2.2813396,-2.0956526,-1.4197655,-0.50862503,-0.092362046,0.18094599,-0.58758485,-1.0916836,-1.4364829,-1.3380299,-1.2642325,-1.2477462,-1.2721481,-1.2886642,-1.2262602,-1.0245256,-0.5646383,-0.6372695,-0.8682281,-0.2707553,0.512199,0.32652563,0.14359868,0.22938733,0.14341484,0.21089448,0.21069741,0.60082436,0.8389994,0.8193836,0.7234309,0.5671282,0.12582156,-0.37469536,-1.1566677,-1.340817,-1.2916938,-1.2781869,-1.1457554,-1.0049723,-0.8432195,-0.8020352,-0.5215986,-0.47211817,-0.46731877,-0.6297151,-0.9652766,-1.19204,-1.2384518,-1.3819785,-1.4750748,-1.9941431,-2.3625824,-2.0391731,-1.6202464,-0.9523172,-0.17697963,-0.43393922,-0.89215326,-1.3324351,-1.6689101,-1.6727023,-1.5876,-1.4853555,-1.2370534,-0.9546314,-0.5424749,-0.05314377,-0.07085276,-0.2243826,-0.3095911,-0.23960647,0.07423994,0.3433255,0.29524094,0.26324257,0.18754715,0.115995795,-0.026351392,-0.41637027,-0.74816304,-0.904329,-0.8915652,-0.87452525,-0.92469007,-0.7787013,-0.4229295,0.49410295,3.0071037,7.5607147,9.230406,10.133127,10.41593,10.198458,9.301361,8.265989,5.8021564,2.047934,0.6239236,-0.2343257,-0.5199629,-0.8237504,-1.0319638,-1.1503563,-1.5342184,-2.1022859,-2.1876454,-1.8571872,-1.3418496,-1.2318426,-1.1812236,-1.2455629,-1.3210702,-1.5228455,-1.8750818,-2.2723598,-2.7102053,-2.7368286,-2.8605266,-2.8932312,-2.8688297,-2.856254,-2.8004313,-2.7858472,-2.7850997,-2.6606064,-2.3746557,-1.9274501,-1.7926655,-1.5870602,-0.96615726,-0.67655665,-0.6154157,-0.841655,-0.9227023,-1.0185288,-1.0894322,-1.1580477,-1.0939521,-1.1145345,-1.1506379,-1.142743,-1.1185166,-1.2474279,-1.43857,-1.4667795,-1.5178162,-1.517739,-1.477484,-1.3434291,-1.3060005,-1.2497869,-1.0166112,-1.016489,-1.0165218,-1.0164535,-1.0164857
-4.3141537,-4.3692465,-4.417116,-4.46711,-4.5058103,-4.4706974,-4.373881,-4.2750077,-4.2233768,-3.7553983,-3.1599848,-2.8837323,-2.7713704,-2.6420238,-2.3857703,-1.4109837,-0.61971354,-0.29076517,-0.1876621,-0.13984364,-0.09545246,-0.18438631,-0.5405969,-0.8757187,-1.2174083,-1.5743318,-1.9169494,-1.7514256,-1.6532888,-2.4990702,-2.8024836,-2.7992694,-2.800473,-2.7978017,-2.7325559,-2.753478,-2.7129412,-2.7066941,-2.6553407,-2.644713,-2.6151514,-2.6263907,-2.6591907,-2.7799938,-3.2682345,-3.4856362,-3.4937549,-3.5537891,-3.5597982,-3.1723843,-2.853596,-2.6482735,-2.5814004,-2.7343233,-2.8526893,-2.8367562,-2.7767715,-2.815275,-2.782579,-2.6504972,-2.3958127,-2.0899413,-1.6005862,-1.3552587,-1.1275816,-1.0222249,-1.0005038,-1.1068814,-1.2366431,-1.4257829,-1.5738097,-1.7841165,-1.994796,-2.15304,-2.1941676,-2.0763063,-1.9775767,-1.9034512,-1.8561571,-1.7790688,-1.6637809,-1.5645783,-1.5054426,-1.4848778,-1.4636712,-1.4275304,-1.4095068,-1.4084585,-1.4241309,-1.4553853,-1.4548281,-1.446069,-1.4354717,-1.282134,-0.8983164,-0.6091809,-1.9773605,-2.0568466,-1.0690768,-0.078769356,-0.6873899,-1.1010462,-1.1767035,-1.1299553,-1.0771065,-0.7784877,-0.25585505,0.52978384,-0.19019641,-1.4399151,-2.20931,-2.9497054,-2.972022,-3.319658,-3.759874,-3.6474528,-3.115381,-2.8612623,-2.8222241,-2.8324966,-2.8228707,-2.8349552,-2.8534718,-2.9619737,-2.9622111,-2.7366087,-2.0766854,-1.7170748,-1.3425608,-1.2234322,-1.7384436,-1.9616444,-1.910432,-1.7423184,-1.7490865,-1.8093015,-1.8387979,-1.7552211,-1.5469681,-1.4615912,-1.6820138,-1.9909377,-1.9601798,-1.7097099,-2.452142,-2.361442,-2.147112,-1.7969842,-1.7191894,-1.9751877,-2.3772688,-2.2044544,-2.3177395,-2.7093692,-2.4950001,-1.844931,-1.2631549,-0.79062355,-0.5557897,-0.35352308,-0.43662444,-0.58068484,-0.74391913,-0.8376622,-0.8908106,-1.0130893,-1.3390133,-1.775487,-2.2039337,-2.3431807,-2.7602973,-3.4304686,-3.9410157,-4.0825944,-4.02981,-4.146022,-4.320281,-4.585989,-4.653454,-4.7025366,-4.659089,-4.451071,-4.1998086,-3.9788442,-3.8669422,-3.7131832,-3.7465096,-3.5360792,-2.8959584,-2.2345502,-1.7488459,-1.433922,-1.7847291,-3.1073627,-4.51133,-5.2022862,-4.8495765,-4.513026,-4.1597643,-3.6648984,-3.429907,-3.3852024,-3.377787,-3.3844233,-3.554088,-4.1274824,-4.1920033,-3.8181238,-3.6380534,-3.2947087,-2.9861267,-2.5972362,-2.4759784,-2.3653836,-2.2779894,-2.099742,-2.0273378,-2.0634742,-2.094665,-2.0690918,-2.1445057,-2.196702,-2.2757916,-2.3834405,-2.5002766,-2.4287393,-2.3041224,-2.1979625,-2.0261874,-1.8901768,-1.5669787,-1.1695852,-0.93186706,-0.7609948,-0.43450844,0.054170616,0.224431,0.0779745,-0.61991733,-1.0562553,-1.4195354,-1.7041743,-1.6985779,-2.0096102,-2.3616245,-2.4782429,-2.634132,-2.6972263,-2.810286,-2.964397,-3.139254,-3.3762813,-3.4599636,-3.5567493,-3.6213794,-3.779398,-3.7615247,-3.495789,-3.5299575,-3.5491486,-3.6239674,-3.648068,-3.655645,-3.7010336,-3.6888614,-3.7566905,-3.8196526,-3.8622136,-3.941699,-4.0828705,-4.2387147,-4.5541496,-4.6934605,-4.4945097,-4.220105,-3.7521906,-3.4004498,-3.2582612,-3.1407902,-3.0069447,-2.9287,-2.9891233,-3.0195003,-2.9890223,-2.76539,-2.6957,-2.8166804,-2.388137,-2.1307306,-1.7485503,-1.6237054,-1.6021395,-2.0803156,-2.6001592,-2.7839956,-3.252239,-3.4079678,-3.017406,-2.6039371,-2.2497046,-2.1681163,-2.2099328,-2.205025,-2.563736,-3.3294816,-3.5187082,-3.5621538,-3.4897652,-3.442348,-3.5687969,-3.3415346,-2.8666062,-2.1546984,-1.6402695,-1.4120653,-1.6599617,-2.6742978,-3.9326754,-4.969418,-4.897502,-4.4204865,-4.1311655,-3.5872843,-3.3076117,-3.1949928,-3.1352794,-3.0904737,-3.1432416,-3.3632355,-3.5941923,-4.154532,-4.148565,-4.1186295,-4.4398956,-4.3270845,-4.110113,-3.9574382,-3.8050942,-3.5074832,-3.240502,-2.9549978,-2.700079,-2.6026633,-2.6580987,-2.526574,-2.0446513,-0.86494285,-0.33038938,0.13110903,0.38071555,0.27128276,0.13417016,-0.052047163,-0.24205199,-0.51840556,-0.6502935,-0.7452401,-1.1420509,-1.6187879,-2.0322318,-2.1470609,-2.3120382,-2.4246957,-2.5396507,-2.6982002,-2.679989,-2.8732767,-2.892725,-2.752585,-3.0632024,-3.352528,-3.0573945,-2.2728322,-1.811351,-1.737222,-1.4699092,-1.1787318,-0.8834616,-0.48636943,-0.38763317,-0.37645188,-0.62915736,-1.3764969,-1.7755096,-2.2779799,-2.5470665,-2.9037085,-2.857037,-2.693977,-2.3703022,-1.9210974,-1.4753358,-1.5951235,-1.9050984,-2.1815586,-2.5420985,-2.9726605,-3.3963175,-3.780809,-3.9676776,-4.055402,-4.0928125,-4.1799955,-4.102667,-3.7737088,-3.357523,-3.0939126,-2.655782,-1.9487443,-1.9201976,-2.0400562,-2.4516363,-2.966177,-3.3911133,-3.3681536,-3.6425238,-3.8660283,-4.170887,-4.489599,-4.6120887,-4.335492,-4.009645,-3.9177308,-3.5515718,-3.2834668,-3.2045045,-3.1415007,-3.2055936,-3.2716527,-3.2646236,-3.0338356,-2.9677024,-2.8349695,-2.7124596,-2.7213705,-2.733575,-2.7544265,-2.8318474,-2.7777448,-2.782528,-2.8127441,-2.76434,-2.6735027,-2.8114362,-3.0429614,-3.1391182,-3.100654,-3.0100594,-2.9772487,-2.943534,-2.9239569,-2.9087944,-2.940638,-2.9727721,-2.9792624,-3.0625496,-3.29875,-3.5983677,-4.1672964,-4.525313,-4.5231657,-4.1713247,-3.8138833,-3.8120718,-3.8348994,-3.8690152,-3.5205624,-3.5227308,-3.522702,-3.522794,-3.522755
-2.7010791,-2.5411975,-2.305034,-2.1116714,-2.1317801,-2.00132,-1.9232541,-1.8124046,-1.6107099,-1.2202122,-0.82570505,-0.9411957,-1.1274618,-1.1960663,-1.0660129,-0.9288206,-1.0817534,-0.7467085,-0.49412793,-0.46027085,-0.3829673,-0.2705028,-0.14167494,0.023776986,0.084374346,-0.30478483,-1.0521646,-1.6430293,-2.4493241,-3.2517688,-3.106707,-2.925426,-2.8482766,-2.8738458,-2.7989168,-2.7453175,-2.7114356,-2.6881592,-2.5837028,-2.523646,-2.4558299,-2.4167008,-2.4281952,-2.5087657,-2.9456825,-3.0839877,-2.9340987,-2.6661263,-2.36651,-2.0973806,-2.0672374,-2.08479,-2.0537224,-2.0676832,-2.1977344,-2.217627,-2.189651,-2.1102211,-2.0432007,-2.0267718,-1.8912687,-1.7282869,-1.8604836,-1.9681652,-1.5957596,-1.3644867,-1.2634119,-1.2776968,-1.3283792,-1.440575,-1.55351,-1.7419828,-1.8607477,-1.9673451,-1.9619797,-1.6687027,-1.3084171,-0.96993446,-0.7354783,-0.27021855,0.24961029,0.5572589,0.7037289,0.7930936,0.8340398,0.8432301,0.8304974,0.79256207,0.7389713,0.628439,0.47038412,0.27007326,0.02778396,-0.15765749,-0.6988828,-1.4286183,-2.0727096,-1.9979141,-1.7196348,-1.8052711,-1.1727368,-1.0074197,-1.0408636,-1.2345202,-1.3170325,-1.0905663,-1.1315584,-1.4908273,-1.8118399,-1.8324313,-1.6537299,-1.3912741,-1.3871192,-1.6909995,-2.3093154,-3.086854,-3.144633,-2.735273,-2.6024096,-2.593936,-2.497422,-2.4714212,-2.410198,-2.6462398,-2.7478855,-2.7623549,-2.649253,-2.4351826,-2.209803,-2.2809544,-2.61063,-2.5294478,-2.176899,-1.6159383,-1.0186251,-0.48112378,-0.036913052,0.63579667,0.9713928,0.91084975,0.5468929,-0.1806871,-0.75950956,-1.0290546,-1.2660203,-1.1648892,-1.3493441,-1.1639426,-1.1552069,-1.0168121,-1.5423329,-1.888336,-2.0515542,-2.6198144,-2.671166,-2.2051191,-1.5285823,-0.8631347,-0.5975337,-0.7497355,-0.9936509,-1.20706,-1.3955469,-1.5066745,-1.5256666,-1.4857407,-1.5077968,-1.6391454,-1.7360957,-1.8200418,-1.799022,-2.0489306,-2.388069,-2.423168,-2.4578857,-2.6346302,-2.6866684,-2.8464527,-2.8335648,-3.0125902,-3.1071005,-2.9748638,-2.790276,-2.632842,-2.298867,-2.0269709,-2.0236902,-2.0337834,-1.8014512,-1.566847,-1.1692357,-0.52379465,-0.41294095,-1.1711601,-2.0224,-2.2854362,-1.786421,-1.4149252,-1.5183357,-1.3178477,-1.2567105,-1.4214611,-1.5645617,-1.6872752,-1.908771,-2.3366964,-2.3571098,-1.6893194,-1.1953367,-1.135277,-1.6515858,-1.8214822,-1.8333119,-1.8269477,-1.8725238,-1.7674292,-1.6662002,-1.5410478,-1.3691118,-1.2474105,-0.90305907,-0.4218089,0.028953955,0.39852363,0.5476787,0.63844943,0.8873441,1.2799139,1.5667708,1.5140638,1.416285,1.2231942,1.0676178,0.95386505,0.86658835,0.86820114,0.88632,1.311579,1.0822233,0.46940434,-0.0846614,-0.8560488,-1.4755468,-2.2389786,-2.6713886,-2.7336159,-2.788869,-2.8176153,-2.7784452,-2.7514439,-2.7371259,-2.7557726,-2.5672946,-2.087557,-2.1130793,-2.1750417,-2.1085303,-2.0572543,-2.2083466,-2.2418683,-2.3435175,-2.37735,-2.426615,-2.5084891,-2.5294304,-2.5784624,-2.6279736,-2.6766548,-2.7300482,-2.7913249,-2.8346763,-2.9421291,-2.9206095,-2.8075159,-2.6759229,-2.4006011,-2.2355437,-2.1595442,-1.9983695,-1.7541918,-1.5376058,-1.494845,-1.5310684,-1.7088473,-1.9631858,-2.1161072,-2.2297645,-2.0868697,-2.1612368,-1.224679,-0.8291541,-0.8546933,-1.0710785,-1.7852341,-2.4832897,-2.9523861,-3.1075358,-2.6533237,-1.5477527,-0.6744741,-0.6467859,-0.9887059,-1.8396807,-2.9720032,-3.072897,-2.5838952,-2.5323703,-2.1940491,-1.9870571,-2.1241107,-2.0716581,-1.9422106,-1.6840038,-1.1990726,-0.75061595,-0.69777083,-1.1471747,-1.9391952,-2.3957691,-2.253204,-1.6542221,-1.617822,-1.5761895,-1.4893302,-1.650574,-1.820447,-1.9438024,-2.0123389,-2.0630262,-2.0437796,-2.1672297,-2.5276775,-2.2559886,-2.3229454,-2.373355,-2.284752,-2.3202837,-2.4402735,-2.3374496,-2.1371326,-1.8785703,-1.58077,-1.4391263,-1.4850062,-1.4801699,-1.3785404,-0.6804817,-0.091751724,0.57030684,0.7066048,0.495384,0.45184046,0.5407759,0.71649575,0.68646765,0.34683925,-0.5661304,-1.4715322,-2.1065028,-2.3984864,-2.3655713,-2.2771618,-2.166637,-2.137415,-2.1139708,-2.0127637,-2.34978,-2.359718,-1.9937115,-1.963279,-1.8590293,-1.8203415,-1.3460184,-0.8020396,-0.66432554,-0.88869935,-1.2111233,-1.3511285,-1.3927882,-1.3832817,-1.063351,-0.6804532,-0.4661853,-0.52141786,-0.96136016,-1.1490097,-1.4949616,-1.5855647,-1.3216609,-1.1463331,-1.1286407,-1.148401,-1.2009393,-1.2060829,-1.2513683,-1.483088,-1.7047542,-1.8676388,-1.8883324,-1.7856729,-1.590399,-1.3042096,-0.98209125,-0.5047917,-0.24824916,-0.2060098,-0.558252,-0.6632373,-0.4380941,-0.30762973,0.08707714,0.20097274,-0.018533424,-0.7130187,-1.2587956,-1.4441566,-1.3487045,-1.2920368,-1.2617738,-1.2871964,-1.3366694,-1.9550444,-2.7474928,-2.7946548,-2.5811071,-2.4080048,-2.329907,-2.366371,-2.4436057,-2.4283292,-2.2355983,-2.402555,-2.1784494,-1.6128216,-1.4931395,-1.4779392,-1.5043412,-1.6183,-1.6416371,-1.6020184,-1.8440471,-2.338136,-2.3175538,-2.1847348,-2.0676622,-1.9445789,-1.7499202,-1.5375723,-1.4750161,-1.4185159,-1.3725616,-1.3341286,-1.3822944,-1.4025888,-1.3925751,-1.4394099,-1.6127831,-1.8507696,-2.136739,-2.356399,-2.5596974,-2.5139244,-2.4952557,-2.619078,-2.7302303,-2.8016167,-4.482748,-4.4847093,-4.48471,-4.4847236,-4.4847484
-2.5041575,-2.4871526,-2.491633,-2.5818882,-2.667342,-2.701108,-2.687206,-2.6415114,-2.468563,-2.0011153,-1.3288566,-1.2326205,-1.4529943,-1.5548952,-1.7288973,-2.207321,-2.6193314,-2.421537,-2.1352277,-2.0436046,-1.848177,-1.7698286,-1.8392026,-1.8880816,-1.997098,-2.3229759,-3.015523,-3.1983664,-3.1968026,-3.0102005,-2.6309237,-2.5056138,-2.4455867,-2.473644,-2.4485476,-2.4365366,-2.4200635,-2.3853748,-2.3385632,-2.3476925,-2.3461409,-2.3282335,-2.2655587,-2.2378964,-2.4499333,-2.4558206,-2.3717976,-2.2722197,-2.0812292,-1.9697331,-2.0153146,-2.0832202,-2.0976295,-2.2120066,-2.110529,-2.0111558,-1.9480605,-1.8669498,-1.8360349,-1.8720608,-1.6776248,-1.5107132,-1.5241739,-1.6197269,-1.3968654,-1.0732394,-0.90563154,-0.8067684,-0.80393064,-0.89528453,-1.004324,-1.2414923,-1.3674963,-1.3169034,-1.1620584,-0.7873359,-0.51909393,-0.246032,-0.06651822,0.36198995,0.86465025,1.2267786,1.4659045,1.6777313,1.8816006,2.0671103,2.1852498,2.2181773,2.2380962,2.2100134,2.1733713,2.0936894,1.9393268,1.582331,0.8714702,-0.2978779,-1.9620215,-1.7736336,-0.61733997,0.018753588,0.39874834,0.58006704,0.6232731,0.6293434,0.66861445,0.9350277,0.9413251,0.3321951,-0.95410323,-1.6840944,-2.0920367,-2.1568685,-2.181417,-2.4238174,-2.4600518,-2.4280014,-2.0896583,-1.8243108,-1.7129534,-1.6711233,-1.5972481,-1.5460262,-1.5261468,-1.5470355,-1.4202666,-1.0242879,-0.86402833,-0.7123369,-0.19702087,0.39923242,0.45550376,0.35228312,0.37449917,0.77912575,1.2104228,1.647155,2.1022153,3.0329738,3.7757378,3.98016,3.8382945,3.0151534,2.0540233,1.0616364,-0.43588924,-0.74056685,-0.6252476,-0.52476794,-0.2868387,-0.029663503,-0.453138,-0.642975,-0.85544455,-1.4137899,-1.3569062,-0.90654635,-0.59036046,-0.23338506,0.013845891,0.16080698,0.3178016,0.39609137,0.45265615,0.48891258,0.57715446,0.6918859,0.82638323,0.64687926,0.20664321,-0.31412482,-1.2426847,-2.0861974,-2.0320556,-1.7092373,-1.4718329,-1.7668949,-2.1396427,-2.2952285,-2.2090344,-2.060827,-1.7527066,-1.4304132,-1.2872341,-1.1565115,-1.2413768,-1.2787014,-1.4557906,-1.3760643,-0.7756182,0.1904222,0.9254978,1.3228947,1.1995975,0.20760989,-1.1911507,-2.2069726,-1.9611475,-1.3109527,-1.0709941,-0.7381654,-0.74352837,-0.8866339,-1.0000321,-1.1134663,-1.2023826,-1.0894003,-0.79007405,-0.6262739,-0.876747,-1.3807485,-1.9804864,-2.1434512,-2.120567,-2.1843312,-2.3243418,-2.3991828,-1.7931175,-0.71715146,0.17218852,0.9340285,1.7674317,2.4819202,2.791806,2.8275292,2.7030005,2.6304297,2.459548,2.0024798,1.1741273,0.5564204,0.16337028,-0.0016034096,-0.024390131,0.07445502,0.14654286,0.009433553,-0.25931913,-0.3667633,-0.5404493,-0.77317774,-1.0598655,-1.5207,-1.5198276,-1.2771477,-1.3976547,-1.5292451,-1.6303554,-1.7295375,-1.7751163,-1.9073665,-2.1417627,-2.3310137,-2.4803019,-2.4200387,-1.9296798,-1.2945045,-0.9682535,-0.98316324,-1.1998758,-1.3096564,-1.4481065,-1.4862194,-1.5061233,-1.5849295,-1.6136087,-1.6580191,-1.7063376,-1.7640536,-1.8072684,-1.8837135,-1.9373744,-2.1222448,-2.189464,-2.1616564,-2.1443372,-2.293103,-2.5881016,-2.487452,-2.1987028,-2.0041838,-1.8965924,-1.9293478,-1.8441743,-1.5984075,-1.1198101,-0.6996808,-0.7656299,-0.5747827,-0.73286694,-0.46390003,-0.27427793,-0.20242608,-0.28729904,-0.6351682,-0.77451795,-1.8552341,-3.467121,-3.283726,-2.4323707,-1.9757702,-1.9134568,-1.9141517,-2.0711877,-2.3490868,-1.869648,-1.3355283,-1.2618045,-1.2671657,-1.3623371,-1.6587014,-1.3958459,-0.8551011,0.0301556,0.6035211,0.87918353,0.824824,0.14383405,-1.1871922,-2.1775334,-2.2975693,-1.7738364,-1.4609993,-1.307164,-1.2557329,-1.404067,-1.555896,-1.6633203,-1.71892,-1.7028275,-1.7339473,-1.8652539,-2.0986643,-2.136929,-2.5876284,-2.495977,-2.2510812,-1.9928887,-1.7207764,-1.284822,-1.04581,-0.7745366,-0.8799242,-0.98544157,-1.1669888,-1.2209105,-1.0179293,0.16504444,0.87884146,1.4419587,1.4353567,1.0938449,0.7406877,0.4528135,0.29894578,0.14594924,0.04075466,-0.11664745,-0.5801131,-1.0859991,-1.5953712,-1.7252247,-1.8432348,-1.896544,-2.0141718,-2.1736083,-1.8114564,-1.1768373,-0.21747713,0.33981133,-0.20220158,-0.9954661,-0.60593915,0.4797853,1.5517359,2.1059384,2.2026596,1.9343455,1.5113401,0.6295353,-0.37342992,-1.2643348,-2.099018,-2.105889,-1.9653637,-1.8809717,-1.7618587,-1.7152455,-1.4494276,-0.96542263,-0.58895457,-0.36141735,-0.34820056,-0.6063158,-0.9796243,-1.4043105,-1.6155362,-1.2239313,-0.65488446,-0.2356559,-0.0687157,0.06469542,0.17484282,0.18249977,-0.039974973,-0.46952832,-1.2358633,-1.7410846,-1.6636688,-1.1397803,-0.4278831,0.8080773,1.8435339,1.7904856,1.2965227,0.41187316,-0.22252506,-0.48336017,-0.69460297,-0.93113357,-1.087266,-1.3281987,-1.8019543,-2.2588203,-2.1685863,-2.06703,-2.0520706,-2.0649323,-2.1528287,-2.2562914,-2.1464,-1.3277252,-0.9596653,-0.4125589,-0.106984854,-0.0874189,-0.06843372,-0.019400299,-0.05250077,0.061318137,0.08451195,-0.15205218,-0.66946507,-0.9743267,-1.3957171,-1.7530026,-1.6893458,-1.4929031,-1.2624189,-1.2149282,-1.1821731,-1.1585953,-1.1505935,-1.2036507,-1.2689908,-1.2910787,-1.3520758,-1.5029483,-1.6659524,-1.8907346,-1.9625294,-1.5149317,-1.3682961,-1.311638,-1.4133759,-1.1681058,-1.2105695,-2.5146198,-2.518647,-2.5185995,-2.5187235,-2.5186903
-1.4924891,-1.545989,-1.5034015,-1.5089715,-1.5165756,-1.2978798,-1.0335283,-0.88643396,-0.6565449,-0.42549843,-0.6229259,-0.8810514,-1.3925306,-1.7322148,-1.9894413,-1.7262444,-1.3718911,-0.99806964,-0.94629633,-0.9453248,-0.8894247,-0.9461471,-1.1218603,-1.2527766,-1.5322677,-2.0413003,-2.5986211,-2.401936,-2.2480311,-2.714748,-2.2572026,-2.0347,-1.8780241,-1.7976569,-1.742404,-1.693192,-1.64047,-1.5729158,-1.5454856,-1.546979,-1.562187,-1.5109441,-1.4694605,-1.3799213,-1.1283536,-0.8844261,-0.86271435,-0.7922081,-1.050843,-1.6870745,-1.8660598,-1.9353296,-1.8963854,-1.8304744,-1.9860193,-2.2756608,-2.4864402,-2.5821536,-2.653638,-2.6718922,-2.6226354,-2.6373434,-2.4185674,-1.6989189,-0.7251822,-0.5802393,-0.6461396,-0.79416114,-0.957651,-1.2248609,-1.4000446,-1.6264915,-1.7666502,-1.8350401,-1.8034738,-1.5548925,-1.3085784,-1.0547953,-0.8423181,-0.53183454,-0.2879115,-0.15250975,-0.08686775,-0.049346715,-0.01648578,0.0031201541,-0.0058140755,-0.032386065,-0.0784882,-0.10247463,-0.06953007,-0.046696663,-0.081665635,-0.31764364,-0.8293148,-1.5409057,-1.9319854,-1.6168866,-0.7514228,-0.5099412,-0.9778466,-1.2675275,-1.3822018,-1.4083915,-1.327525,-0.944825,-0.74539673,-0.78434503,-1.1955874,-1.4315557,-1.4784223,-1.2387749,-1.3270706,-1.5369163,-1.3886375,-1.5896227,-2.0519872,-2.179912,-2.1014447,-2.0828152,-2.0276144,-1.9615607,-1.8263552,-1.5791585,-1.3199555,-1.0505393,-1.0102007,-0.98662806,-0.35441688,0.18962857,0.410331,0.28218356,0.24014676,0.39399812,0.76382124,1.391279,1.6631279,1.2344279,0.5423018,0.15790297,-0.43080717,-1.0514157,-1.289247,-1.5719125,-2.0927503,-2.2129784,-1.6495528,-1.0180243,-0.6031294,-0.7529484,-1.3933272,-1.6804891,-1.6531124,-1.7764502,-1.6266807,-1.1862962,-0.7785811,-0.70655495,-0.6584432,-0.2786352,0.008029819,-0.08108115,-0.19302887,-0.27922612,-0.26841903,-0.22791547,-0.23199344,-0.41866755,-0.84528863,-0.6430554,0.1048352,-0.20239398,-1.2906554,-1.6388062,-1.5051699,-1.4899862,-1.7340436,-1.9735744,-2.0148373,-1.996839,-1.8777056,-1.6488564,-1.5248458,-1.4163784,-1.4807931,-1.5396934,-1.4943216,-1.1693242,-0.8840627,-0.9053704,-0.6399392,-0.32212487,-0.6013985,-1.3704796,-1.3917663,-1.927599,-2.0251098,-1.9304991,-1.5339732,-1.3424077,-1.3767967,-1.5432105,-1.6843934,-1.7547972,-1.8873075,-1.8193297,-1.5727446,-1.1811298,-0.9506153,-0.9539744,-1.3622808,-1.5118955,-1.6503079,-1.7475121,-1.8296752,-1.7957823,-1.3881524,-1.0212715,-0.91339725,-1.0888901,-1.4444175,-1.6522421,-1.8086423,-1.8657827,-1.5913244,-1.0990982,-0.828155,-0.88782907,-1.4646682,-1.9753933,-2.0431628,-1.8502046,-1.6177932,-1.4068594,-1.1662226,-0.7450136,-0.38934064,-0.13310461,-0.5965432,-1.0658097,-1.3486229,-1.3244314,-0.8227322,-0.5119927,-0.8135934,-0.9571364,-1.1386337,-1.2426822,-1.3927028,-1.5773544,-1.937231,-2.317564,-2.6926434,-2.3917294,-1.8413749,-1.3664615,-1.015525,-1.0655138,-1.2496278,-1.3763747,-1.5226362,-1.5495558,-1.6235154,-1.701632,-1.6982205,-1.7314422,-1.7783227,-1.8072073,-1.7816976,-1.7300937,-1.6408498,-1.5370474,-1.3292301,-1.247676,-1.3235885,-1.805083,-2.4258475,-2.6816463,-2.667456,-2.6004996,-2.5225391,-2.5152342,-2.626945,-2.6888347,-2.5737677,-2.4177918,-2.192908,-1.6922972,-1.2189076,-0.79186326,-0.7065488,-0.5500179,-0.5633297,-0.84995013,-1.0767461,-1.1478686,-1.2992907,-1.2508621,-0.97151124,-0.6342315,-0.5151793,-0.4827929,-0.23487711,-0.43449566,-0.8015584,-0.922413,-1.0587648,-1.1894662,-1.1420302,-1.1499327,-0.97230935,-0.80436236,-0.7938078,-0.47072205,-0.21323091,-0.39758164,-0.9872395,-1.2626231,-1.6592362,-2.0073607,-1.9443811,-1.8002758,-1.5547374,-1.5451491,-1.6257391,-1.7260427,-1.7160828,-1.5908747,-1.3926027,-1.2081196,-0.9963938,-1.2549136,-1.2961231,-1.5665658,-2.0204291,-1.8619422,-1.6499231,-1.3448803,-0.8681195,-0.73062366,-0.46304423,-0.06168755,0.3765061,0.93227303,2.2822778,4.5928464,7.7126102,9.809332,11.098932,11.661682,11.968192,12.110264,12.132153,12.081945,11.90488,11.12999,9.123529,6.699229,3.970568,1.3606752,-0.19723588,-0.8863447,-1.1060107,-1.2562549,-1.3923514,-1.1073802,-1.1947062,-1.0609362,-0.76682425,-0.8597193,-1.2613026,-1.2190492,-0.650104,-0.3188685,-0.42856234,-0.5690975,-0.7231548,-0.7457089,-0.5459926,-0.31717378,-0.18900032,-0.38692033,-0.78301775,-0.96927154,-1.0255353,-0.96893424,-0.77086467,-0.314583,0.27527213,0.86699027,1.3201294,1.7260735,2.0943537,2.2710779,2.3766894,2.0585403,1.5799949,1.2826988,0.7626077,0.11306735,-0.5390147,-1.0079532,-1.2924604,-0.9162936,-0.8427129,-0.9124329,-1.3297689,-1.664954,-1.3104439,-0.8906599,-0.6416986,-0.795429,-1.0743823,-1.3743324,-0.9494082,-1.0182531,-1.24207,-1.4345448,-1.5076301,-1.4219856,-1.3217787,-1.503449,-2.073542,-2.1150491,-2.0314488,-2.0076165,-1.9857965,-2.028272,-2.0164924,-1.7447431,-0.8763278,-0.4324726,0.19669011,0.4969039,0.59438586,0.57424974,0.59281594,0.6858982,0.5952728,0.1473741,-0.37078387,-1.0568256,-1.5340387,-2.0294201,-2.5440245,-2.7055879,-2.6901891,-2.5953472,-2.4758706,-2.3771062,-2.357699,-2.3610315,-2.4215102,-2.3977048,-2.3695178,-2.3633893,-2.4143934,-2.475846,-2.454923,-2.1543932,-1.7961049,-1.4091611,-1.5562227,-1.9003599,-2.059719,-2.352028,-2.0977006,-2.1009152,-2.1008675,-2.1010046,-2.100957
2.238166,2.2406137,2.2172515,2.2570775,2.2808814,2.2796628,2.0695229,1.8691263,1.5532179,0.9176268,0.86130494,1.6581185,2.2648356,2.4330206,2.3393283,1.3797411,0.74587226,0.40498453,0.29119772,0.25767204,0.18175158,0.098345086,-0.11127495,-0.3056835,-0.34999973,-0.2838223,-0.68406063,-0.95850766,-0.7736155,0.76452535,2.359753,2.9555867,3.235727,3.3927221,3.6622355,4.0028887,3.9701097,4.0919957,4.0922,4.156701,4.2080283,4.4124436,5.0459676,5.836486,5.9398317,5.8483057,6.192504,6.8561254,7.870884,8.982491,9.2160015,9.249011,9.234609,9.333818,9.544748,9.865712,10.0882635,10.419759,10.830633,11.096618,11.291062,11.197875,9.69565,7.500579,5.4301257,4.2143884,3.4527884,2.6772456,2.1927898,1.7683346,1.5988084,1.4347379,1.2770848,1.143996,1.0676305,0.9817866,0.921589,0.9663751,1.0604522,1.221324,1.2962569,1.2679036,1.2641053,1.2556168,1.2231454,1.116639,1.035695,1.0128745,0.999187,1.0092201,1.0027566,0.94368,0.67885005,-0.08700472,-0.91628635,-1.2052358,-0.09317765,1.2674785,1.6006863,0.77635217,-0.3961569,-0.6298447,-0.6503711,-0.4960058,-0.4068943,-0.46383783,-0.66193116,-1.431024,-2.1537144,-2.1113856,-1.9218552,-1.6539347,-1.7085408,-1.7953058,-1.6593621,-1.1243219,-0.23215652,0.06385391,0.11188642,0.17878588,0.24616191,0.28217232,0.20741405,-0.026749134,-0.21670371,-0.29762805,-0.38763112,-0.7622461,-1.2427034,-1.5036448,-1.1344554,-0.80683076,-0.6074278,-0.50908566,-0.61088884,-0.8662214,-1.1218894,-1.4197979,-1.4675707,-1.5190701,-1.7673264,-2.1368709,-2.2150981,-1.7044358,-0.6575634,-0.120400906,-0.07909803,-0.26538178,-0.6179696,-1.3282772,-1.752295,-1.8400326,-1.5904843,-1.2342803,-0.8178376,-0.82337314,-1.2852751,-1.5209907,-1.4479873,-1.4383783,-1.3229403,-0.93593925,-0.6681103,-0.54876804,-0.5233072,-0.5315834,-0.60243124,-0.7990253,-1.11425,-1.1243815,-0.89409596,-0.58354366,-0.57362026,-0.5340761,-0.49390632,-0.6051101,-0.67613035,-0.3733866,-0.4244969,-0.5573551,-0.7189054,-0.53560525,0.0059479177,0.0078036636,-0.40887475,-0.78423,-0.942886,-1.3537383,-1.880088,-1.4597298,-0.62634766,-0.59689975,-1.1600157,-2.1089127,-1.8056548,-1.041229,-0.54657173,-0.56236863,-0.39495647,-0.55314463,-0.699205,-0.7723931,-0.8245163,-0.93080676,-1.2253236,-1.5130315,-1.3927219,-1.1948868,-1.249639,-1.0719098,-0.5408016,-0.12937906,0.0012738705,0.04868713,0.049108893,-0.31564713,-0.8553793,-0.92680717,-0.93000233,-0.75873816,-0.72318804,-0.84360766,-1.0033921,-1.1691557,-1.2523249,-1.2240834,-1.1733265,-1.0962863,-0.82808596,-0.5564998,-0.41962624,-0.39268163,-0.5185362,-0.71841866,-0.9214008,-1.1941602,-1.3907622,-1.4971863,-1.4278398,-0.96377236,-0.8137132,-1.0712211,-2.0178614,-2.305286,-1.7006395,-1.451335,-1.3307941,-1.2322495,-1.116921,-0.95568216,-0.5746707,-0.17170842,0.08379342,0.0019992888,-0.23153536,-0.26865152,-0.24934795,-0.17581742,-0.19697417,-0.17586806,-0.12772974,-0.09037301,-0.043011397,-0.008502245,-0.0066955686,-0.03570944,-0.063272566,-0.085489124,-0.16499105,-0.3239224,-0.54411817,-0.88897663,-1.1240984,-0.9949505,-0.6954172,-0.33354867,0.38654515,0.82087004,0.95237386,1.0192325,0.99859375,0.9622998,0.94362843,0.6116319,-0.04346308,-0.33041343,-0.17140964,0.09756696,0.34184963,0.17995179,-0.26402986,-0.49258843,-0.9103769,-1.4039428,-1.8132939,-1.7255673,-0.8476033,0.008080602,-0.21642113,-0.4576606,-0.44483596,-0.5732739,-1.0439255,-1.0152829,-0.5274874,-0.21090135,-0.07185018,-0.5631114,-0.9015573,-0.844401,-1.1998054,-1.4340827,-1.0074799,-0.26312283,-0.4719309,-1.0220364,-1.8668239,-1.7817609,-1.0388806,-0.4796221,-0.22493578,-0.14814025,-0.12824962,-0.39160815,-0.4154402,-0.31057227,-0.17775701,-0.10576549,-0.23530221,-0.4205395,-0.7929197,-0.9831159,-1.464936,-1.5447121,-0.9746709,-0.9617295,-1.1271083,-1.2344749,-0.6761824,-0.27487856,-0.22370955,-0.50722134,-0.42646745,-0.37695998,-0.38037765,-0.07975307,0.3668608,0.8558265,0.5243528,0.09223837,-0.2757131,-0.61945117,-0.6648209,-0.27206725,0.4020144,0.602011,-0.4911168,-1.2205052,-1.3470004,-1.276115,-1.222988,-1.1189795,-0.9899945,-0.8253622,-0.68500936,-0.90054196,-1.4034576,-1.4751517,-1.8793266,-1.704525,-0.95071316,-0.6621891,-0.48300236,-0.5975276,-0.80562973,-0.9093491,-1.0133777,-1.1647449,-1.3197572,-1.2900107,-1.0610079,-0.5195814,-0.15094292,-0.13019358,-0.2575767,-0.43041274,-0.5584098,-0.5286638,-0.8182533,-1.1410047,-1.4195917,-1.5736573,-1.4976643,-1.344877,-1.2973363,-1.401448,-1.5143592,-1.6574755,-1.731457,-1.6458342,-1.5765235,-1.5716565,-1.6914561,-1.9685467,-2.5724342,-2.7073207,-2.1712298,-1.8302118,-2.042935,-1.8976082,-1.4415867,-1.8217015,-2.2246082,-2.8203926,-2.4147658,-1.7809494,-1.4871724,-1.4170384,-1.4727178,-1.8511016,-2.5404236,-2.7716289,-2.1641605,-1.5917572,-1.2363101,-1.0873427,-1.0404004,-0.8793763,-0.86685413,-1.0985122,-1.7428498,-1.7145534,-1.36182,-0.9799167,-0.8031883,-0.7849822,-0.77010226,-0.77292436,-0.81894493,-1.0009707,-1.3480384,-1.6477693,-1.6874535,-1.4969494,-0.718436,-0.17081955,0.11651288,0.22226617,0.25407034,0.27090704,0.2168928,0.15459876,0.1915035,0.17184818,0.10812572,0.08977023,0.10801892,-0.000794936,-0.29615188,-0.5216181,-0.23916893,0.10361748,0.21737927,0.17274252,0.037839644,0.21098386,1.5991479,1.6044697,1.6044312,1.6045953,1.6045475
-0.8365345,-0.8711851,-0.9347527,-0.88206685,-0.79754204,-0.67862624,-0.61300975,-0.583681,-0.56317717,-0.6681322,-1.4344194,-1.806081,-1.5310262,-1.293882,-1.188921,-1.1676824,-1.2348921,-1.3601193,-1.3762403,-1.3964082,-1.4024491,-1.3940241,-1.3907146,-1.1658499,-0.57546985,0.7668098,2.3440483,2.516287,2.1898212,3.0176635,3.076971,3.0204432,2.9873261,2.9195914,2.8656418,2.8870814,2.8422067,2.881753,2.9613352,3.0267596,3.0392928,3.024104,2.822367,2.5743458,2.50671,2.165195,1.82904,1.3046212,0.47247595,-0.19368123,-0.3319803,-0.6892509,-1.2184482,-1.6231129,-1.7246683,-1.5619531,-1.4336302,-1.3897753,-1.4329734,-1.4352782,-1.3777231,-1.2937286,-1.344127,-1.9669051,-2.5650144,-2.707397,-2.647738,-2.528272,-2.415966,-2.239805,-2.1705158,-2.0695894,-1.9731629,-1.969612,-2.083734,-2.3989959,-2.6429107,-2.8372073,-2.9178696,-3.090737,-3.1403213,-3.0950894,-2.997661,-2.8710797,-2.7223568,-2.5608435,-2.4310079,-2.3794217,-2.3047416,-2.2718918,-2.1924615,-2.0871985,-1.9076102,-1.3763441,-0.45908886,1.2955618,2.1655586,1.7539327,0.59807754,-0.03306056,-0.68101496,-0.80212784,-0.8521264,-0.95578516,-1.2250293,-1.7537779,-1.8096697,-0.86895955,0.552575,1.4655062,1.7142049,1.4509143,1.4957627,1.8319201,1.6943537,1.0922595,0.009604365,-0.9733344,-1.2501353,-1.3869594,-1.5219918,-1.6037811,-1.4809177,-1.1018891,-0.80972654,-0.5428829,-0.10272089,0.036467314,-0.2520609,0.27920687,0.5853692,0.73084575,0.8091817,0.80817133,0.7036557,0.3845085,0.057984896,-0.40217325,-0.6953882,-0.9003184,-1.0163169,-1.0370224,-0.8609735,-0.8257678,-1.0421534,-1.1371036,-1.4095635,-2.0050514,-1.8336604,-1.6023234,-0.7746953,0.44280547,0.7786248,0.8594855,1.0999991,1.1607168,1.0856147,1.0021057,0.85927427,0.38482147,0.24427173,0.37065777,0.43262264,0.38800567,0.30933738,0.025860965,-0.55032885,-0.7905438,-0.66627395,-0.5153613,-1.0465298,-1.2281871,-1.2150251,-1.5343025,-1.9356657,-1.5309242,-0.71808743,-0.40034965,-0.3483668,-0.13823113,-0.116641745,-0.44020304,-0.89725006,-1.1466229,-1.2296858,-1.0987586,-0.9152757,-1.0140337,-1.2291944,-1.4274313,-1.9910717,-2.6674066,-2.6951132,-2.0820763,-1.2987088,-0.7537896,-0.8481451,-1.1386111,-1.2049379,-1.3445106,-1.1886221,-0.97212315,-0.8063421,-0.7176981,-0.49302903,0.031919315,0.5643559,0.2566342,-0.186934,-0.389653,0.06523101,0.24093777,0.32189238,0.30906132,-0.004108697,-0.4335336,-0.8647219,-0.80690306,-0.58482873,-0.7121729,-1.1577334,-1.5897238,-1.7406546,-1.8253741,-1.7047899,-1.4408827,-1.178767,-0.98524725,-0.6698517,-0.36082453,-0.2541334,-0.20183714,-0.22187,-0.26116365,-0.27412382,-0.34699956,-0.46613142,-0.9883307,-0.8587127,-0.10176461,0.48543042,1.0247449,1.1145871,1.8367391,2.560799,2.5459318,2.591556,2.6172864,2.663073,2.7605627,2.8319912,2.924413,2.9504046,2.4707813,1.6772386,1.0517673,0.18389428,-0.12342194,0.10809988,0.2842503,0.43517828,0.50056523,0.513732,0.5460876,0.54170233,0.61877185,0.70317835,0.7725841,0.86268085,1.003309,1.2531214,2.4409769,4.367029,6.636029,9.071535,11.254925,12.264262,12.240023,12.25836,12.333086,12.37245,12.245024,12.015046,11.49124,10.757131,9.799544,8.560189,8.335114,6.782793,1.8157058,-0.10504938,-0.75432265,-1.0961139,-0.87265617,-0.3256759,-0.13659668,-0.02859521,0.18657702,0.37599802,0.36289048,0.27142254,0.27471548,0.45847473,0.66062677,-0.28006807,-0.8635138,-1.0995201,-1.2685263,-1.129449,-0.9695103,-1.1158562,-1.2666432,-1.514138,-2.296596,-2.6761918,-2.7444286,-2.3470142,-1.4073492,-1.0646551,-0.8659207,-1.0723753,-0.9517739,-1.0264285,-0.87415737,-0.6814885,-0.60447884,-0.5722219,-0.64992106,-0.67713517,-0.51269114,0.045531183,0.7388078,0.45886543,0.35800606,0.5370972,0.41591787,0.40230623,0.34069023,-0.4029393,-0.7829822,-0.9522153,-1.0451108,-1.0271987,-0.8657646,-0.7117618,-0.359051,-0.14908814,-0.6309983,-1.2587185,-1.3592833,-1.1818652,-1.0336387,-0.7841656,-0.30108398,0.681051,1.2941494,1.1086848,1.4565895,2.141829,2.7859628,2.9243317,2.8563588,2.8048227,2.7281666,2.7214785,1.935801,1.6016226,0.89220965,-0.47856086,-1.16323,-0.8300512,-0.4268062,-0.8778351,-1.3960257,-1.4238651,-1.2260414,-0.9747193,-0.8588118,-0.7756748,-0.74784184,-0.641628,-0.37077686,-0.15349807,-0.011647202,0.23783395,0.23039989,0.28903663,0.32350588,0.15652457,-0.038191788,-0.08410344,-0.13537392,-0.43682906,-0.6924952,-0.7483587,-0.71178055,-0.66825396,-0.7251643,-0.79475546,-0.8090638,-0.825832,-0.8990831,-0.9616296,-0.5565755,-0.009296492,0.45207754,1.0197642,1.3172636,0.86010116,0.2708798,-0.8251447,-1.6928811,-1.6236136,-1.2383546,-1.088601,-0.8166607,-0.40878785,0.34692985,1.1892273,1.7454855,1.9328663,2.3322568,3.4408612,3.8990407,4.0425954,4.1333566,4.107656,3.9408185,3.7325516,3.2435203,2.2803411,2.0138032,1.4772627,1.0183897,1.0583931,1.166598,1.323962,1.5609572,1.848269,2.885423,5.044555,7.833912,8.947753,9.959499,11.06572,11.463144,11.64249,11.785521,11.871649,11.910153,11.92734,11.921286,11.9133835,11.881608,11.849642,11.7971325,11.679892,11.477726,10.938925,10.228214,9.305726,7.8888454,5.8426137,5.464141,5.126685,4.6476398,4.009635,4.0040946,4.0041547,4.0039353,4.0040054
0.42074963,0.4267424,0.4685858,0.55606806,0.61988235,0.6573247,0.620666,0.5563706,0.4020381,0.17961252,0.25797758,0.47058442,0.6282413,0.6479519,0.3842432,-0.6335516,-1.4975787,-2.048597,-2.2315974,-2.2565465,-2.3562646,-2.403831,-2.3826494,-2.4526823,-2.5146718,-2.241539,-1.5721263,-1.087779,-0.75656664,0.007692963,0.3466249,0.41397655,0.37989795,0.3531326,0.31228507,0.31550094,0.25094444,0.25010505,0.21154642,0.22840181,0.20666496,0.19561586,0.23694344,0.3053098,0.123662904,-0.14355542,-0.17689967,-0.3157112,-0.68695647,-0.8651779,-0.8261004,-0.8743537,-0.7465885,-0.7804201,-0.9253493,-0.84736025,-0.597,-0.31035998,0.0010005981,0.07133864,0.042218834,-0.048057497,0.164633,0.11820763,-0.46966338,-0.78576255,-0.91605467,-0.99532336,-1.0331643,-0.98285747,-0.94484246,-0.82958823,-0.7388985,-0.6587205,-0.63378364,-0.76195383,-0.9625467,-1.1175821,-1.2734604,-1.502753,-1.710576,-1.78065,-1.8055646,-1.7957218,-1.7873437,-1.7802815,-1.7382934,-1.6821935,-1.6148744,-1.5599964,-1.5948875,-1.6823444,-1.9129667,-2.328232,-2.44323,-2.1999269,-1.7095659,-2.279348,-3.1324854,-3.0061703,-2.6743078,-2.2165315,-2.0019565,-1.9154752,-1.9951968,-2.4452972,-2.7318418,-2.7869215,-2.3209293,-2.1238065,-2.0283868,-2.122723,-2.1353674,-1.9217726,-1.8444474,-1.4116576,-0.58881974,-0.51614755,-0.47920948,-0.5177019,-0.5874256,-0.63679606,-0.9225757,-1.4381238,-2.1581092,-2.892253,-2.958403,-2.749124,-2.6393638,-2.2118063,-1.5349296,-1.3085313,-1.3017774,-1.3264945,-1.0401915,-0.80287117,-0.6162361,-0.33322823,-0.21637414,-0.14912182,-0.06361258,0.09288761,0.09333046,-0.5566024,-0.870131,-1.2094023,-1.2552028,-1.0241284,-0.8405503,-1.2895652,-1.5000157,-1.4538397,-1.2499269,-1.2335992,-1.9839807,-2.4222338,-2.750112,-2.5415807,-2.3019047,-1.6793125,-0.79459304,-0.21938384,0.0701493,0.19003749,0.20982742,0.16988045,0.08327353,0.011763573,0.07432616,0.029732764,0.0010949373,0.032916844,0.08565959,-0.3134176,-0.3512117,-0.4779544,-0.20392336,0.03377708,0.21059461,0.17180601,0.018197365,-0.21520972,-0.18924263,-0.24373879,-0.21391189,-0.14228782,-0.1626252,-0.34315902,-0.43129686,-0.19595177,-0.3932202,-1.1612201,-1.4664356,-1.3834196,-1.4055955,-0.92808485,-1.2590312,-1.8436399,-1.7494925,-1.7782799,-1.8302323,-1.7806525,-1.7031742,-1.6612326,-1.83568,-2.18966,-2.6270423,-3.363202,-3.5920024,-3.2709332,-2.1073623,-1.3156158,-1.0617195,-1.0545049,-1.1509035,-1.3274937,-1.266462,-1.1839733,-1.1112356,-0.9104402,-0.88345027,-0.96728563,-1.1365714,-1.2357588,-1.2077205,-1.1486329,-1.2557672,-1.4901063,-1.3118861,-0.9941553,-0.8146086,-0.7225379,-0.7608166,-0.8301308,-0.85178053,-0.9358883,-1.0501533,-1.3432858,-1.3338563,-0.9568321,-0.60742605,0.041492656,0.3028801,0.40740895,0.6791231,0.9083221,0.94765174,0.9606355,0.9511529,0.9109298,0.89572334,0.8136806,0.7224023,0.34407336,0.116963446,-0.39471322,-1.3069825,-1.571092,-1.635895,-1.6426413,-1.6658571,-1.7132264,-1.5791857,-1.504065,-1.4953994,-1.5424304,-1.5681052,-1.5849335,-1.6505817,-1.7515723,-1.8884497,-2.1260052,-2.2850616,-2.1305754,-1.7685095,-1.3962005,-0.61451614,-0.17683983,-0.3201111,-0.36775765,-0.4681375,-0.5784246,-0.792066,-0.97082865,-1.1875687,-1.3138443,-1.4041357,-1.6426789,-1.9910669,-2.7842221,-2.7076068,-2.8397527,-2.680597,-2.3387828,-2.262657,-2.4432657,-1.8700898,-1.9194363,-2.297014,-2.0900874,-1.6339972,-1.1420543,-1.0808418,-0.88362956,-0.52051866,-0.50992274,-0.3933279,-0.28066015,-0.2288501,-0.22151442,-0.38650787,-0.41052252,-0.25023192,-0.62922317,-1.3200545,-1.4717891,-1.2985201,-1.1139117,-0.80812395,-0.7373913,-1.3855497,-1.5303426,-1.5140904,-1.4737626,-1.3249717,-1.1282243,-0.9205864,-0.7470859,-0.70182246,-0.7034193,-0.497406,0.30808038,0.30148688,-0.23193386,-0.384602,-0.4291316,-0.5580743,-0.740278,-0.8355313,-0.65990806,-0.72915757,-0.7685913,-0.74355376,-0.7502421,-0.92269886,-1.1382045,-0.98767126,-0.62457335,-1.2124355,-1.6429498,-1.8500867,-2.157761,-2.4877248,-2.6912947,-2.5773036,-2.2573595,-1.9072809,-1.5550761,-1.1106375,-0.62552977,-0.1914983,0.06850481,0.09439018,0.10336697,0.11740069,-0.293659,-0.7179677,-1.5207074,-2.382066,-2.7228258,-2.5495098,-2.5858965,-2.870095,-3.1614537,-3.0178962,-2.6424885,-2.2729688,-2.060515,-1.6660945,-0.843872,0.09179908,1.0092716,1.277033,1.1933142,0.8426859,0.5502463,0.08911118,-0.20447782,-0.46298578,-0.68867457,-0.70079195,-0.18891016,0.16730294,0.13751267,0.15616277,0.12239169,-0.09870266,-0.37009978,-0.86523306,-1.1522219,-1.3782271,-1.6892488,-2.1661973,-2.5090044,-2.8023348,-2.9541564,-2.653916,-2.7234702,-2.6550899,-2.1625369,-2.0443249,-2.1674895,-2.2627726,-2.0122757,-1.7698328,-1.841533,-1.9503247,-1.8482913,-1.5725553,-1.6091559,-1.8535608,-1.5273229,-0.5762263,-0.049177557,0.018349737,-0.21250413,-0.31605846,-0.45281798,-0.7060905,-1.0795014,-1.7238266,-1.8012446,-2.2444966,-2.4605942,-2.4087882,-2.380055,-2.34508,-2.3895025,-2.4012685,-2.402844,-2.3612537,-1.9598835,-1.7539052,-1.5648401,-1.0255978,-0.8190377,-0.84990263,-0.8434884,-0.8362758,-0.84176135,-0.847649,-0.8887014,-0.89634264,-0.98831093,-1.0544578,-1.0857139,-1.0657963,-1.0245038,-1.0255772,-0.88892096,-0.9607665,-1.2485899,-1.155695,-1.0096685,-0.95880663,-0.65870637,0.16320856,0.16772744,0.16770917,0.16781725,0.1677992
-2.619265,-2.5482807,-2.4461942,-2.3480153,-2.2954688,-2.2739122,-2.3362513,-2.3983731,-2.5290935,-2.5979457,-2.521664,-2.2269676,-1.789963,-1.501286,-1.3683546,-1.40223,-1.6226835,-2.0614512,-2.201244,-2.2575793,-2.4241037,-2.6160622,-2.849143,-2.992962,-3.0524702,-2.7196898,-2.0054636,-1.380246,-1.0556697,-0.7336715,-0.5290926,-0.5259227,-0.5815802,-0.6431107,-0.70504296,-0.7317344,-0.7261137,-0.70873356,-0.69555414,-0.7134351,-0.7058818,-0.70475334,-0.72734976,-0.9074767,-1.5947149,-2.1833181,-2.2933476,-2.4732144,-2.6438768,-2.6084757,-2.4859848,-2.3427076,-2.1781163,-2.0521648,-2.130188,-2.1753945,-2.1115208,-2.030196,-1.9219935,-1.9010231,-1.9114904,-1.9883238,-2.010613,-2.0859387,-2.5290563,-2.6926465,-2.7799082,-2.8283582,-2.8195736,-2.7111328,-2.6106896,-2.4345112,-2.2737315,-2.0055099,-1.747406,-1.4819502,-1.4393625,-1.4482038,-1.540797,-1.7844946,-2.10776,-2.2530017,-2.3167696,-2.3704293,-2.4159453,-2.4444063,-2.4522352,-2.45338,-2.4376435,-2.4562001,-2.5450616,-2.701674,-3.0005496,-3.2751193,-3.3334193,-3.3692713,-3.6505857,-3.9108768,-4.3890505,-3.75492,-3.7466874,-3.572204,-3.5080104,-3.530672,-3.6677947,-4.0292716,-4.242038,-4.076452,-3.9153042,-4.3369384,-4.6475325,-5.208951,-5.282904,-5.4116707,-5.657453,-5.3883266,-4.2837753,-3.5210042,-3.3756528,-3.2869987,-3.2747073,-3.2263837,-3.243493,-3.3222806,-3.614748,-4.2492414,-4.2635746,-4.0057793,-4.0790167,-3.7958846,-3.0652177,-2.7179062,-2.5517578,-2.4174752,-2.1207457,-1.9322329,-1.8341821,-1.9283814,-2.2577376,-2.4640927,-2.385879,-1.8789245,-1.4754343,-1.6538701,-2.0820463,-2.2044196,-2.2264717,-2.1514072,-2.4905443,-3.1053162,-3.3241882,-3.1850872,-3.562206,-3.6784425,-3.8145504,-3.858119,-3.8830662,-3.2578588,-2.3678107,-1.7843192,-1.694817,-1.4009831,-1.184558,-1.0820994,-0.9940475,-0.9568675,-0.7659681,-0.41894427,0.08008236,0.22893898,-0.007965505,-0.30855688,-0.6234075,-0.78342867,-0.84466386,-0.78516525,-0.70312977,-0.9508212,-1.1365187,-1.222539,-1.4040836,-1.5504467,-1.6346672,-1.6872702,-1.6640683,-1.6259922,-1.7312733,-1.869257,-1.8483096,-1.5283971,-1.5509489,-2.3054616,-2.5359664,-2.0468283,-1.6965849,-1.3005203,-1.6888058,-2.3833337,-2.598028,-2.9488,-2.9428802,-2.7807326,-2.6124609,-2.483265,-2.2318962,-1.2995458,-0.2214946,-0.10281597,-0.33394223,-0.30984998,0.4670571,0.8239802,0.967306,0.9195516,0.6893088,0.30605325,0.21331882,0.44755358,0.5875318,0.6185672,0.09488191,-0.7156062,-1.4223541,-1.84625,-1.9591306,-1.809878,-1.7362719,-1.8759699,-2.0225415,-2.0865903,-2.079282,-2.021865,-1.9845517,-1.9956064,-2.0346048,-2.1277063,-2.4073553,-3.1086175,-3.2906322,-2.9073143,-2.490498,-1.8384237,-1.4969151,-0.7928786,0.12929364,0.46613476,0.60547173,0.6946657,0.71784735,0.7288821,0.7508365,0.5627781,0.19710228,-0.47456464,-0.7951672,-1.2464948,-2.2060003,-2.362325,-2.3055477,-2.2393117,-2.1878676,-2.1904793,-2.1060028,-2.0508003,-2.0430303,-2.0518436,-2.0602655,-2.0760856,-2.102839,-2.1561766,-2.2247303,-2.221744,-2.0619562,-1.7681756,-1.7563801,-2.0076847,-1.5985773,-1.3435326,-1.5596039,-1.6779292,-1.7564881,-2.0441227,-2.5054812,-3.0292997,-3.0731854,-2.9618452,-3.0217278,-2.782568,-2.865255,-3.0071723,-2.9270906,-2.8628452,-2.7917733,-2.6202745,-2.867782,-3.4257193,-3.5002687,-3.5130062,-3.7141228,-3.6057673,-3.3141434,-2.8566887,-2.236258,-1.6105571,-1.4782951,-1.537453,-1.6584042,-1.6196092,-1.6262573,-1.8138291,-2.0213556,-1.9513068,-1.5696445,-1.7291374,-2.4110928,-2.6003432,-2.122457,-1.6139481,-1.3063143,-1.3209283,-1.9145641,-2.133708,-2.319572,-2.42756,-2.3056595,-2.1742995,-2.0763237,-2.053998,-2.067738,-1.9615792,-1.5777383,-0.7364875,-0.35993633,-0.7060861,-0.7603761,-1.0479233,-1.2061677,-1.2953147,-1.4547628,-1.3509296,-1.3749852,-1.1746426,-1.2281425,-1.3695155,-1.525408,-1.531688,-1.2396004,-1.2020272,-2.0295796,-2.3543348,-2.4291732,-2.5137298,-2.572631,-2.401192,-1.7628944,-0.9669894,-0.6297014,-0.70770067,-0.6463076,-0.3726377,-0.09142858,0.07814744,0.22097275,0.3456237,0.4798418,-0.00032720715,-0.7351152,-1.49779,-2.2469416,-2.8460872,-3.1889944,-3.1252372,-2.9318757,-2.9320295,-2.9548087,-2.9524403,-2.9011207,-2.9391732,-3.0620732,-3.241005,-3.4134037,-3.4641972,-3.740922,-4.048705,-4.456892,-4.6731987,-4.812007,-4.7447996,-4.8180037,-4.7365623,-4.4019637,-3.558567,-2.865317,-2.5814233,-2.5050461,-2.3076468,-1.9692765,-1.8362312,-2.1155438,-2.374331,-2.5335114,-2.640874,-2.7894607,-2.8418694,-3.2219722,-3.7538698,-3.6662784,-3.8266702,-3.84167,-3.5477529,-3.3501315,-3.4909687,-3.4646842,-3.0174117,-2.713545,-2.9111354,-2.979742,-2.6813471,-2.1315827,-1.5686514,-1.11331,-0.55722165,0.3240563,0.7729076,0.79660434,0.6401783,0.5039145,0.25732884,-0.2391741,-0.71778524,-1.5971,-1.8356316,-2.4666655,-3.0240698,-3.1734586,-3.1919894,-3.186558,-3.1829166,-3.1332803,-3.043149,-2.8182127,-2.4135916,-2.3643253,-2.3703063,-1.991297,-1.9254661,-1.9680899,-1.930135,-1.8884294,-1.883735,-1.9033638,-1.943752,-1.9460418,-2.016079,-2.0609508,-2.1451144,-2.2997134,-2.4626696,-2.7067332,-2.6896865,-2.8261003,-3.2007265,-3.353084,-3.270756,-3.1557655,-3.0636082,-2.7295732,-2.7272754,-2.727274,-2.7272673,-2.72724
-1.4762278,-1.4675574,-1.4217912,-1.3290111,-1.2764962,-1.082361,-0.9527059,-0.8167145,-0.72582257,-0.3238742,0.6264399,1.5344626,2.0414522,2.2978086,2.381736,1.4968443,0.34429827,-0.7912978,-1.2984192,-1.3381443,-1.4797986,-1.6640751,-1.8482285,-2.0193849,-2.2111201,-2.5062675,-2.735132,-2.455225,-2.1409128,-2.1116245,-2.2055109,-2.1761622,-2.1751187,-2.1843162,-2.155785,-2.1047275,-2.1474414,-2.156383,-2.1756423,-2.1878343,-2.2028623,-2.1078155,-1.9199061,-1.6539785,-1.687413,-1.8209293,-1.6742425,-1.2030859,-0.5283344,0.2706804,0.55327153,0.3908561,0.08193643,-0.1925703,-0.44141266,-0.528968,-0.57106924,-0.4473307,-0.15431763,0.33375084,0.8208784,1.3259184,1.408938,0.82082087,-0.048553653,-0.6137799,-0.9459566,-1.2885704,-1.4856241,-1.6958138,-1.7950685,-1.8500156,-1.9412805,-2.0598755,-2.0595837,-1.9252243,-1.8262537,-1.7215662,-1.6523383,-1.659688,-1.8173754,-1.9482372,-2.0004601,-2.0200286,-2.008348,-1.9905477,-1.9820085,-1.9572694,-1.9454882,-1.9035615,-1.8895571,-1.9078226,-2.0054471,-2.327732,-2.6676354,-3.0166726,-1.6217225,-0.51971686,-0.53511983,-0.9540559,-1.8526794,-2.0687578,-2.1066375,-2.1684995,-2.218195,-2.1592512,-2.1881466,-2.6886177,-3.1445103,-2.8170166,-2.3553793,-2.3774319,-2.3059504,-2.1459017,-2.0436285,-1.4806362,-0.93595415,-1.0087233,-1.0107572,-1.0332104,-1.004769,-1.0186911,-0.93040174,-0.81607044,-0.6006069,-0.41242903,-0.010019243,0.04575932,-0.013093531,-0.079723716,-0.32202375,-0.34270817,-0.3016746,-0.34199053,-0.7049174,-0.83977437,-0.74819124,-0.5444203,-0.24118644,-0.05004245,0.01699841,-0.17311803,-0.5319585,-0.57476807,-0.029519975,0.25394624,-0.34485072,-0.7085482,-0.6662033,-0.89641416,-0.7484431,-0.5705966,-0.32076758,-0.13359964,0.14965263,0.46598646,0.3909868,0.12706679,0.27674064,0.35731524,-0.035983264,-0.4045509,-0.5762358,-0.63785654,-0.6791001,-0.75290024,-0.87601316,-1.034411,-1.3507586,-1.7317265,-1.8733487,-2.082931,-2.4770923,-2.6132174,-2.7621353,-2.9237633,-3.0698478,-3.1995163,-3.3295145,-3.4232292,-3.454684,-3.1157513,-2.3620434,-2.1933403,-2.5768824,-2.819,-2.6077547,-2.0378878,-1.7236209,-1.642575,-1.5638694,-2.0654554,-2.6435742,-2.8207264,-1.8788823,-1.2426096,-1.0028521,-1.4338747,-1.9039898,-2.6998677,-2.9554882,-2.9718628,-2.9838057,-2.9556549,-2.897975,-2.6096919,-2.106998,-2.0880463,-2.0086827,-1.7066774,-1.8109367,-1.8975598,-1.9379733,-1.9034271,-1.8506308,-1.9879596,-2.5864744,-2.7490754,-2.6001964,-2.3174076,-1.916179,-1.5273335,-1.2297914,-0.8361616,-0.42135686,-0.14827532,0.05092264,0.3231936,0.68661225,0.75220525,0.6075633,0.38796905,0.18557237,-0.046556994,-0.35414115,-0.7754755,-1.2219386,-1.5977967,-2.5849447,-2.7689,-2.7690585,-2.5158212,-1.9938017,-1.5126382,-1.5764983,-1.685559,-1.7719357,-1.8230569,-1.8019009,-1.7000448,-1.4445713,-1.309057,-1.0746442,-0.7702355,-1.0208483,-1.4038616,-2.0652676,-2.1695356,-2.1267686,-2.0397706,-1.9178855,-1.876103,-1.9054729,-1.8599226,-1.8464894,-1.8201251,-1.771602,-1.746573,-1.7410347,-1.7344798,-1.718425,-1.6275277,-1.5817163,-1.4907928,-1.3838661,-1.4635658,-1.3371809,-1.3281195,-1.2914008,-1.2273977,-1.3363711,-1.5250901,-1.6286377,-1.7297726,-1.875813,-1.847982,-2.0198007,-1.6630361,-1.6804523,-1.8027027,-1.7391601,-1.7033083,-1.8889427,-1.8277817,-1.4927287,-0.64922065,-0.16127865,-0.08934297,-0.52103204,-0.8564643,-1.0865576,-1.5968386,-2.1152358,-2.4230697,-2.493419,-2.3427324,-2.1823401,-2.7023993,-3.0079064,-2.5702672,-2.0366814,-1.8123459,-1.7298985,-1.6456639,-2.0816145,-2.5039852,-2.7099857,-1.8604836,-1.3074828,-0.866692,-1.1016469,-1.4325352,-2.2984567,-2.7839866,-2.8010588,-2.7137403,-2.5988755,-2.432423,-2.3399901,-2.3310492,-2.2621214,-2.2880523,-2.318608,-2.8011284,-2.6074133,-2.704935,-3.0017505,-3.1003819,-2.576796,-2.1309686,-2.1476371,-2.4843397,-2.538241,-2.4707155,-2.2588387,-2.0862703,-2.2637324,-2.159678,-2.3944697,-2.5133204,-2.549459,-2.7341435,-2.8983703,-3.0368476,-3.168677,-2.755495,-1.5018882,-1.2441089,-1.2501704,-1.375668,-1.4538847,-1.5196532,-1.621586,-1.7985939,-1.9225389,-2.1637928,-2.4392984,-2.9105487,-2.956273,-2.1749463,-1.401221,-1.7846401,-1.9130051,-1.6957505,-1.2378671,-0.335531,0.28580797,0.633578,0.6334206,0.29028073,-0.11290669,-0.5731061,-0.81455785,-0.9171623,-1.1588101,-1.3143723,-1.5274116,-1.44519,-1.3321688,-1.1631715,-1.050808,-0.9067718,-0.99286413,-1.2996676,-1.6157042,-1.8379383,-2.1160665,-2.6005595,-3.174066,-3.3520775,-3.425531,-3.4323497,-3.2667308,-2.4392118,-1.901552,-1.3969523,-0.8072488,-0.58906686,-0.97850716,-1.1784525,-1.4352458,-2.2585933,-2.6970973,-2.5934947,-1.5094633,-0.72793055,-0.588709,-0.75851,-0.87650776,-0.9818444,-1.3051164,-1.7910345,-2.0499253,-1.9410207,-1.838148,-1.7949924,-1.7445893,-1.7783561,-1.7347409,-1.7189916,-2.093162,-2.3910313,-2.7212873,-3.0501776,-3.0445948,-3.001719,-2.91087,-2.8722987,-2.849846,-2.8192432,-2.7252235,-2.4801936,-2.2994404,-2.1564226,-1.7999297,-1.5345638,-1.358439,-1.4029744,-1.4625307,-1.520128,-1.5760138,-1.5943698,-1.5711333,-1.6309173,-1.6860638,-1.703654,-1.6519036,-1.7115421,-1.9435382,-2.1955962,-2.0825093,-1.7699518,-1.8876276,-1.9740577,-1.9514105,-2.028854,-1.0192592,-1.0175682,-1.0175728,-1.0175481,-1.017545
-1.9286011,-1.9047657,-1.9657596,-2.0314388,-2.0461771,-2.176611,-2.2784154,-2.3021064,-2.2020388,-1.7864804,-1.0180347,-0.72533065,-0.8879132,-0.8732363,-0.6033423,-0.1297462,0.13098007,0.5990657,0.8027857,0.7640603,0.6529381,0.5278865,0.4547258,0.35053533,0.057206944,-0.41519335,-0.9216138,-1.1969512,-1.4813862,-2.3613071,-2.4242744,-2.3821661,-2.3238637,-2.3131204,-2.2662988,-2.2732592,-2.226999,-2.2150443,-2.1740205,-2.2062106,-2.1899407,-2.229185,-2.2298706,-2.3036132,-2.3887656,-2.1679506,-1.965076,-1.5365589,-0.9236938,-0.275401,-0.1356993,0.1310809,0.41313627,0.5773775,0.5860841,0.34951365,0.24919015,0.114794716,-0.061884984,-0.29013407,-0.34517205,-0.13881914,-0.07759235,-0.31464654,0.05158197,0.6328131,0.9185835,1.1703254,1.3492901,1.556085,1.6300293,1.5814111,1.6432099,1.7808751,1.8415532,1.8134333,1.7972109,1.6643779,1.5383227,1.609855,1.8020401,1.9501903,1.9941523,1.9834933,1.9509301,1.9417291,1.9361651,1.9217496,1.9120195,1.8482606,1.7855406,1.7476008,1.743995,1.7112783,1.4335641,1.180126,-0.13725972,-0.46232826,-0.25790644,-0.18218991,0.79963213,1.0584136,1.0306756,1.0332999,1.0985075,1.2346482,1.0006431,0.21009791,-0.6058568,-1.2688131,-1.4045613,-1.0330638,-0.974456,-1.1171417,-1.2171443,-1.2994978,-1.5530747,-1.7473311,-1.7284415,-1.8049812,-1.7946289,-1.8266593,-1.7544221,-1.6204028,-1.4289436,-1.0253568,-0.82405996,-0.803145,-0.81752956,-0.9220262,-1.1498288,-1.202033,-1.1128823,-0.9510246,-0.7434962,-0.71424127,-0.8059335,-0.6828356,-0.5033982,-0.4661401,-0.6033348,-0.8926464,-0.90528625,-0.5112964,-1.4484298,-1.6789677,-1.7205669,-1.7668346,-1.7270033,-1.197424,-1.4088956,-1.4691845,-1.3117346,-1.345177,-1.1656636,-1.0308323,-0.77956486,-0.48978096,-0.3737085,-0.50731415,-0.66098803,-0.7509106,-0.8485123,-0.88529027,-0.9074353,-0.94545245,-1.0765038,-1.2421407,-1.315985,-1.1651498,-1.2576269,-1.6666416,-1.820085,-1.7125924,-1.5166667,-1.5631835,-1.6960818,-1.6711621,-1.6607304,-1.6506028,-1.4887482,-1.2413652,-1.2558146,-1.182688,-1.297162,-1.3144764,-1.5013112,-1.5840423,-1.3213408,-0.8486619,-0.2436006,0.7826365,1.2187818,1.0101224,0.5986406,-0.542217,-0.54175466,0.3178913,0.70057714,1.4473221,1.9450226,2.1593237,2.3674853,2.5167825,2.599763,2.4249659,1.5265057,0.5945809,-0.038268447,-0.5958756,-1.0828954,-1.300287,-1.3855709,-1.3868397,-1.3787081,-1.2528765,-0.7333764,-0.3389566,-0.122118235,-0.058163315,0.20987271,0.41500068,0.3605827,0.1583838,-0.07232256,-0.30440202,-0.53124535,-0.80127466,-1.2054297,-1.3848224,-1.4541199,-1.527627,-1.6130548,-1.834316,-2.2068052,-2.509314,-2.51199,-1.8433475,-1.4999242,-1.7092322,-2.0514412,-2.4750087,-2.6277812,-2.867764,-2.7902598,-2.5587816,-2.4223716,-2.3217688,-2.2535374,-2.2121572,-2.1548798,-2.0239377,-1.9344041,-1.5180527,-0.7694027,-0.40397856,0.33135724,0.9572755,1.1457679,1.1967682,1.3023492,1.3867764,1.4689456,1.4998564,1.5129056,1.5774536,1.6321591,1.6618574,1.7066562,1.7553718,1.8412921,1.8035876,1.7820241,1.6228863,1.1729456,0.17936125,-1.2111751,-1.9688499,-2.1227841,-2.115872,-2.0231447,-1.9510787,-1.9258088,-1.8851552,-1.4732522,-0.9474289,-0.79924905,-0.87240577,-1.2084281,-0.37623078,0.014669538,0.09200697,-0.07135698,-0.526519,-0.66670305,-0.8636841,-2.0603528,-2.1828444,-1.4853599,-0.9143395,-0.8021188,-0.8815094,-1.3315985,-2.000306,-1.6657891,-1.200495,-1.1932874,-1.1363252,-1.2013073,-1.5156455,-1.5680933,-1.3307736,-0.77142483,-0.028557897,0.8902996,1.234409,1.0679247,0.7336325,-0.40027124,-0.82159877,-0.32851973,0.22037783,0.98073316,1.6378467,1.7698083,1.8007505,1.7967637,1.7379203,1.6362767,1.4494473,0.79957724,-0.0278823,-0.6674091,-1.2951391,-1.9391258,-1.9659704,-1.8861232,-1.6974488,-1.2828166,-1.2471237,-1.2085758,-1.2168442,-1.3082395,-1.4270413,-1.5930204,-1.7152984,-1.4954543,-1.6325346,-1.4555191,-1.1729009,-1.0064765,-0.90121543,-0.93056476,-1.099542,-1.4758484,-1.4835985,-1.2273713,-1.5592728,-1.9735367,-2.1674094,-2.1894677,-2.1392694,-2.0647628,-2.0645432,-2.131268,-1.7347201,-1.3570608,-0.68907374,-0.24631216,-0.7788962,-1.4694871,-1.336509,-0.670962,-0.072876185,0.45761144,0.6087745,0.39943445,0.13993196,-0.27909094,-0.56823766,-0.7966703,-0.9256394,-0.836825,-0.81281364,-0.8682262,-1.0081424,-1.1677116,-1.2873241,-1.3177773,-1.3665047,-1.4078717,-1.4244035,-1.2896022,-0.7906983,-0.22687826,0.6404264,1.7557273,2.6388588,3.4484158,3.82331,4.0484586,4.072695,3.6700068,2.359284,0.98685646,-0.45504984,-1.4416468,-1.6683388,-1.3955331,-1.1683528,-0.6249619,-0.013607524,0.032462858,-0.38386655,-0.99180144,-1.2507565,-1.1867316,-1.3248802,-1.7119325,-1.7465687,-1.5196917,-1.6440268,-2.2225957,-2.3753214,-2.328769,-2.2674532,-2.2116153,-2.1380315,-2.265142,-2.210212,-1.5937955,-1.202094,-0.7449794,-0.4179938,-0.426731,-0.48478407,-0.56357616,-0.6767426,-0.60358465,-0.43881667,-0.42623305,-0.6853392,-0.8317495,-1.3400656,-2.0914366,-2.326756,-2.2862306,-2.1149287,-2.030655,-1.9186978,-1.8856611,-1.846798,-1.8933177,-1.8869379,-1.8465289,-1.8570039,-1.8956146,-1.9389046,-1.7324973,-1.5697298,-1.3990843,-1.6544693,-1.9767307,-2.0644596,-2.0233629,-2.044654,-2.968134,-2.9694314,-2.969418,-2.9694648,-2.969452
-5.071295,-5.0007634,-4.896223,-4.761518,-4.6898856,-4.503413,-4.448823,-4.4038606,-4.431478,-4.394475,-4.7710485,-4.5118847,-3.879054,-3.354682,-3.0482914,-2.9764965,-2.8928924,-3.0442276,-3.1296067,-3.178189,-3.372182,-3.6348615,-4.0287952,-4.2652473,-4.4094596,-4.2994895,-4.2164974,-4.067651,-3.9549985,-3.4426513,-2.8859205,-2.7324843,-2.7387662,-2.8110702,-2.8315058,-2.8168802,-2.8169804,-2.7817407,-2.7155666,-2.7216222,-2.7077441,-2.6965313,-2.7681003,-2.994987,-3.5957937,-4.1086965,-4.3161383,-4.5785465,-4.7570057,-4.667499,-4.4533367,-4.3017225,-4.1516094,-4.359606,-4.457114,-4.2470245,-4.030529,-3.9478257,-3.7876291,-3.5860758,-3.167247,-2.7238033,-2.5649695,-2.7947433,-3.1422796,-3.0518475,-2.9978998,-3.0072508,-3.0067399,-2.9568987,-2.9384325,-2.909885,-2.8522453,-2.6780975,-2.4934015,-2.3072581,-2.2978318,-2.3482852,-2.456843,-2.6432462,-2.8807962,-2.9820251,-3.0159092,-3.0599165,-3.0919666,-3.082561,-3.0727215,-3.064756,-3.0523071,-3.0679064,-3.0770388,-3.0865345,-3.0980148,-2.941977,-2.6010933,-2.7219265,-3.0003903,-3.1538117,-4.004164,-3.9516087,-4.1848106,-4.3054085,-4.361521,-4.4504395,-4.60896,-4.8005643,-4.8804283,-4.633442,-4.6700077,-4.9631176,-5.046602,-5.355791,-5.3767705,-5.406469,-5.624072,-5.5720253,-5.2697735,-5.0628653,-5.053731,-5.013134,-4.9791994,-4.894203,-4.682725,-4.453061,-4.381998,-4.29008,-3.648915,-3.3629217,-3.4511948,-3.063722,-2.8503978,-3.062684,-3.2512953,-3.438415,-3.5848331,-3.6705534,-3.706776,-3.7074983,-3.6660047,-3.736436,-4.0097547,-4.2936773,-4.212018,-4.164207,-4.1597548,-4.0222483,-4.199795,-4.32603,-4.2356157,-4.218629,-3.842674,-3.1888983,-2.9649372,-3.0788157,-2.9162493,-2.5762005,-2.414628,-1.9305363,-1.1679052,-0.58516335,-0.692742,-0.8427847,-0.9994728,-1.1050518,-1.2024302,-1.4689655,-1.9970446,-2.3750424,-2.5286767,-2.579169,-3.2039685,-3.8042057,-4.227298,-4.7136283,-4.93776,-4.779979,-4.5560465,-4.6852407,-4.8106475,-4.738241,-4.669395,-4.3979354,-3.9635038,-3.8320405,-4.0187945,-3.8677123,-3.763886,-3.6289449,-3.3182788,-2.928166,-3.1197097,-3.9454987,-4.290359,-4.315484,-3.6156564,-3.1706371,-3.3106685,-4.0799875,-4.2463646,-4.3849945,-4.1665573,-3.900188,-3.625393,-3.3929555,-2.8926992,-1.4199058,-0.021392286,-0.21741232,-0.695019,-0.4428657,0.5978886,1.3246912,1.5101416,1.6084442,1.5385561,1.3959013,1.2854342,1.3728791,1.5193088,1.2459611,0.16322827,-1.1333168,-2.0796793,-2.7654042,-3.0480533,-2.831991,-2.5438416,-2.4570923,-2.4538054,-2.442494,-2.370996,-2.3416286,-2.39902,-2.5456038,-2.7835193,-3.0684648,-3.3969727,-4.0277443,-4.4296064,-4.1957145,-4.114613,-4.054357,-3.9141388,-3.2994978,-2.6142683,-2.433495,-2.3317058,-2.2603197,-2.271487,-2.282407,-2.231114,-2.2682724,-2.435156,-2.8046832,-3.1361673,-3.3908818,-3.6740146,-3.4544644,-3.1632109,-2.9776967,-2.8266757,-2.7484043,-2.6439085,-2.5733037,-2.539907,-2.5015855,-2.478531,-2.4716823,-2.457216,-2.4560044,-2.3967915,-2.042308,-1.2484645,-0.2544474,0.1178673,-0.32021493,-0.73134786,-0.7511679,-0.6702073,-0.54966277,-0.5539753,-0.86315525,-1.2913868,-1.7922447,-1.7545509,-1.4648147,-1.6240628,-1.1558423,-1.7045083,-2.7138033,-3.041404,-3.180973,-3.5173624,-3.506729,-3.39071,-4.081007,-4.7201743,-4.523591,-4.255106,-4.147518,-4.1248293,-4.1607475,-4.0217924,-3.883243,-3.9841192,-3.7544332,-3.6764712,-3.8003044,-3.6754665,-3.62798,-3.5243874,-3.2782965,-2.992444,-3.4105206,-3.9013572,-4.082459,-4.22069,-3.6215153,-3.367033,-3.1547961,-3.6901155,-3.8610694,-3.8427632,-3.723133,-3.5245595,-3.3552637,-3.203137,-3.172342,-3.2618756,-3.1850247,-3.1550736,-3.0254288,-3.537531,-3.8541446,-3.67364,-3.775209,-3.7802837,-3.6735075,-3.5237598,-3.298542,-3.2559466,-3.1445513,-3.0371022,-2.9448361,-2.7224865,-2.1519346,-1.5787482,-1.9032207,-2.772153,-3.0085526,-3.0552874,-3.1285334,-3.1036077,-2.829555,-2.1406665,-1.2351909,-0.7906247,-1.0716901,-1.3541013,-1.5703428,-1.7617698,-2.0545218,-2.2426841,-2.6785355,-3.1501951,-4.3252454,-4.78595,-4.734167,-4.7683716,-4.775454,-4.746233,-4.799288,-4.6216288,-4.669656,-4.6867466,-4.4926443,-4.2750716,-4.1591363,-4.0922766,-3.9992993,-3.7673044,-3.3109455,-3.2118764,-3.333352,-3.4809816,-3.5983248,-3.5717673,-3.3344693,-3.3093543,-3.2187295,-3.0098383,-2.5249069,-2.3866992,-2.6327338,-2.8888922,-3.0165534,-2.9438496,-3.0362544,-3.3260567,-3.4303832,-3.433745,-3.402424,-3.3535733,-2.989743,-3.3455906,-3.8305469,-3.5337682,-3.1579902,-2.9147139,-2.820422,-3.1183562,-3.9247255,-4.150277,-3.9686785,-3.6232839,-3.7774541,-3.9314132,-3.927535,-3.9034348,-3.7661247,-3.4770231,-2.9125,-2.3517478,-2.12025,-2.0108583,-2.0489538,-2.137002,-2.5328317,-3.1648116,-3.8590112,-4.8089395,-4.952139,-5.1452236,-5.2695804,-5.259843,-5.227153,-5.139596,-5.1037273,-4.9052052,-4.4423094,-3.6424937,-2.6523228,-2.4090881,-2.5245292,-2.1748085,-1.7487276,-1.3791826,-1.1466337,-1.0287498,-0.94168067,-0.9849674,-1.0346801,-1.0611856,-1.1608019,-1.2358428,-1.335535,-1.5083939,-1.815448,-2.3517032,-2.7182977,-2.8344684,-3.0982037,-3.5158985,-3.6004581,-3.5198934,-3.6678772,-3.4664912,-3.467228,-3.4671822,-3.4673064,-3.4672294
0.4371148,0.4004243,0.35860425,0.32614255,0.32749695,0.27623352,0.2467579,0.17382407,-0.06391984,-0.73480725,-0.71578145,0.13726863,0.7163918,0.9228507,0.7865416,0.085637346,-0.2559307,-0.5452238,-0.6483899,-0.67118204,-0.7559396,-0.70237803,-0.51866984,-0.32452613,-0.062518865,0.42919844,1.0355053,1.0254655,0.93308157,1.8146693,1.7771297,1.6514696,1.533126,1.5437726,1.4601821,1.4059308,1.3410064,1.2945127,1.197344,1.1562741,1.1126192,1.0920553,1.0451075,0.9436137,0.5286175,-0.11670069,-0.39135453,-0.62722677,-0.67726314,-0.45799297,-0.32126012,-0.17445904,0.034539334,0.2961247,0.66219515,0.6773052,0.53477645,0.6964592,0.88774,1.0071642,0.96696424,0.7103395,0.24310696,-0.09172818,-0.60196435,-0.99597603,-1.1257758,-1.0919911,-0.9952561,-0.8154079,-0.6753708,-0.46516347,-0.3429023,-0.34165728,-0.3936434,-0.50801885,-0.60284835,-0.70588505,-0.7824192,-1.0002877,-1.1446371,-1.1442301,-1.0964438,-0.99866337,-0.9229387,-0.8777265,-0.8257898,-0.7910954,-0.7211087,-0.65382916,-0.61657685,-0.5652033,-0.54363704,-0.292746,0.30823773,1.3439314,2.7051456,2.746243,1.4040786,0.40227166,-0.16892539,-0.036930397,0.01313965,-0.14518367,-0.3546356,-0.73520184,-0.5919016,0.25796014,1.0240142,1.1021273,1.0420161,0.56898326,0.38250172,0.3179276,0.24200335,0.43216985,0.8007109,0.77630347,0.86092186,0.86085093,0.7633827,0.61429703,0.4080941,0.13089465,-0.20426823,-0.81061053,-0.94115615,-0.9029944,-1.1443341,-1.5487937,-1.3745669,-1.1646388,-1.0750833,-1.0696701,-0.788032,-0.5495406,-0.44070435,-0.39344847,0.007282257,0.7466252,2.4120493,5.6865144,8.047295,10.659532,11.903,11.518517,10.402784,8.329203,5.884431,3.5953355,1.9931165,0.50923795,-0.03680995,0.4543498,0.4163561,-0.09451032,-0.6799057,-0.96869236,-1.2904531,-1.5129118,-0.7194259,0.2003476,0.88810456,1.2722399,1.5825255,1.9939313,3.2009788,4.9395328,7.2367516,9.295128,10.799018,10.8490925,10.159748,9.4365225,8.7399645,8.566758,7.737109,6.6057053,5.642477,5.0648575,4.47801,3.5180657,2.7772057,2.449597,2.3070078,2.1206863,2.074798,1.6424327,0.736303,0.07556246,-0.22366413,-0.054675505,1.4478822,6.6916566,9.724376,10.852876,11.0154505,10.050245,8.1643505,5.940423,4.259501,3.4202616,2.7833533,2.062244,1.2214899,0.9097719,0.533227,0.40442547,0.7881375,1.384362,2.0801778,2.445071,2.5443354,2.5155513,2.319287,1.8416355,1.1512041,0.64092886,0.2082984,-0.16865295,-0.6610533,-1.0377123,-1.2108414,-1.254641,-1.1570647,-1.2194288,-1.0725863,-0.61044496,-0.051538825,0.22029293,0.23769708,0.00485608,-0.24376397,-0.49451366,-0.75899196,-1.0066314,-1.0283946,-1.0371138,-0.5497236,-0.20755118,0.04781521,-0.30600122,-0.61732805,0.21169999,1.554735,2.1923099,2.3781173,2.523314,2.6236997,2.7260008,2.816263,2.7437725,2.7088385,2.4000154,1.8925623,1.2560608,0.35319093,0.062818125,0.1680925,0.2121856,0.24850976,0.21917604,0.226312,0.2635849,0.24664718,0.24073881,0.22645867,0.22249822,0.2191643,0.20118621,0.15706784,0.17883736,0.23029599,0.3413257,0.58771765,1.1322434,1.8715993,1.986921,1.5682218,1.2024903,0.9736719,0.843157,0.6616302,0.34260717,-0.2924397,-1.1605737,-1.4797401,-1.4455974,-1.1347156,-0.7878612,-0.20351428,-0.16972531,-0.10160608,0.08784416,0.111833796,0.6679394,1.5059319,1.1581591,0.48659492,-0.110412,-0.1654158,-0.30285314,-0.33638084,0.070230186,0.6119656,1.2503648,1.5136294,1.6282661,1.6183836,1.7484081,1.3514504,0.6830907,0.08057529,-0.17271467,-0.09902507,0.9139865,5.3507166,9.328814,10.904529,11.217954,11.141466,9.542676,6.8163695,4.602467,3.5679026,2.7887964,1.9867659,1.215317,0.65830904,0.53340876,0.5145437,0.37276715,0.06282532,0.734413,1.2248305,1.2634599,1.4683958,1.8348876,1.5933033,1.3264899,1.220304,1.0090979,1.1197716,1.2449949,1.2392335,1.2723895,1.003776,0.4347395,-0.8268788,-1.4609051,-1.5947708,-1.5143936,-1.3501602,-1.2234073,-1.0609344,-1.3940113,-1.9052255,-1.2073522,-0.17164356,1.0298249,1.8098011,2.3795493,2.6636112,2.936108,3.1744866,2.8692038,2.1695106,1.6389953,0.8282652,0.94884574,1.7117474,1.5935178,0.8510748,0.19098648,-0.2947089,-0.71870506,-0.93224084,-1.0701144,-1.251848,-1.26904,-1.1714725,-0.9626262,-0.7706833,-0.5927904,-0.1485095,0.26720482,0.90107346,1.072773,0.91450477,0.63440925,0.22819842,-0.37236544,-0.66126865,-0.7568017,-0.62605107,-0.21754968,0.13684839,0.29442024,0.27230665,0.04482676,-0.18809825,-0.45108584,-0.7192375,-0.79883826,-0.39927158,0.38847,0.9356247,0.58234113,-0.30227453,-0.95566416,-1.7878402,-2.1338947,-1.7833234,-0.8394425,-0.31924063,0.38862658,1.119218,1.9727547,2.861948,2.9494169,2.0802267,1.5101253,1.9106089,1.9039209,1.831919,1.7743315,1.7440532,1.830281,1.910634,1.7563258,0.71076167,0.05564843,-0.75889266,-0.86090887,-0.73471403,-0.70716083,-0.62585634,-0.57317597,-0.54173166,-0.46388578,-0.37395352,0.1942206,0.65365154,1.2127689,1.9306992,1.8851635,1.4647193,1.024166,0.954627,0.8386628,0.7425727,0.7029128,0.8335569,0.84309053,0.79362357,0.7671926,0.8072643,0.92357415,0.9641328,0.72027844,0.06730234,-0.7558075,-1.3465734,-1.3796263,-1.5448571,-1.42832,-0.58720696,-0.5819479,-0.58204126,-0.58180004,-0.5818819
-1.8388919,-1.9290279,-2.0392053,-2.0798018,-2.069229,-2.124664,-2.0844257,-2.0205305,-1.7811279,-1.2929906,-0.64891684,-0.14612696,-0.1684173,-0.07671559,0.18488304,0.6462051,0.64451677,1.0363134,1.2876192,1.3194177,1.3637079,1.2458119,1.0045228,0.91851586,0.78514504,0.6270064,0.17511454,-0.054133266,-0.39127734,-1.268302,-1.0980611,-1.0642537,-1.0450914,-1.011971,-0.9769412,-0.99332666,-0.95674205,-0.91321397,-0.82784754,-0.8028555,-0.77849054,-0.7979316,-0.8494505,-0.92188734,-1.0781053,-1.0578516,-1.1057621,-1.188048,-0.96126264,-1.1056017,-1.322839,-1.3251374,-1.1862643,-1.1935858,-0.8047844,-0.64043903,-0.5320494,-0.52983814,-0.5526733,-0.6226246,-0.54974407,-0.3213563,0.009265194,0.36521322,1.1764286,1.9479269,2.2626877,2.4955065,2.5699244,2.5376015,2.478553,2.2827356,2.1807892,2.2128325,2.2431717,2.4554372,2.6680646,2.933498,3.1395981,3.544854,3.9651358,4.191068,4.284413,4.3259916,4.312315,4.2622137,4.191245,4.1516485,4.101635,4.0827255,4.0905004,4.126031,4.096631,3.7291796,2.9100785,1.6382313,-0.12875253,-0.035054326,0.8928654,1.0830383,1.3811203,1.3142703,1.2914169,1.3722291,1.5486329,1.8452241,1.7811987,1.2701919,0.3821383,-0.25353146,-0.6788272,-0.80744433,-0.9294661,-1.3027639,-1.6985574,-2.336232,-2.854714,-2.814225,-2.7257504,-2.695335,-2.630689,-2.5743637,-2.3071482,-1.9392042,-1.5797515,-0.9516611,-0.5868262,-0.5362463,-0.25680885,-0.1844652,-0.43870002,-0.5496352,-0.46542865,-0.30436677,-0.32797948,-0.53814435,-0.755777,-0.80135894,-0.6231808,-0.5343597,-0.753952,-1.2207175,-1.4539154,-1.4849927,-2.2417314,-2.2290668,-1.7520726,-1.9304401,-2.1752853,-1.8418418,-1.9457691,-1.6458123,-1.1098841,-1.3279521,-1.2463772,-0.9490108,-0.6761038,-0.52617335,-0.33293626,0.223021,0.7855411,0.8308563,0.7859607,0.74519897,0.7320464,0.8076035,0.7991369,0.6039486,0.19544904,-0.17195708,-0.85687757,-1.4115272,-1.7091845,-1.7737361,-1.7749002,-1.9637101,-2.0892992,-1.7666118,-1.5500379,-1.264318,-0.8037626,0.026344419,1.0256536,1.6974767,1.945922,2.6301146,3.1491065,4.433291,6.1380277,7.7052426,9.002601,10.021109,10.469413,9.761061,6.889205,1.8958495,0.54207623,0.11287773,0.43465593,1.52347,1.9011278,1.8251787,1.6834198,1.5447444,1.244,0.81798106,0.0020702183,-0.17400488,-0.710615,-1.3573831,-1.6105888,-1.3909582,-1.2640498,-1.0956341,-0.6629317,0.37848672,3.9313142,6.918689,8.787474,9.868294,11.003235,11.750004,11.87458,11.453619,10.466454,9.2263155,7.5695887,5.08216,1.8590568,0.35825574,-0.4650164,-1.0764748,-1.3206983,-1.4373572,-1.6009976,-1.8772898,-1.906317,-0.9801799,0.46100628,0.45202893,0.13273549,-0.39549863,-0.5786231,-0.4827645,-0.6685646,-0.6954075,-0.72607136,-0.776354,-0.72763634,-0.70899254,-0.7728382,-0.7458352,-0.7780523,-0.62313414,-0.28312218,-0.0017237514,0.63752866,0.9866337,0.9883194,0.917996,0.877476,0.90545285,0.9258603,0.9194914,0.9428181,0.93313575,0.8935559,0.8843846,0.8827511,0.8533025,0.8340387,0.530898,0.26815027,0.14501211,0.25213107,0.08105303,-0.9634523,-1.6059201,-1.6560452,-1.6326873,-1.6011667,-1.5695395,-1.5292971,-1.2816341,-0.5246185,0.35236824,0.7027823,1.0987554,1.5997939,3.2661357,3.6301544,3.3465157,3.0656345,2.4326663,2.7190022,2.1925287,-0.2856728,-1.1360482,-0.8445766,-0.63812226,-0.602391,-0.7894154,-1.0370057,-1.1829661,-0.5764123,0.3809642,1.3808856,1.5731275,2.2911668,2.910423,4.7789164,6.4128428,8.148034,9.508756,10.43548,10.848638,10.429243,8.001237,3.205949,0.97569054,-0.029483616,-0.36995625,0.42887336,1.0638499,1.0683154,0.97635305,0.89233047,0.78017676,0.57103515,0.2700216,-0.54417276,-1.1226854,-1.1904873,-1.5957774,-2.115251,-1.9374676,-1.6779319,-1.2453997,-0.3173569,0.07415119,0.36620486,-0.030474663,-0.048213482,-0.09540662,-0.21534806,-0.35796994,-0.02781868,-0.07411147,0.3874492,0.6488262,0.66893363,0.73766726,0.7332731,0.7228577,0.69057703,0.8157815,0.9852545,0.97350854,0.7812853,0.42847475,0.14506145,-0.043082304,-0.06890237,-0.2824763,-0.64642155,-0.74822927,-1.8556888,-2.1399024,-1.7631919,-1.3936491,-1.1150602,-0.91295797,-0.5516315,-0.4425872,-0.5247832,-0.48923087,-0.6078974,-0.743813,-0.91135204,-0.9203656,-1.0660943,-1.3366275,-1.363066,-1.3402448,-1.2873256,-1.204015,-1.1331174,-1.1079239,-0.99910676,-0.9734454,-1.0198095,-0.91385996,-0.7064763,-0.44528037,-0.24151278,-0.32221472,-0.18725044,0.4274702,1.3623366,1.9304037,2.3321724,2.5824897,2.6393194,1.7574098,0.72791016,-0.4188881,-1.4736054,-1.3598065,-0.5466401,0.2846076,1.7263479,2.5055895,2.3235843,1.5282135,0.32201153,-0.56765527,-0.63914526,-0.5904988,-0.62543494,-0.37446067,0.04629855,0.15290816,-0.29806337,-0.42638454,-0.4571553,-0.41741607,-0.3269394,-0.23999552,-0.1508443,0.07666616,0.7843921,0.5676976,0.33164886,0.36853924,0.2893293,0.263083,0.19716652,0.11112128,0.12414682,0.12904912,0.062095404,-0.018737793,0.13039213,-0.05234514,-0.75666237,-1.0799525,-1.1814396,-1.199919,-1.1227894,-1.0656555,-1.0860913,-1.0381863,-0.9903994,-0.91660285,-0.87749827,-0.8985032,-1.0493455,-1.2086346,-1.6597773,-2.2581263,-2.3806722,-2.9579587,-3.5234509,-3.6593466,-3.6107087,-3.6455245,-4.1524897,-4.1548305,-4.1548023,-4.154868,-4.154846
-2.5076013,-2.4801705,-2.4066553,-2.318605,-2.2634375,-2.108344,-1.9977343,-1.8954744,-1.8212812,-1.6185269,-1.5388999,-1.2397277,-0.9200697,-0.5845288,-0.3641502,-0.171734,0.0042518564,-0.19790526,-0.38164932,-0.39327452,-0.556376,-0.79713756,-1.1512597,-1.454266,-1.8042165,-2.084434,-2.3890984,-2.2962048,-2.3490624,-2.5147848,-2.2730136,-2.1715052,-2.1446629,-2.1408353,-2.0708737,-2.0067325,-2.0003138,-1.9943604,-1.9782007,-1.998208,-1.974494,-1.9195422,-1.8376025,-1.7929103,-2.0972629,-2.199479,-2.0962963,-1.8671095,-1.2863247,-0.5360164,-0.025029615,0.43052042,0.6219786,0.44763166,0.29150546,0.3737171,0.33524466,0.24146405,0.2588381,0.51193833,1.0039425,1.4456686,1.1792749,1.1204494,1.3312584,1.648088,1.770278,1.7738751,1.7501129,1.6992766,1.6095915,1.457558,1.2966535,1.1042624,0.85146385,0.4677832,0.1832976,-0.02251947,-0.22526571,-0.51985186,-0.9975914,-1.3666155,-1.613607,-1.8866296,-2.1310606,-2.340935,-2.5036304,-2.5786705,-2.651085,-2.691056,-2.7277105,-2.704693,-2.6009502,-2.3801193,-2.098959,-2.3442254,-2.175415,-1.4497889,-1.814925,-2.4979174,-3.079429,-3.4219112,-3.542242,-3.5151668,-3.4366322,-3.2525892,-3.1504192,-3.2863815,-3.7703087,-3.9581738,-3.7695496,-3.3991284,-3.4454465,-3.4934833,-3.6466727,-3.4475472,-3.07093,-2.9032505,-2.8746114,-2.8441687,-2.7655826,-2.6774213,-2.5877573,-2.3961499,-2.2548537,-2.0362134,-1.5642192,-1.5887648,-1.7869045,-2.2156398,-2.86138,-3.2965975,-3.5106058,-3.3923635,-3.1821969,-3.0545816,-3.0545661,-3.073843,-2.9046912,-2.7926123,-2.8982887,-3.1524742,-3.1727538,-3.158023,-3.2408636,-3.187923,-3.672312,-3.8433564,-3.8725646,-3.6980062,-3.478572,-3.2199836,-2.8602774,-2.308559,-1.7459491,-1.4710498,-1.2843229,-1.029712,-0.6474305,-0.6735804,-1.1836114,-1.428017,-1.5350385,-1.5651886,-1.5671597,-1.651569,-1.818267,-2.016409,-2.2137616,-2.318126,-2.4090734,-2.2714553,-2.5765376,-2.8357008,-3.0349605,-2.9525735,-3.0042121,-2.9893644,-3.0167246,-2.8946893,-2.8317413,-2.5815945,-2.0870202,-1.9481814,-2.1846404,-2.1945496,-2.1263628,-1.6671551,-1.2104424,-1.3222889,-1.6552114,-1.8833952,-2.1455088,-2.7110581,-2.4512668,-2.350458,-2.135182,-2.2199569,-2.209514,-1.9785639,-1.5887812,-1.2993876,-1.0915443,-0.9430506,-0.8704778,-0.8396987,-0.7944777,-0.652077,-0.3589635,0.22871144,0.7970803,1.1122382,1.1090119,1.2342919,1.547729,1.8708751,1.604373,1.0721185,0.4294749,-0.062598765,-0.6627126,-1.3094308,-1.7464569,-2.0333536,-2.096942,-1.8533118,-1.5779233,-1.3742329,-1.002768,-0.6450281,-0.38816845,-0.32718706,-0.4377768,-0.7687036,-1.3842008,-2.1155784,-2.5809894,-2.8334408,-3.0370529,-3.2338247,-3.3859098,-3.679491,-3.629499,-3.0722213,-2.6064916,-2.3392951,-2.2034526,-2.0970206,-2.006287,-1.8776727,-1.629489,-1.4601306,-1.455335,-1.1971112,-1.3116512,-1.3540106,-0.8904,-0.4611224,-0.32761988,-0.21825981,-0.13317814,-0.084735006,-0.002376616,0.032806695,0.031723708,0.02332282,0.019056141,0.0034813285,-0.05348277,-0.15414688,-0.27630404,-0.48877138,-0.76542294,-1.0720878,-1.4705044,-1.8213382,-1.9863336,-2.0156684,-2.16947,-2.238131,-2.322989,-2.4286528,-2.5488522,-2.7818315,-2.7250745,-2.340151,-2.0399623,-1.8100587,-1.7845025,-1.2791562,-1.1700249,-1.033039,-1.3683085,-1.6629934,-1.9654812,-2.1235847,-2.2346535,-2.19329,-2.462689,-2.6162882,-2.4923139,-2.4553592,-2.2771428,-2.0857165,-2.035233,-1.7415267,-1.7499754,-2.0289857,-2.1045094,-2.0012646,-1.652024,-1.3789903,-1.4810761,-1.7013546,-1.7747045,-2.0131712,-2.41192,-2.2200956,-2.1346276,-2.0872252,-2.0501122,-1.9877058,-1.6335834,-1.309639,-0.97191256,-0.67110455,-0.40435684,-0.25995594,-0.3807503,-0.6588095,-1.44667,-1.7873342,-2.1459737,-2.180509,-2.4088507,-2.5943596,-2.5954232,-2.4314995,-1.9468391,-1.6181562,-1.581646,-1.549747,-1.4678407,-1.493885,-1.3615744,-1.1207767,-1.4537308,-2.003476,-2.297053,-2.1660023,-2.0292692,-1.9684114,-1.8930016,-1.7223597,-1.5068398,-1.0122266,-0.53613234,-0.64584416,-0.91378045,-1.2151232,-1.442707,-1.5583067,-1.6390525,-1.9692231,-2.3472295,-3.054466,-2.9248474,-2.5394545,-2.1290135,-1.8732376,-1.2997997,-0.8737854,-0.510475,-0.79637265,-1.3067484,-1.6782105,-1.9216306,-2.055921,-2.138372,-2.1911464,-2.2175596,-1.9625582,-1.5114298,-1.2466145,-0.8724656,-0.823627,-0.73772407,-0.76333135,-1.0520743,-1.2360554,-1.3681382,-1.6163752,-2.2153935,-2.7532134,-2.8713284,-2.4667711,-1.9168705,-1.680707,-1.5395199,-1.3981267,-1.2883,-1.213019,-1.2669519,-1.444521,-1.8135381,-1.7802124,-1.5486159,-1.2808129,-1.146426,-1.3471539,-1.2637602,-1.5483524,-1.7533127,-2.1482115,-1.8196714,-1.7633219,-1.9639215,-2.1731317,-2.3925683,-2.3434389,-2.0322714,-1.5599312,-1.581679,-1.5717905,-1.5809562,-1.5621836,-1.5286019,-1.5720128,-1.8289607,-2.0850623,-2.6300163,-2.7441502,-2.5955043,-2.684452,-2.8060417,-2.8423948,-2.8545704,-2.8412778,-2.8181076,-2.817057,-2.858583,-3.0682836,-3.2473736,-3.3952932,-3.219582,-2.966591,-2.8427143,-2.801734,-2.7548575,-2.7279272,-2.7866502,-2.8112993,-2.7882705,-2.7757046,-2.7941895,-2.8065715,-2.784597,-2.832996,-2.8370705,-2.799983,-2.5796943,-2.4098072,-2.478703,-2.5997982,-2.6020412,-2.731864,-2.4438112,-2.4430914,-2.4430509,-2.4431357,-2.4430678
-0.19914326,-0.20089597,-0.25866532,-0.47798824,-0.5914781,-0.77802366,-0.65289396,-0.5757723,-0.34477818,0.19408245,0.9729281,1.1647971,0.7903841,0.63180715,0.80627215,1.4548609,1.8034792,2.5073826,2.8981729,3.0053382,3.2575052,3.365985,3.2462702,3.016407,2.6793084,2.0070088,0.9291145,0.5197755,0.7234045,0.49956518,0.4362512,0.449051,0.56588525,0.604481,0.6006832,0.45803168,0.5438737,0.50875986,0.5902193,0.5361986,0.51640254,0.47081783,0.5493533,0.5078455,0.2988477,-0.32210028,-0.4941352,-0.61396205,-0.4704486,-0.3148488,-0.43066502,-0.55431336,-0.47964513,-0.45559382,-0.2843513,-0.33959073,-0.35994092,-0.3978798,-0.39072537,-0.39042285,-0.37427574,-0.35775378,0.20636003,1.1326754,2.1343565,2.3634074,2.4438374,2.5485587,2.5917096,2.6142125,2.6532743,2.666675,2.6171966,2.5333724,2.4386067,2.3487453,2.363935,2.4267938,2.4610887,2.657162,2.9568825,3.1897209,3.3267574,3.427948,3.4897869,3.50414,3.4582114,3.42922,3.3855004,3.3631682,3.3566113,3.3797984,3.2624588,2.7713585,1.7848885,1.7380631,1.2043989,1.9540987,5.161415,7.795403,9.196106,9.5652,9.673727,9.738102,9.7375,9.64486,9.342373,8.66222,7.2733493,5.529229,4.4593344,3.691913,3.489811,2.442779,1.651885,1.0647494,0.68489444,0.13643935,-0.058259323,-0.19161442,-0.27306902,-0.32645226,-0.34360403,-0.2726565,-0.08571038,-0.024515703,-0.26586914,-0.38520443,-0.12842739,-0.37151578,-0.9838674,-1.0616397,-1.0745841,-0.9221301,-0.5247388,-0.10109797,0.3135426,1.0433496,1.6286807,1.7722955,1.4141002,0.9083677,0.55956715,1.0470252,2.6730347,4.4165907,7.6109295,9.881996,11.08162,11.543433,10.876216,9.250265,6.8649035,4.0685887,1.9065996,2.2514148,2.846581,2.6557817,1.6391621,1.1176571,1.8776655,2.0833685,2.0915706,2.0773861,2.0961776,2.178009,2.1425638,1.7911823,1.1911099,0.99538755,0.96437347,0.40322262,-0.17417823,-0.36400747,-0.15348881,-0.29206598,-0.9145769,-1.0792193,-1.0295993,-0.96092427,-0.6532078,-0.35782886,-0.242848,0.04925578,0.2026203,0.65465915,1.0372463,1.9428997,3.0344188,3.8740027,4.5248814,5.3254924,5.309329,4.002829,2.393408,0.75693154,1.1490681,1.9750751,2.1433268,2.8866205,2.9855897,2.8147168,2.641719,2.5313838,2.3090885,1.778595,1.3038377,1.3365278,0.7581379,-0.11455721,-0.75950694,-1.0336132,-1.0876629,-1.0329372,-0.780661,-0.25689164,0.7108989,1.4730054,2.074452,2.9174595,3.7239935,4.0443234,3.8343318,3.209847,2.479457,2.2337356,2.4187899,2.576755,1.8974745,1.1844928,0.948916,1.0553049,1.5536528,2.347639,3.7473192,6.287875,8.283531,9.927433,10.95475,11.205151,11.255331,11.0382595,10.251583,7.7832522,5.1750164,3.9271586,3.2376995,2.794702,2.4046214,1.9757563,1.5473146,1.4619081,1.8107901,2.3033342,1.4787467,0.7558663,1.3026092,1.4887655,1.4265928,1.3669119,1.3159468,1.3234394,1.2534039,1.2020564,1.1793518,1.1989949,1.1734867,1.1964905,1.2226136,1.2661545,1.310962,1.1021135,0.7135029,0.32296133,0.437847,0.8864903,0.5380333,0.029547103,0.036510646,0.116342306,0.33116245,0.63707876,1.114422,2.1824877,3.2773993,2.8764925,1.7871852,2.2220356,2.7023442,4.626093,5.1152506,5.219444,5.1399937,4.460291,4.8545656,5.0051584,2.4139035,-0.16442205,-0.9674519,-0.84275913,-0.6098589,-0.43758708,-0.015029371,-0.23824918,-0.8264003,-0.6161736,-0.16766539,0.02392985,0.5520659,0.9431608,2.068801,3.0789876,3.968959,4.7672963,5.3582163,5.261565,4.328209,2.5169134,1.0792389,0.57382154,1.1337674,1.163626,1.9659601,2.2441306,2.0162652,1.7753501,1.5975343,1.563278,1.6259885,1.547062,1.0019926,0.23174486,0.117138565,-0.15725242,-1.0900526,-1.2228713,-1.1925898,-0.9880266,-0.8293288,-0.81923807,-0.5041541,-0.46839392,-0.24095644,0.109585926,0.46297258,1.1634295,2.0006475,2.2046175,2.9380555,3.2310517,3.13253,3.1559978,3.1299973,2.9724562,2.414981,1.484791,0.96189773,1.0406681,1.2620904,1.416199,1.5665545,1.4985089,1.4058052,1.6917259,2.0924332,4.2561703,5.537963,6.132766,5.894288,4.421787,2.091603,1.5810058,1.6088326,1.6980693,1.7956979,1.9329195,2.369815,2.839953,3.48245,3.373692,2.6454406,1.2530028,0.15135461,-0.19094265,-0.4220888,-0.5479184,-0.7822583,-0.9347446,-0.85736823,-0.84726167,-0.9597619,-1.3992031,-1.3606362,-1.0184069,-0.99660224,-1.1783962,-1.1348013,-0.75222826,-0.20025975,0.25609916,0.6285064,0.9501045,1.1945727,1.2311138,1.2805154,1.0839709,1.411797,3.6059923,6.896963,8.800004,10.000564,10.591212,10.502367,9.754102,8.620899,6.2619786,4.057298,2.4799807,1.5014125,1.186244,1.4410918,1.7359855,1.667379,1.558394,1.4648993,1.4639373,1.6697624,2.1508818,2.861433,3.8212957,5.045903,4.9764566,5.456604,6.082136,6.1750073,6.211383,6.275614,6.249092,6.3601227,6.379386,6.1402683,5.521744,5.226824,4.5231466,3.0199618,2.0554333,1.6570528,1.4905409,1.5169857,1.6049552,1.7118189,1.8031673,1.709895,1.753307,1.8588233,1.9494927,1.762676,1.6220982,0.8611081,-0.2244962,-0.5108079,-0.3246804,0.25725618,0.18516979,0.2147592,0.16491221,-0.0055859014,-0.008650586,-0.008621395,-0.008725941,-0.008707017
-1.0704995,-1.1492257,-1.1234725,-1.0910418,-1.0825146,-0.89875925,-0.70785916,-0.5558324,-0.5483236,-0.6590098,-1.028477,-0.5648103,-0.017620172,0.3678336,0.28374225,0.028310657,-0.35890496,-1.2962725,-1.7600222,-1.8213248,-2.0151284,-2.2029092,-2.3482125,-2.4482481,-2.469014,-2.4697878,-2.5452845,-2.579741,-2.467135,-2.5914512,-3.08534,-3.2528572,-3.3673735,-3.4050398,-3.4589374,-3.4752464,-3.5473905,-3.558279,-3.6256626,-3.6118627,-3.6109555,-3.5624404,-3.572507,-3.511734,-3.1537335,-2.6441655,-2.523521,-2.3345525,-2.2991898,-1.8991734,-1.6144992,-1.5524304,-1.4293993,-1.7122445,-1.8728622,-1.8407427,-1.859334,-1.8767372,-1.8395778,-1.7414075,-1.5137224,-1.2841194,-0.97977173,-0.5825032,-0.77111334,-1.0667607,-1.2418631,-1.4068726,-1.4951756,-1.582521,-1.6263671,-1.5847101,-1.5608661,-1.6238441,-1.6812413,-1.7948716,-1.9229667,-2.0731845,-2.1796165,-2.4775906,-2.7246935,-2.7828512,-2.7539954,-2.6859746,-2.5987413,-2.457666,-2.337005,-2.2642963,-2.1966553,-2.1276622,-2.0160828,-1.8786016,-1.6569756,-1.2136782,-0.59124285,-0.85623336,0.30443174,0.11196184,-0.9536055,-1.3797559,-1.6379251,-1.6836002,-1.6924771,-1.797319,-1.9426005,-2.1017582,-1.8515483,-1.2033048,-0.06397781,1.0940764,1.7702585,1.7761252,2.0313957,2.7693822,3.6913075,5.1174994,6.504449,7.187971,7.4007416,7.3521833,7.3917913,7.508466,8.092989,9.31318,10.167414,10.861719,11.8265,11.9841385,11.25009,9.071482,5.2755814,2.9314413,1.3829267,0.3286032,-0.6738218,-1.154053,-1.283792,-1.4648845,-1.5385134,-1.7015278,-1.8623676,-1.9351889,-1.9994433,-2.0167234,-0.71765786,-0.026293367,0.12526855,-0.19118634,-0.14358911,0.6155132,3.7580976,7.9764037,10.316901,11.430958,11.990614,12.083439,11.707787,11.075434,10.147329,7.8519397,4.3224216,2.4086428,1.5941082,1.294353,1.0239595,0.66094834,-0.023555294,-0.68561286,-1.042526,-1.3043641,-1.2533829,-0.5682856,0.7439593,1.4935162,1.4857631,1.4876786,0.8532026,-0.30609316,-0.60396755,-0.3472101,0.07163143,0.584533,1.2622969,1.5312389,1.0806849,0.8894847,0.68606645,0.46408743,0.1456604,-0.028961495,0.016773686,-1.1160262,-1.7987224,-1.5701966,-0.5343922,0.7172156,0.6159344,0.103183955,-0.30412608,-1.0685923,-1.2876937,-1.2816484,-1.1733139,-1.0124161,-0.6738179,-0.37953788,0.028904334,-0.28891242,-0.506254,-0.3187133,-0.18963799,-0.19601557,-0.27596092,-0.21392071,-0.16608581,-0.23664936,-0.68468475,-0.841545,-0.63488865,-0.6696072,-1.0569317,-1.3721585,-1.4719738,-1.4282701,-1.1829658,-0.93731827,-0.71576464,-0.3257487,0.22716619,0.43945402,0.46515024,0.30356798,0.06482011,-0.21989831,-0.5815135,-0.94663334,-1.2883873,-1.9832957,-2.557136,-2.334174,-2.1373653,-2.090183,-2.07625,-2.1027253,-2.0418036,-2.0600634,-2.1073003,-2.1425183,-2.2028456,-2.2255177,-2.2526226,-2.3319652,-2.3367722,-2.1368043,-1.4150368,-0.91879845,-0.8755871,-0.8683076,-0.8323373,-0.84127927,-0.8139379,-0.8074308,-0.7768842,-0.72825885,-0.6815727,-0.7057735,-0.7149323,-0.72671723,-0.7479776,-0.78317374,-0.83856505,-0.84024656,-0.76165366,-0.7487761,-1.1415802,-1.4028275,-1.0352657,-0.54850626,-0.4605374,-0.6079048,-0.8477529,-1.0961148,-1.3923401,-1.7138612,-1.9903871,-1.9234405,-2.0098128,-1.9203429,-1.984936,-2.1609445,-2.1829615,-2.3337758,-2.6071095,-2.4885063,-2.4481032,-2.1739502,-1.2135307,-0.18786393,0.64042586,1.3174285,1.4705924,1.1048728,0.504354,0.71793133,1.1692435,1.447692,1.7155434,1.3705255,1.1131345,1.07195,0.7696631,0.48363295,0.27105424,-0.09457934,-1.3110356,-1.7894828,-1.7841661,-0.7446793,0.25515324,0.85597754,0.27526942,0.05343291,-0.57691944,-0.85461605,-0.9011729,-0.846045,-0.7785146,-0.6772529,-0.48812756,-0.2535225,0.20963821,0.009550542,-1.1770726,-0.63551944,0.4250911,0.5699094,0.600777,0.9293943,1.4033586,1.5997045,1.5675406,1.2590592,1.127163,0.9629541,0.8502835,0.74575424,0.66008997,1.1586033,0.5934813,-0.2746759,-0.8966213,-1.409405,-1.6486082,-1.9800891,-2.3495665,-2.506205,-2.108405,-1.9491843,-1.87464,-1.8598396,-1.879015,-2.0197058,-2.1992726,-2.4841676,-2.7605715,-3.3418972,-3.1255822,-3.0008745,-3.005734,-2.4862347,-2.339495,-2.8525052,-3.2182765,-3.4983506,-3.6623101,-3.519371,-3.1736302,-2.8556864,-2.4215267,-1.9690148,-1.5566424,-1.0535002,-0.8477535,-0.8541523,-0.9052796,-0.8751499,-0.5774097,-0.11536303,0.046815127,0.3332962,0.7280298,0.8815843,0.62929165,-0.04865548,-0.566313,-0.66431075,-0.58465457,-0.707825,-1.0405376,-1.147926,-1.1838732,-1.145097,-0.77395463,0.06438794,0.659804,1.0762553,1.6115023,1.6324487,1.0171111,0.3746026,-0.56136835,-1.7615705,-2.3828967,-2.456945,-2.1370122,-1.9971213,-1.9333789,-1.8773808,-2.044256,-2.3521905,-2.336885,-2.3457727,-2.379986,-2.472569,-2.4788175,-2.5345967,-2.5889878,-2.800194,-2.8959322,-3.0475874,-3.01823,-2.8086886,-3.0701406,-3.412956,-3.456734,-3.4696925,-3.4231856,-3.4065804,-3.3823144,-3.2887597,-3.0180674,-2.371175,-1.9833052,-1.6341256,-1.1048405,-0.73736066,-0.60080475,-0.7740384,-0.886436,-0.9915429,-1.044576,-1.0882761,-1.0351964,-1.0507519,-1.0918537,-1.0867407,-1.0333662,-1.0815289,-1.2674506,-1.2323368,-1.18836,-0.88952327,-0.7339041,-0.5824738,-0.44182357,-0.52856123,0.37122744,0.373012,0.37294725,0.37308505,0.37303472
-0.5877566,-0.51795536,-0.35647795,-0.25169384,-0.267192,-0.21564473,-0.25131935,-0.29327223,-0.43326357,-0.8337013,-1.2283287,-0.9071504,-0.56115794,-0.46307927,-0.6905439,-1.4664645,-2.236097,-2.7861176,-2.8858507,-2.9060984,-2.944739,-2.9085174,-2.752579,-2.6749468,-2.6014094,-2.3412633,-1.8538731,-1.5688494,-1.4631734,-1.2322998,-1.2380493,-1.2233734,-1.2711692,-1.2567569,-1.2808822,-1.2781303,-1.3526611,-1.3373404,-1.4515316,-1.4331079,-1.4577518,-1.4528544,-1.4913709,-1.5330646,-1.5783668,-1.4785116,-1.377492,-1.0893413,-1.1340915,-1.1791899,-1.1424035,-1.2117046,-1.0534219,-1.0634782,-1.1990713,-1.2622547,-1.2495053,-1.1074373,-0.8305229,-0.68872154,-0.6741643,-0.6379143,-0.7067872,-1.0590326,-1.6143122,-1.8340387,-1.9782729,-2.0946023,-2.1562662,-2.1357021,-2.0809898,-1.9197888,-1.7517948,-1.5083168,-1.2798371,-1.1520805,-1.214794,-1.3344157,-1.5102001,-1.8254328,-2.1678116,-2.320034,-2.3724632,-2.3912656,-2.3957975,-2.3855367,-2.3524666,-2.319141,-2.2864532,-2.2753701,-2.3094683,-2.3990746,-2.5789528,-2.8096395,-2.5468926,-1.8782864,-1.1622348,-1.693151,-2.8812675,-2.927216,-2.9937446,-2.7553859,-2.6473117,-2.622501,-2.635322,-2.8264284,-2.8088665,-2.381775,-1.592087,-1.2565601,-1.3492324,-1.9267422,-1.9758959,-1.4879658,-0.5900172,0.27639887,0.8935279,0.456868,0.4597162,0.40192032,0.29762322,0.33088452,0.34698072,0.4327566,-0.05910799,-0.3932588,0.05336976,0.20949924,0.07593,-0.3014387,-0.22800407,-0.27767652,-0.38363215,-0.500229,-0.49738193,-0.5213391,-0.4683677,-0.46762726,-0.62714297,-0.79991406,-0.7727699,-0.62863594,-0.5999904,-0.9304655,-0.82194555,-1.0531172,-1.3421156,-1.1770571,-0.870204,-0.98363715,-0.52214396,0.00079268217,0.5890965,1.2432822,0.66866994,0.30206066,-0.26810342,-0.154467,0.1296746,0.32934815,-0.027062178,-0.53946793,-0.7318932,-0.7546501,-0.83078283,-0.92893124,-1.0686167,-1.0934185,-0.666434,-0.056564927,1.171375,2.4242551,4.268546,5.4889603,6.315842,6.575815,7.628923,8.577606,8.900945,9.341598,9.8320875,10.414616,10.852921,10.967898,10.863363,10.866071,10.823716,10.475166,9.787491,8.917883,6.999996,3.248715,1.1690868,0.3359221,0.45038792,0.7565859,0.027653053,-0.8339683,-1.0675521,-1.5434953,-1.8984926,-1.988302,-1.949311,-1.8751165,-1.9795482,-2.3343,-2.5826507,-3.3338532,-3.8072796,-3.725589,-2.8922727,-2.1895263,-2.0066206,-1.9729664,-2.0448372,-2.192009,-2.343739,-2.2142568,-1.7858605,-1.4508862,-1.4102166,-1.2290726,-1.098949,-0.9278165,-0.69210064,-0.60730535,-0.8052158,-1.0248595,-0.9376428,-0.831069,-0.8301683,-0.9394905,-1.1338016,-1.3211372,-1.4315531,-1.464267,-1.5615277,-1.8642559,-2.0686285,-1.6643889,-1.3416436,-0.99576426,-1.0261371,-1.3840387,-1.2792939,-1.1217123,-1.1185505,-1.0985563,-1.161424,-1.2286454,-1.2841146,-1.3148091,-1.2933605,-1.1784372,-0.76652455,-0.7739443,-1.316044,-1.4107774,-1.3762426,-1.3557668,-1.3103114,-1.318111,-1.2129042,-1.1165746,-1.076604,-1.0810034,-1.0708628,-1.0701423,-1.1038219,-1.1715419,-1.3052418,-1.4989839,-1.6124372,-1.5678966,-1.6608156,-1.7699946,-1.3730032,-1.1224747,-1.3183467,-1.5195087,-1.7515962,-2.035245,-2.3710408,-2.488133,-2.4323726,-2.3126822,-2.1603131,-2.226466,-2.3123498,-2.701934,-2.8865442,-3.0609894,-3.0730424,-2.7047787,-2.7904184,-3.1342683,-2.5682507,-1.9554305,-0.95193577,1.1678195,2.9447532,5.120635,7.5300026,8.96447,10.375142,11.159425,11.320975,11.232629,11.169334,11.111304,10.600442,9.834202,8.483517,5.590373,2.1309001,0.61829114,0.30931607,0.70657,0.97224355,0.71317124,-0.28314966,-0.7556875,-1.0134478,-1.2047381,-1.1980889,-1.0512607,-0.8325634,-0.46266183,0.17196995,0.93932897,3.3520124,6.3162894,8.542735,9.732358,10.237991,10.332197,10.489656,10.885977,11.356307,11.612606,11.73595,11.675331,11.6856785,11.826014,11.916105,11.73142,10.3611965,7.8490734,4.1329045,1.60234,0.037148163,-0.9580461,-1.5490371,-1.9579513,-2.0755877,-2.008123,-1.7351024,-1.6993384,-1.58213,-1.420711,-1.3360162,-1.3341763,-1.4371184,-1.581701,-1.6590765,-2.0193584,-1.7785537,-1.8602831,-2.3216634,-2.2806942,-2.3233356,-2.3467348,-2.5807514,-2.899641,-3.0087347,-2.8940706,-2.8038783,-2.8998802,-3.2559192,-3.6528385,-4.0049777,-4.0522738,-3.760888,-3.642459,-3.6115456,-3.504229,-3.0640903,-2.599484,-2.4393845,-2.2920313,-2.0617337,-1.752055,-1.4166654,-1.246693,-1.2202144,-1.2807188,-1.2346549,-1.2254459,-1.4664655,-1.6613562,-1.8376544,-2.06683,-2.208425,-2.061735,-2.1592193,-2.0376968,-1.6237018,-1.7060735,-1.9122541,-1.8212743,-1.9413936,-2.164774,-2.3127995,-2.0990307,-2.1675408,-2.4384642,-2.3546834,-1.8798491,-1.0590891,-0.7204058,-1.0064262,-1.4614284,-1.512141,-1.5974045,-1.6368384,-1.7599564,-1.8145194,-1.9119073,-2.002084,-2.280594,-2.4011977,-2.2173004,-2.5159273,-2.646396,-2.6003428,-2.5982141,-2.5471294,-2.5590575,-2.5307293,-2.450947,-2.3424063,-2.0812266,-2.0349622,-2.0072405,-1.7569132,-1.5754421,-1.5739607,-1.6505976,-1.7071766,-1.7332311,-1.7288866,-1.7769209,-1.7789946,-1.8279781,-1.8686365,-1.8378699,-1.73769,-1.6203849,-1.5228934,-1.1021119,-0.79421425,-0.67849755,-0.7436986,-0.7347059,-0.7744242,-0.6071045,-0.36939636,-0.36326987,-0.36334682,-0.36310577,-0.3631794
-1.3071233,-1.2550099,-1.0980378,-0.9206667,-0.8412614,-0.58108056,-0.46507174,-0.47958463,-0.62484807,-0.692702,-0.6941308,-0.4323802,0.1127308,0.4781921,0.5369064,0.0951218,-0.29818124,-1.0580882,-1.5550089,-1.6009641,-1.7521827,-1.9871845,-2.31821,-2.462477,-2.2589674,-1.5033888,-0.53406715,-0.14671637,-0.13753825,0.5806372,1.3032225,1.5143971,1.5225248,1.5187378,1.48879,1.5496426,1.4944605,1.5684266,1.5395467,1.5664406,1.535092,1.5265808,1.329432,1.0587671,0.78659815,0.18929896,-0.17751849,-0.901055,-1.8434787,-2.4462998,-2.362591,-2.2709856,-2.2504835,-2.5298762,-2.7757401,-2.8377287,-2.76057,-2.543405,-2.2666192,-2.005875,-1.8593845,-1.9359152,-2.1951218,-2.5930629,-3.0295906,-3.200841,-3.3105316,-3.3829904,-3.390555,-3.2991061,-3.200853,-2.9980335,-2.8251562,-2.631084,-2.4464755,-2.3041942,-2.2962098,-2.294994,-2.2976348,-2.3692513,-2.397,-2.3302429,-2.2546487,-2.1776695,-2.1134884,-2.0436811,-1.9711504,-1.9355973,-1.8947265,-1.8828425,-1.9075669,-2.017198,-2.2985163,-2.478563,-2.1691267,-1.0830812,-0.4064101,-1.0499698,-2.4791842,-2.6001942,-3.2572198,-3.4013097,-3.3987942,-3.3925195,-3.4702268,-3.8489206,-4.0451484,-3.4853315,-2.567802,-2.2685027,-2.2302248,-2.4601479,-2.555633,-2.4039295,-2.2447934,-2.2065415,-2.0884917,-1.9190638,-1.8574088,-1.8347931,-1.8397682,-1.7865405,-1.4762185,-0.7986312,-0.3453985,-0.16982877,0.08338541,0.062294424,-0.23890114,-0.47153115,-0.57876706,-0.70309913,-0.8984614,-1.069393,-0.9952025,-0.8974599,-0.8297967,-0.90711546,-1.2782989,-1.5929823,-1.7597373,-1.5460453,-1.3332927,-1.5955201,-2.1763604,-2.723108,-3.186729,-3.1315203,-2.995733,-3.295288,-3.0491967,-2.2644293,-1.6912618,-1.2302254,-0.7276938,-0.7453722,-0.7855009,-0.7715193,-0.5679068,-0.77073395,-0.9614739,-0.7601056,-0.6759732,-0.66138524,-0.74058676,-0.96553063,-1.3306823,-1.3650491,-1.0562208,-0.6882705,-0.7080096,-0.57170874,-0.29089007,-0.41175473,-0.6526879,-0.536891,-0.15335009,0.00557035,-0.14643833,-0.14370878,-0.28288665,-0.33946115,-0.35299748,-0.5370097,-0.6900272,-0.9119247,-1.0425129,-1.3132952,-1.6218882,-1.5806224,-1.715663,-2.4106102,-2.661415,-1.966803,-0.89672524,-0.18112224,-0.79878235,-1.8354205,-2.2123747,-2.5877736,-2.7198815,-2.6676853,-2.6024997,-2.5775273,-2.4453106,-1.7935951,-1.1611254,-1.494804,-1.9094765,-1.8254802,-1.0093447,-0.4724404,-0.29601493,-0.28937626,-0.39430395,-0.67558634,-1.0646086,-1.1902001,-1.1791375,-1.2252936,-1.4287231,-1.6743497,-1.8829547,-1.97142,-1.9737785,-2.0019567,-2.0300488,-2.0886252,-2.0804892,-2.0307298,-2.0226302,-2.096653,-2.3225722,-2.539648,-2.7332025,-3.0035045,-3.2316043,-3.2604356,-2.8465853,-2.2400455,-1.7246364,-1.2985344,-1.1465054,-0.665262,0.16856033,0.54815423,0.74734366,0.848132,0.83902526,0.74045646,0.6191791,0.5137094,0.33766127,0.22574767,0.07806152,-0.2781376,-1.426341,-1.9048845,-1.9859738,-1.9694269,-1.9438357,-1.9579562,-1.9239578,-1.9048908,-1.8983489,-1.9264399,-1.9431993,-1.9627445,-2.0084603,-2.0692892,-2.1430962,-2.0325432,-1.6647179,-1.0804685,-0.68429196,-0.49218813,-0.04440859,0.28796092,0.2154035,0.0821622,-0.07349524,-0.25816944,-0.48596206,-1.0102067,-1.6754713,-2.167092,-2.2075193,-2.1470559,-1.8615632,-2.1257143,-2.274599,-2.3846073,-2.4072242,-2.2739248,-2.197289,-2.280664,-2.1495595,-2.2728004,-2.475997,-2.3680959,-2.1769788,-1.8046523,-1.151283,-0.7002387,-0.5283679,-0.5490387,-0.67180705,-0.7970749,-0.98316395,-1.039531,-1.3868732,-1.6413169,-1.6445878,-1.9051371,-2.5173995,-2.7330108,-2.2740583,-1.2012371,-0.45933244,-0.36391932,-1.2664216,-1.7771876,-2.0920293,-2.3578491,-2.3867345,-2.3757498,-2.400757,-2.4678311,-2.53227,-2.4285016,-1.9748621,-1.0525869,-0.71106666,-0.675303,-0.38681364,-0.66560227,-0.6596544,-0.5121406,-0.4790119,-0.39884698,-0.519252,-0.52125645,-0.67611676,-0.9222872,-1.2863935,-1.6322242,-1.585342,-1.2767483,-1.7440542,-2.0593243,-2.2332387,-2.3930242,-2.4385965,-2.2430959,-1.5097235,-0.7973618,-0.67570275,-0.5564935,-0.094154954,0.36031923,0.45545223,0.3659431,0.18462062,-0.122740775,-0.43793297,-1.3545471,-1.403012,-1.7327478,-2.3013191,-2.9344027,-2.8394399,-2.7342634,-2.8523126,-2.9633985,-3.013627,-3.071217,-3.185502,-3.3322814,-3.5296488,-3.6738508,-3.66325,-3.079763,-2.272901,-1.973214,-1.6413633,-1.3693767,-1.1446693,-1.0208762,-1.1293991,-1.1881102,-1.2084689,-1.3192105,-1.5276408,-1.7784379,-2.0318022,-2.1720295,-2.0912385,-2.0449471,-2.3523846,-2.6362832,-2.8203745,-2.971144,-3.0298266,-2.6227288,-2.2454057,-1.6901021,-1.0708033,-1.3021314,-1.9100978,-1.8673713,-2.0794392,-2.9558275,-3.1896765,-2.918344,-2.6694217,-2.604012,-2.3879821,-1.799737,-0.93319094,-0.52136433,-0.765512,-1.1220021,-0.8784248,-0.6234458,-0.31220922,-0.3306841,-0.42633605,-0.7561954,-1.3206995,-1.9525261,-2.5860274,-2.5654817,-3.135195,-3.7337446,-3.9240243,-3.9465814,-3.938352,-3.8488162,-3.8305547,-3.82663,-3.6040273,-3.0012293,-2.7741504,-2.445228,-1.6827803,-1.1812809,-1.0369911,-1.0375366,-1.0382816,-1.0482768,-1.0536053,-1.1385539,-1.0987777,-1.1692178,-1.2139729,-1.1773471,-1.0743649,-1.0458602,-1.0412468,-0.99262786,-1.0404139,-1.2741743,-1.5622782,-1.5460217,-1.548243,-1.4452882,-1.0704046,-1.0681479,-1.0681179,-1.068161,-1.0681144
0.8276173,0.9674022,1.5198526,2.2223334,2.5602427,3.8287792,5.076101,5.8867197,6.582052,8.2377205,10.156468,11.375174,11.789047,11.947551,11.784542,10.0490465,7.7562475,5.0395937,3.2283926,3.0081525,2.3805404,1.3865188,0.20001018,-0.44010115,-0.70682484,-0.68826574,-0.9482883,-1.1915398,-1.4788327,-1.0594032,-0.6865379,-0.6609844,-0.6748751,-0.7153465,-0.73965204,-0.5934711,-0.68548065,-0.6197882,-0.5890992,-0.5658948,-0.59188527,-0.48230916,-0.36225334,-0.18807499,-0.42300063,-0.8046683,-0.77476245,-0.6065253,-0.30397475,0.011362985,0.20455697,0.07076303,-0.23275478,-0.88775086,-1.408582,-1.4990923,-1.4941773,-1.324909,-1.0449718,-0.630552,-0.19435102,0.19576156,0.16572683,-0.009133607,-0.68329525,-1.1347506,-1.3877149,-1.5567265,-1.5649419,-1.4758525,-1.332196,-1.0747284,-0.9526551,-0.92220664,-0.8845389,-0.8598706,-0.91269046,-0.9056121,-0.8686585,-0.8979454,-0.90285337,-0.84335256,-0.7554305,-0.655879,-0.581351,-0.5263604,-0.49430478,-0.45889997,-0.42799598,-0.36779946,-0.33802152,-0.32233042,-0.48306143,-0.79938686,-0.923376,-1.3941522,-0.40769747,0.84630823,1.179038,0.62015295,-0.95560575,-1.5492612,-1.6488894,-1.5822653,-1.5820985,-1.7115514,-1.8085134,-1.651142,-1.0821849,-0.46474242,-0.08110806,-0.39519057,-0.526654,-0.57800543,-0.6982456,-0.48788476,-0.5147628,-0.7282378,-0.81536883,-0.8223408,-0.8301428,-0.7634916,-0.49694723,0.06288137,0.3623856,0.3068455,0.5267351,0.4433951,0.12395218,-0.17907321,-0.9103015,-1.3977025,-1.8641614,-2.0956938,-2.0406644,-1.8659579,-1.7120243,-1.6092316,-1.6646985,-1.8238783,-2.0473413,-2.0348773,-2.1055777,-2.1450071,-1.0758108,-0.3223393,-0.47509068,-0.6238136,-0.75866693,-1.0806471,-0.6768316,-0.29563534,-0.3331725,-0.18947159,0.18203762,0.3225655,0.12611853,-0.012871087,0.23051313,0.18993954,-0.3398446,-0.50860536,-0.52621436,-0.53297764,-0.5681062,-0.73000836,-1.1106838,-1.4027213,-1.5044206,-1.4445139,-1.3942788,-1.0621982,-0.58797306,-0.5256363,-1.4969883,-1.7977484,-1.9761071,-1.8734579,-1.8596998,-1.7085319,-1.5236993,-1.0453371,-0.22327518,-0.14669955,-0.7516855,-1.2371968,-1.4318402,-1.3997968,-1.6645985,-1.5855529,-1.3999732,-2.2087023,-2.7451675,-2.5025089,-1.0194681,-0.019745259,0.1501716,-0.31475592,-0.57632583,-1.5037003,-2.0334454,-2.2104216,-2.3112407,-2.372182,-2.256828,-1.6959171,-0.5889769,-0.5343335,-0.9558249,-0.9723352,-0.693383,-0.529759,-0.5724209,-0.5896037,-0.6066136,-0.91900384,-1.4054561,-1.5781231,-1.7879742,-1.903051,-2.0652556,-2.1731179,-2.1039393,-1.9188086,-1.5793923,-1.281014,-1.1280994,-1.17114,-1.1504707,-1.0114444,-0.871303,-0.8272895,-0.84864646,-0.8377832,-0.8603019,-0.8826678,-0.87599695,-0.9770927,-1.1305032,-0.877335,-0.7257658,-0.9533069,-1.3250357,-1.2874573,-1.0486236,-0.98977613,-0.96525013,-0.9719573,-0.96220464,-0.91879874,-0.70982283,-0.58313656,-0.5101473,-0.12620175,0.07521638,0.6706745,0.009791434,-0.5870341,-0.76065284,-0.7599808,-0.6564568,-0.617435,-0.66939974,-0.6426282,-0.6492838,-0.6515969,-0.64271045,-0.62611675,-0.62440324,-0.6064012,-0.5417392,-0.2060537,0.26725027,0.7610009,0.6120526,-0.1326724,-0.19909433,0.003696248,0.033046365,-0.0010519028,-0.10366768,-0.12276405,-0.052606314,-0.34356377,-1.1055164,-1.5954179,-1.923034,-1.889245,-1.4341486,-0.25841224,0.015734017,-0.091233075,-0.46233127,-0.9316714,-1.0899023,-0.55388534,0.058815524,-0.025966514,-0.5879011,-0.8485771,-0.8192891,-0.8954743,-0.91331506,-0.6894476,-0.4631182,-0.099221766,0.076213956,-0.75265694,-1.3522414,-1.3031008,-1.3195015,-1.4931123,-1.4494059,-1.3572702,-2.13836,-2.6401315,-2.657866,-1.1933405,-0.15662718,0.22928618,0.21093194,0.11630368,-0.77328044,-1.5547051,-1.8421521,-1.9019804,-1.916412,-1.9083054,-1.8673285,-1.823439,-1.4973367,-1.1557635,-0.8668523,-0.62084585,-0.74553096,-1.2905575,-1.6425877,-1.5667388,-0.75484556,-0.17197621,-0.25410146,-0.73367953,-1.0462011,-1.2338222,-1.3060241,-1.1934768,-0.8453489,-0.18067013,-0.41923046,-0.80687827,-1.1397457,-1.3911613,-1.3923751,-1.2451507,-1.0591207,-1.0954123,-1.4509652,-1.6799109,-1.4621003,-1.2635528,-1.2561755,-1.2974733,-1.3638465,-1.5154577,-1.6527212,-1.8106127,-0.95654327,-0.5071268,-0.4534901,-0.31545562,0.19450912,-0.20537363,-0.73129666,-1.2376316,-1.8383749,-2.4006176,-2.6593137,-2.7715135,-2.7088304,-2.502927,-2.2744784,-1.8772856,-1.3026897,-1.0829701,-1.0597947,-1.1042898,-1.1966038,-1.1902375,-1.4747498,-1.6488762,-1.8170854,-2.084089,-2.3482347,-2.7443266,-3.1151404,-3.259579,-3.0481286,-2.912413,-3.171883,-3.302489,-3.303844,-3.2059321,-2.7482996,-1.4634014,-0.58656883,0.05899951,0.8611023,0.9058846,0.38071656,0.35846525,0.2760517,-0.72769064,-1.2855675,-1.557761,-1.3017259,-1.2208971,-1.242977,-1.171085,-1.3467106,-1.918721,-2.595246,-2.8908384,-2.629891,-2.3930552,-2.129657,-2.0401971,-2.0335019,-2.1556044,-2.2510428,-2.273221,-2.5532107,-2.5372891,-2.4605217,-2.7077065,-2.8498487,-2.8725142,-2.8563108,-2.7523832,-2.7550683,-2.8164334,-2.7264056,-2.3341162,-2.1336434,-1.8919921,-1.3318908,-0.91039634,-0.8288127,-0.93071955,-0.9534781,-0.9990008,-1.083524,-1.1516408,-1.0869875,-1.0739167,-1.1440892,-1.2365736,-1.3808329,-1.5974066,-1.8119633,-1.7173496,-1.3668015,-1.0031115,-0.9724213,-0.9781855,-0.9645782,-0.9795998,-0.2304365,-0.22811362,-0.22812402,-0.2280735,-0.22808978
-2.0939598,-2.0133007,-1.9771405,-1.9955314,-2.064096,-2.0549731,-2.0852075,-2.0583582,-2.0052266,-1.7086539,-1.2517023,-0.99341726,-1.0689946,-1.0816879,-1.0901716,-1.7992778,-2.5713234,-2.4943736,-2.261846,-2.1459,-1.8763762,-1.6530828,-1.5202272,-1.4544024,-1.4864011,-1.7710714,-2.0052443,-1.7604156,-1.5675603,-1.7291449,-1.7647151,-1.7138368,-1.68591,-1.6713051,-1.6086662,-1.6335901,-1.6036302,-1.5849209,-1.5718572,-1.585602,-1.5714482,-1.6045537,-1.6886097,-1.8235154,-2.0927036,-1.9936079,-1.9725881,-1.9583411,-1.9174542,-1.7907594,-1.7761173,-1.8623881,-2.1788049,-2.5300088,-2.7308936,-2.7862623,-2.8665128,-2.7919593,-2.7333338,-2.60467,-2.2903867,-1.9048345,-1.8907418,-2.3879652,-2.5533938,-2.3742924,-2.2711587,-2.2662377,-2.3139808,-2.4272728,-2.5102906,-2.6737149,-2.7717066,-2.7182317,-2.5319533,-2.0823708,-1.7492087,-1.4639695,-1.2729263,-0.93107665,-0.5591624,-0.32257932,-0.1783333,-0.057006,0.07316336,0.21462736,0.3068648,0.32100236,0.3216563,0.27841133,0.22727711,0.13981125,0.0593884,0.03228903,-0.09551458,-1.1981959,-2.9315228,-2.7779238,-1.775353,-1.3536937,-1.0634015,-1.1720603,-1.2313336,-1.2706158,-1.2577381,-1.0528517,-1.1110824,-1.5007474,-2.1601381,-2.3903823,-2.595615,-2.7099571,-2.6375408,-2.5330298,-2.3614082,-1.9623508,-1.3247201,-1.088047,-0.985008,-0.95925885,-0.92023706,-0.9505863,-1.0010831,-1.2080534,-1.227682,-0.7791873,-0.32161197,-0.12796429,0.3499892,0.6675167,0.90602964,1.5682933,3.0519233,5.513661,7.731783,9.064956,9.922202,11.169973,11.761548,11.890257,11.710614,10.60857,9.218243,6.5405436,1.4187657,-0.26306456,-0.9174142,-0.59253037,-0.23544005,-0.21936896,-0.79538536,-0.898852,-0.9379,-1.3856319,-1.2269746,-0.63735265,-0.10919587,0.21122064,0.24053508,-0.0788132,-0.44659477,-0.58715045,-0.6983185,-0.7436913,-0.7421593,-0.769316,-0.8154603,-0.9551033,-1.1302469,-1.4245934,-2.182023,-2.7608957,-2.8041341,-2.5004816,-2.5114336,-2.7728248,-2.6159523,-2.2366047,-1.979224,-1.8278304,-1.6010406,-1.4227662,-1.4514083,-1.2996926,-1.2788664,-1.3050181,-1.5234927,-1.5779972,-1.2873819,-0.89172065,-0.8560015,-0.74249315,-0.8174425,-1.5257595,-2.414565,-3.1413565,-3.0088377,-2.662983,-2.2464597,-2.1189702,-2.388409,-2.7020214,-2.9473372,-3.2019963,-3.656538,-4.124631,-3.7623777,-3.053986,-2.7971327,-2.7482963,-2.9656918,-2.9495296,-2.9109316,-2.9213996,-2.989225,-3.0284896,-2.6970081,-2.0205457,-1.4617226,-1.0395617,-0.3560044,0.45600775,1.0304801,1.4104722,1.5080614,1.3844206,1.1606047,0.90623057,0.7452245,0.5802513,0.53444606,0.7716669,0.94247675,1.0637738,1.1459935,0.9820147,0.7488438,0.7286298,0.16490844,-0.29120857,-0.7464697,-1.2020569,-1.1356936,-1.1469822,-1.6358033,-1.8491586,-1.9744189,-2.0411406,-2.0778728,-2.1883097,-2.3698535,-2.5424514,-2.5708365,-2.293096,-2.0491655,-2.0453742,-2.5497499,-2.7731311,-3.0501556,-3.1454675,-3.2016778,-3.2174106,-3.2469773,-3.2689557,-3.2775383,-3.292203,-3.2998345,-3.315129,-3.3410912,-3.3816895,-3.371901,-3.324897,-3.1594405,-2.7578564,-2.4244096,-2.6192956,-2.717012,-2.5270514,-2.2043006,-1.9931417,-1.8858511,-1.9289343,-1.9175057,-1.8306056,-1.7076659,-1.5774817,-1.5863497,-1.3954195,-1.2340525,-1.1310518,-1.0968323,-1.0895932,-1.2259463,-1.5691094,-1.7748305,-2.570619,-3.2476437,-2.9969769,-2.627502,-2.3557591,-2.197045,-2.0440426,-1.9484494,-1.9135747,-1.3607066,-1.1895216,-1.2244468,-1.1104594,-1.2829812,-1.6092546,-1.5799304,-1.4435592,-1.2709794,-1.2968761,-1.0504394,-1.0558094,-1.4949812,-2.264886,-2.879537,-3.0723457,-2.784955,-2.4209461,-2.3104086,-2.525361,-2.7820678,-3.0000257,-3.1400583,-3.2232647,-3.314939,-3.446508,-3.458871,-3.045071,-2.1169918,-2.256811,-2.0756965,-1.7678521,-1.5444148,-1.316777,-1.0462711,-0.8934858,-0.67197573,-0.7647741,-0.91272616,-1.1431278,-1.117215,-0.75486654,0.2385906,0.30971515,0.23864184,0.18843934,-0.0961181,-0.3861955,-0.7119175,-1.0520718,-1.2944407,-1.1604897,-0.71336377,-0.7332168,-1.0245667,-1.4716417,-1.6178722,-1.7492307,-1.878358,-2.1261778,-2.3990076,-2.7474198,-2.683896,-2.0969477,-1.2945971,-1.190255,-1.3702592,-0.90072286,0.26561844,1.7145299,2.8396041,3.639701,3.7676702,3.5420916,2.6774983,1.4630643,0.28112584,-0.9911518,-1.3848418,-1.3435302,-1.3479425,-1.3450356,-1.5648777,-1.5463982,-1.2669922,-0.9105301,-0.57905495,-0.39257413,-0.81242716,-1.287149,-1.5975965,-1.7136636,-1.5458062,-1.6235516,-2.0184937,-2.2925172,-2.4345448,-2.5283823,-2.6984243,-2.6079028,-2.2759418,-2.1014395,-2.1165702,-1.959547,-1.7392244,-1.442071,-0.60179365,0.14032736,-0.14831364,-0.9458843,-1.4482982,-1.4745017,-1.4846883,-1.5749879,-1.614712,-1.5503135,-1.5625598,-1.6886698,-1.8887107,-1.8335302,-1.8468876,-1.881258,-1.8844912,-2.0315063,-2.3284013,-2.5222754,-2.2792146,-2.152659,-1.8428555,-1.6404593,-1.6492715,-1.6254478,-1.5989609,-1.6254756,-1.5467036,-1.4780672,-1.5351493,-1.814578,-1.9456214,-2.07268,-2.118383,-1.9237361,-1.6755016,-1.462356,-1.4235456,-1.3860755,-1.3488443,-1.3389521,-1.4066368,-1.4374009,-1.4279085,-1.4455144,-1.5531951,-1.7237072,-1.8812914,-1.7457682,-1.2762289,-0.8697225,-0.89231205,-1.0223286,-1.06527,-1.1103339,-1.68191,-1.6829039,-1.6828855,-1.6829339,-1.682924
-2.6116605,-2.6048894,-2.5416858,-2.4682186,-2.4237995,-2.2640815,-2.1666,-2.084865,-2.054788,-2.108848,-2.4838235,-2.221561,-1.6703053,-1.1526513,-1.030921,-1.2203691,-1.2000005,-1.6339729,-1.9525657,-2.0211964,-2.2522922,-2.452102,-2.5875201,-2.6653123,-2.6505916,-2.6183085,-2.723912,-2.8360848,-2.9504437,-2.9150083,-2.8254042,-2.773137,-2.7937112,-2.8439574,-2.84619,-2.774362,-2.825462,-2.807602,-2.7762558,-2.7345963,-2.7062776,-2.6532922,-2.6252577,-2.5539405,-2.539868,-2.3679342,-2.3481395,-2.6395478,-3.0556731,-3.0496883,-2.9389007,-2.9187133,-2.8042865,-2.8506174,-2.7488165,-2.3941946,-2.0992215,-1.9496578,-1.8222629,-1.8206851,-1.6801289,-1.5700185,-1.3409629,-1.1658101,-1.6706152,-1.9056602,-1.9448838,-1.9484923,-1.8809144,-1.7687739,-1.6969157,-1.5803292,-1.507313,-1.4951077,-1.5006244,-1.6714367,-1.8801961,-2.1043768,-2.2778401,-2.5820322,-2.8624372,-2.964912,-2.9901404,-2.9940977,-2.9794846,-2.9090784,-2.8214931,-2.7536807,-2.6844263,-2.6047242,-2.5097177,-2.378491,-2.160411,-1.6574131,-0.93799216,-0.6938546,0.17732605,-0.4930364,-1.3795142,-1.2312925,-1.5064652,-1.8159547,-1.8867949,-1.8937726,-1.9688855,-2.121077,-1.8827922,-1.3450272,-1.1603433,-1.1789098,-0.94688094,-0.37428206,-0.13442713,0.124028474,-0.08727935,-0.5534124,-1.0543151,-1.2632596,-1.2512329,-1.2653804,-1.2125652,-1.1484485,-0.9925921,-0.87140864,-0.7646096,-0.31036443,0.51063174,0.8860409,1.1180837,1.6695807,1.5030246,0.8203565,0.022984818,-0.6751233,-1.2462319,-1.5606005,-1.7033966,-1.7805212,-1.8125362,-1.8796961,-1.9869258,-2.2170267,-2.3401985,-2.5449562,-2.1328743,-2.2042432,-2.5008204,-2.6401455,-2.3246953,-1.6653144,-0.29839724,0.59930223,0.623963,0.6192199,0.56575394,0.18262768,-0.2098701,-0.4888997,-0.46339315,0.029155403,0.040899903,-0.20184916,-0.40722328,-0.5260339,-0.68404466,-0.95150036,-1.4391309,-1.8950732,-2.2150931,-2.5721028,-2.9332917,-2.7001297,-2.651363,-3.3475816,-3.8020854,-3.7578106,-4.024102,-4.5338717,-4.520589,-4.299529,-4.011418,-3.5683348,-2.858141,-2.6043673,-2.7128332,-2.685723,-2.8123426,-2.9583266,-2.977479,-2.793702,-2.6559875,-3.1491373,-3.3035138,-3.07552,-1.5961484,-0.33227065,-0.60619426,-1.644804,-2.4831338,-2.9862483,-2.7835417,-2.4769182,-2.1619098,-1.8486722,-1.172786,0.07256354,1.2558626,1.29912,1.6971934,2.5858188,3.4476557,3.6103163,3.5899363,3.6222055,3.638927,3.473299,2.9776652,2.4397426,1.930156,1.3450873,0.5988973,-0.21137246,-0.7410437,-1.1118276,-1.2930292,-1.2431557,-1.0454311,-0.7456196,-0.38181686,-0.1459755,-0.06922659,-0.16025157,-0.32317314,-0.5533385,-0.9482367,-1.5243256,-1.9809483,-2.4987724,-2.663203,-2.5039203,-2.4445958,-2.5601652,-2.4599078,-2.5864544,-2.5374517,-2.4855566,-2.41252,-2.3898811,-2.2571034,-2.0779607,-1.8318541,-1.7658017,-1.8783753,-2.2220366,-2.258962,-2.5553007,-2.5567436,-2.2663164,-1.9937828,-1.876365,-1.7860053,-1.752178,-1.6985774,-1.6569757,-1.6329123,-1.6240376,-1.601927,-1.5979171,-1.5842485,-1.5354209,-1.4409378,-1.1580892,-0.77749825,-0.48558897,-0.62446517,-1.0423756,-1.01808,-0.6873212,-0.68052644,-0.7278756,-0.8125641,-0.7920475,-0.7305202,-0.6193776,-0.4384477,0.017742187,-0.013164431,-0.021377102,-0.770574,-2.209663,-2.5278833,-2.6786082,-3.020948,-2.9300835,-2.5250933,-1.7958374,-0.82848793,-0.93352056,-1.4952939,-1.7856959,-1.9140968,-2.3730497,-3.2555487,-3.1976306,-2.7915022,-2.549658,-2.3991292,-2.3427296,-2.3630266,-2.4951663,-2.7364855,-2.715444,-2.5754633,-2.6728482,-3.0671203,-3.1546912,-3.3008618,-2.148302,-0.71671236,-0.45758647,-1.227479,-1.9332367,-2.7349985,-2.7131093,-2.499546,-2.2912245,-2.1073596,-1.9912988,-2.0351663,-2.119068,-2.390934,-2.792155,-3.465221,-3.2053041,-2.9181094,-3.011733,-3.098899,-3.0466578,-2.757989,-2.4630249,-2.4518282,-2.376699,-2.406367,-2.572333,-2.7795258,-3.0599787,-3.0404863,-2.4470627,-2.1097286,-1.9359167,-1.7662072,-1.7826183,-1.7354145,-1.8007238,-1.9291892,-2.002955,-2.0117598,-2.121691,-2.2571182,-2.3104813,-2.335173,-2.3413587,-2.36173,-2.5672476,-2.7902298,-3.5286565,-3.8965898,-3.6836014,-3.358245,-2.6343987,-2.1029668,-2.5149798,-2.80802,-3.0552845,-3.086985,-2.7910364,-2.4083986,-2.0072236,-1.2135636,0.29983193,2.4420502,5.2547584,7.0134687,7.5488477,8.2430315,8.88594,9.898381,10.493166,10.702679,10.479537,9.880632,8.66378,6.8043694,4.441301,3.091349,2.2879615,1.4883199,0.6334796,-0.11688282,-0.37869322,-0.502679,-0.55284804,-0.50866693,0.009760708,0.37281364,0.40107158,0.5741819,0.4173755,0.106325254,-0.016112491,-0.5393904,-1.5010493,-1.9633954,-1.8093758,-1.1420336,-1.0483359,-1.3603204,-1.5780134,-2.1248028,-2.7779846,-2.8005753,-2.3056462,-1.8128636,-1.7665156,-1.8243142,-1.9511763,-2.0231357,-2.3019986,-2.6327412,-3.0145073,-3.7525344,-4.018505,-4.178069,-3.9889004,-3.8212934,-3.7685237,-3.7079058,-3.702926,-3.6528368,-3.5007596,-3.1574678,-2.4672878,-2.1987047,-2.1794772,-1.8467832,-1.5563791,-1.484303,-1.5820597,-1.5778326,-1.5949836,-1.6337767,-1.6480188,-1.5991195,-1.6131241,-1.6389178,-1.6568305,-1.5593143,-1.5347261,-1.5807953,-1.6042278,-1.7150263,-1.8548989,-1.8595743,-1.7963518,-1.7043653,-1.7607735,-1.4487877,-1.4476498,-1.4476327,-1.4476746,-1.4476298
-2.0067892,-1.8398355,-1.6332946,-1.4770694,-1.5239518,-1.4619439,-1.4515136,-1.3692052,-1.2293943,-0.86362195,-0.059034497,0.07157524,-0.08333616,-0.22666161,-0.1797519,-0.28003725,-0.6266814,-0.7698129,-0.768493,-0.67661625,-0.52185994,-0.21421543,0.26632255,0.6095081,0.7677822,0.39948586,-0.11386084,-0.32752472,-0.5725757,-0.95443726,-1.3452332,-1.4320871,-1.5035219,-1.4998447,-1.4413233,-1.5090876,-1.5326602,-1.5573279,-1.533596,-1.57984,-1.6010252,-1.6375849,-1.6615976,-1.7258193,-2.2066624,-2.4319928,-2.368567,-2.1686568,-1.7675421,-1.3580254,-1.371377,-1.343479,-1.4377782,-1.2330426,-1.1646978,-1.1268842,-1.0636958,-1.0407323,-1.0478053,-0.99378216,-0.9680933,-0.91712797,-1.1653513,-1.7336818,-2.0113645,-1.9062835,-1.6536902,-1.4417439,-1.2661426,-1.1354954,-1.054362,-0.91428936,-0.80489653,-0.81547344,-0.79310143,-0.7401613,-0.6459722,-0.5299425,-0.32676122,-0.2712674,-0.30541557,-0.41669416,-0.47498566,-0.51890516,-0.5363336,-0.53660655,-0.5368754,-0.52883244,-0.53055894,-0.4633944,-0.38686618,-0.33448726,-0.31119555,-0.30110237,-0.4841932,-1.0397902,-0.96321666,-0.3330366,0.06731892,-0.54253685,-0.74468327,-0.28119826,-0.14629376,-0.30714735,-0.41425434,-0.2939563,-0.33692655,-0.5994961,-1.1293033,-1.4667857,-1.4594198,-2.128809,-2.1668634,-2.0772047,-1.8999271,-1.519809,-1.3735031,-1.3170626,-1.2210815,-1.2331544,-1.1692326,-1.2591906,-1.2292782,-1.0512884,-0.7830744,-0.37922198,-0.028401136,-0.019323766,0.17987949,0.2647969,-0.05468166,-0.37516487,-0.42990386,-0.330589,-0.21052384,-0.06530291,0.04147324,0.19666225,0.54101515,1.06095,1.6181045,1.6419798,1.2846024,0.92118573,0.84407246,0.6507448,-0.2636347,-1.0268044,-1.2154882,-1.2092094,-1.0518373,-0.93524927,-0.70901966,-0.79532796,-0.58157325,-0.17028347,-0.16903445,-0.4854861,-0.7625064,-0.68135107,-0.14762251,-0.16712092,-0.19253464,-0.20559439,-0.115317404,0.024689317,0.2542189,0.3877287,0.16750163,-0.16737977,-0.19821815,-0.5417208,-1.4034777,-1.5758739,-2.2166011,-2.476674,-2.6638982,-2.0557756,-1.7720627,-1.5524824,-1.266625,-0.8145755,-0.29654926,-0.08579318,-0.3093067,-0.36337584,-0.14908952,0.4802641,0.8453296,0.33862692,-0.50675046,-0.85968804,-0.9979181,-0.9274279,-0.52007365,-0.47534323,-0.3214147,-0.29272488,-0.87240905,-1.3289671,-1.3997862,-1.4401435,-1.5398264,-1.6061363,-1.6300306,-1.5157942,-1.2718991,-0.9315763,-0.53304344,-0.19479653,-0.5912982,-0.89199543,-1.120809,-1.1893715,-1.1867341,-1.0964818,-1.6899043,-2.3761387,-2.8164318,-2.8308263,-1.7831686,0.106466964,2.2621799,4.9993143,7.6458216,9.425781,10.644339,11.574695,12.085047,12.132474,12.213285,12.325758,12.4340515,12.483025,12.361479,11.661015,10.622111,9.027946,6.090894,4.5653086,3.598507,3.0423882,1.9297965,0.30548933,-0.35922772,-0.5456659,-0.7896247,-0.856285,-0.9419619,-0.98983324,-1.0613232,-1.1442572,-0.9981773,-0.44980457,-0.1759764,-0.47828716,-0.7943609,-0.97595745,-1.0036263,-0.8847325,-0.66122234,-0.56311154,-0.656184,-0.6066737,-0.6346306,-0.5330644,-0.41682988,-0.33923456,-0.2959178,-0.22264992,-0.026104495,0.41314963,0.65284413,0.7638934,0.80761373,0.62624,0.16525128,-0.49131805,-0.65718305,-0.5908015,-0.65226567,-0.8998384,-1.25878,-1.5708548,-1.4943645,-1.4909073,-1.7820879,-1.2253921,-1.0177335,-0.35537738,0.04097031,0.10676962,-0.11043841,-0.5641766,-1.4171473,-1.7132919,-0.6997175,-0.521524,-0.68763953,-0.49665436,-0.34833616,-0.38986817,-0.56825227,-1.1183515,-1.0264715,-0.51286304,-0.1480319,-0.3662725,-0.54328394,-0.2612667,0.3067843,0.42084813,-0.22592397,-0.9574437,-1.0991452,-1.2338427,-1.1982464,-0.82848144,-0.66354114,-0.4595209,-0.35315037,-0.67162323,-1.693544,-1.8405213,-1.8655369,-1.8453801,-1.7825552,-1.5997007,-1.5268202,-1.6725447,-1.750905,-1.7413714,-1.1761011,-1.1658473,-1.2894642,-1.1990968,-1.2755473,-1.2401577,-0.7922594,-0.44045153,-0.2991395,-0.8889109,-1.0184575,-0.987396,-0.82952833,-0.7106743,-1.0376607,-1.3246369,-0.7944648,-0.44181368,-0.39036265,-0.32906425,-0.3157557,-0.49697244,-0.9490957,-1.1637282,-0.5834825,-0.5414914,-0.688251,-0.738163,-0.68880236,-0.64961714,-0.7435081,-0.88070273,-0.9178294,-0.7076607,-0.63519526,-0.59407616,-0.2785809,0.43243927,1.5821269,1.70822,2.178235,3.4484663,5.092407,6.97373,8.153111,8.983166,9.905814,10.485018,10.643696,10.033186,8.92325,8.130665,6.6872525,5.447113,2.6981628,1.3650998,1.1894324,1.0785671,0.9469056,0.7769761,0.080443084,-0.47184622,-0.82386565,-0.98858654,-1.1868894,-1.5109735,-1.9197007,-2.0191715,-1.95692,-1.8412211,-1.6617191,-1.5496114,-1.1247529,-0.07142406,0.30992454,0.3935629,0.37474138,-0.049583346,-0.27685317,0.07500529,0.16706946,-0.17675535,-0.06611252,0.35123134,0.26950088,0.07558842,0.118632376,0.08725399,-0.026048765,-0.21463773,-0.8311063,-1.0823653,-1.2394261,-1.2730167,-1.1465727,-1.0570865,-0.7484003,-0.37619564,-0.043302774,0.031013519,0.17435712,0.4433308,0.57675254,0.61944467,0.71322393,0.81127954,0.85807645,0.8877592,0.8177814,0.53177047,0.5041375,0.6272335,0.46799725,0.15005702,0.006725207,0.008316383,-0.04125245,-0.096980326,-0.1528551,-0.08543913,-0.076353624,-0.11174879,-0.08872545,-0.17906606,-0.29215473,-0.4960395,-0.9608747,-1.4538295,-1.7430022,-1.4679215,-1.2815738,-1.2942188,-1.422883,-1.3803751,-0.23637655,-0.23288742,-0.23291872,-0.23284826,-0.23286684
-2.7416148,-2.7348785,-2.7055464,-2.6576326,-2.6033478,-2.5093465,-2.4938416,-2.488086,-2.615025,-2.7197537,-3.2114072,-3.112573,-2.5565038,-2.0682576,-1.899389,-1.6071401,-1.1480618,-1.4321246,-1.7114656,-1.8007175,-2.0544484,-2.3290486,-2.6343856,-2.786478,-2.7962573,-2.5928736,-2.4627137,-2.4244843,-2.465804,-2.5494647,-2.5783722,-2.6156259,-2.6814365,-2.7403271,-2.7841172,-2.766396,-2.7766037,-2.7588587,-2.7336152,-2.7290242,-2.695203,-2.6587844,-2.6894665,-2.7902899,-3.0461977,-3.1956718,-3.2562065,-3.438722,-3.5073733,-3.2717276,-3.1586583,-3.0929122,-3.0135882,-2.9497113,-2.739155,-2.4282594,-2.2623413,-2.2449074,-2.2555153,-2.3101535,-2.2730315,-2.2396998,-2.2103963,-1.9954655,-2.171269,-2.1792688,-2.1359286,-2.078114,-1.9879913,-1.8346126,-1.7309581,-1.6027324,-1.5179732,-1.4481827,-1.4316174,-1.5250974,-1.6704925,-1.8412764,-1.9905863,-2.2621267,-2.532058,-2.633843,-2.6602006,-2.6705494,-2.668921,-2.6108902,-2.5463204,-2.5071878,-2.4500256,-2.402254,-2.3191624,-2.2015877,-2.0039089,-1.4786685,-0.6719357,-0.54512864,-0.34016958,-0.73222065,-1.644279,-1.2877815,-1.3772416,-1.7151446,-1.8342576,-1.9271826,-2.1300972,-2.485141,-2.4487238,-1.7964561,-1.3031052,-1.3981717,-1.488512,-1.8678536,-1.8628588,-2.0502796,-2.5917659,-2.971766,-2.7509623,-2.2052596,-2.1570442,-2.033156,-1.9548773,-1.8158565,-1.5698977,-1.4386729,-1.426661,-1.5587959,-1.2444572,-1.0648435,-1.2823467,-1.0754193,-0.7524358,-0.8093375,-1.0197896,-1.3716106,-1.9126904,-2.3969886,-2.7246022,-3.1687243,-3.504931,-3.73576,-3.8106472,-3.6020536,-3.1228375,-2.4641376,-1.7940869,-1.5792813,-1.7119571,-2.1159067,-2.397655,-2.259252,-1.5195675,-0.88223124,-1.0694964,-1.2028155,-1.2575719,-1.4856138,-1.631622,-1.5224987,-1.0200014,-0.53349155,-0.8189008,-0.9733756,-1.0884992,-1.1473387,-1.2163951,-1.381643,-1.6043582,-1.6697135,-1.5551443,-1.7219222,-2.3363106,-2.399757,-2.2555192,-2.646305,-3.030135,-2.7992535,-2.8863707,-3.6033401,-3.7385726,-3.6789675,-3.696549,-3.5262442,-3.129688,-2.9305527,-2.8577278,-2.6885383,-2.776363,-2.875196,-2.7376204,-2.4216,-2.445374,-2.9947128,-2.952036,-2.128605,-0.6457238,0.24540684,-0.06750506,-1.2557242,-2.0900352,-2.497106,-2.2739904,-1.9266362,-1.5609407,-1.2111044,-0.17125824,2.6899476,6.120491,7.4611206,8.104232,8.967708,10.139387,10.613787,10.68273,10.732044,10.71298,10.645819,10.372638,9.69278,8.513604,6.9252663,4.353873,1.5139843,-0.10427217,-1.1089108,-1.6503024,-1.6983538,-1.6310389,-1.671411,-1.7453476,-1.738939,-1.7038672,-1.6780826,-1.6620498,-1.6971595,-1.7991242,-1.9519835,-2.2416196,-3.061972,-3.5305872,-3.3834393,-3.228157,-3.1312354,-2.8859158,-2.3899522,-1.9357358,-1.8339694,-1.7088698,-1.6340868,-1.5483902,-1.4408998,-1.2802291,-1.2859946,-1.4744884,-2.1053042,-2.428524,-2.5332031,-2.3542564,-2.0165422,-1.7365346,-1.6213219,-1.526701,-1.4714329,-1.4087367,-1.3827975,-1.3661048,-1.347247,-1.3321292,-1.345278,-1.3321049,-1.3034048,-1.2434936,-0.9597573,-0.49242198,-0.071786016,-0.1181894,-0.53083444,-0.55277103,-0.2823801,-0.31933254,-0.4370095,-0.48211354,-0.5413566,-0.73166955,-1.0750304,-1.2061837,-1.1063884,-1.1141071,-1.0155137,-1.3092477,-1.873128,-2.0929112,-2.145008,-2.365851,-2.3456473,-2.4689965,-2.5972748,-2.3454752,-1.8644806,-1.5969661,-1.6175435,-1.7139627,-1.9754372,-2.1380856,-1.9548954,-2.4480019,-2.5972443,-2.6137466,-2.4699113,-2.3306923,-2.51552,-2.7079635,-2.5489585,-2.2415526,-2.427953,-2.7868538,-2.7668414,-2.3919258,-1.0062562,-0.10853797,0.113764524,-0.6247102,-1.4514016,-2.0486736,-2.0530996,-1.8835839,-1.7636031,-1.7123623,-1.7889352,-1.9783413,-2.032114,-2.2065926,-2.3944373,-2.7924874,-2.6298292,-2.301444,-2.4351916,-2.4978719,-2.509616,-2.5284297,-2.3878875,-2.3494515,-1.902112,-1.8342674,-2.0024905,-2.24063,-2.4627583,-2.705698,-2.84389,-2.9979353,-2.77349,-2.4288673,-2.2485094,-2.0514998,-1.8151181,-1.4712822,-1.1813577,-1.1405537,-1.2577518,-1.3490319,-1.3361559,-1.3747768,-1.4446628,-1.4457104,-1.5948372,-1.7847288,-2.5729685,-2.9700947,-2.792325,-2.8898737,-3.055223,-3.241376,-3.2286747,-2.888714,-2.7271376,-2.694473,-2.6717098,-2.5933733,-2.486833,-2.2699146,-1.9977987,-1.6271579,-0.9435865,-0.5573642,-0.50836617,-0.29404894,-0.06293344,0.35417014,0.4521275,0.113874115,-0.19466542,-0.35702735,-0.28413033,-0.2851073,-0.6181361,-0.86743027,-0.87479514,-0.7968067,-0.9091402,-1.2045014,-1.3168921,-1.2951367,-1.1336861,-0.73683155,0.19857651,0.24219939,-0.102783486,-0.04567309,-0.1501989,-0.50611407,-0.7301412,-1.1705856,-1.971911,-2.2879407,-2.3902347,-2.252773,-2.4245777,-2.4930344,-2.3794155,-2.5298607,-2.6443558,-2.1645143,-1.3423092,-0.75858396,-0.7409191,-0.8446972,-0.95242417,-1.0719523,-1.3688756,-1.8893075,-2.4555774,-3.3936,-3.5606363,-3.7143154,-3.6938505,-3.6378202,-3.6218948,-3.5972824,-3.5839374,-3.4990711,-3.310299,-2.871622,-2.0104966,-1.6841048,-1.6564976,-1.2617625,-1.0217714,-0.93166757,-1.0079839,-0.96338373,-0.94179296,-0.9854342,-1.0200347,-0.979667,-0.96542853,-0.9827903,-1.0178128,-1.06045,-1.1537615,-1.3484594,-1.5832607,-1.8272451,-2.03177,-1.9727156,-1.8363595,-1.6103772,-1.6903113,-2.07139,-2.0727458,-2.0727139,-2.0728192,-2.0727525
-3.8169813,-3.7268507,-3.628365,-3.509486,-3.4924908,-3.4938128,-3.6023645,-3.6473298,-3.7197719,-3.7098174,-3.5593328,-3.1719491,-2.76508,-2.4284575,-2.1787424,-2.0118508,-1.9215808,-1.8742964,-1.8371713,-1.8591251,-1.9301419,-1.9662973,-2.0164003,-2.0375695,-2.1059465,-2.2361853,-2.2245495,-2.1046317,-2.3100653,-3.0284054,-3.3033996,-3.3285656,-3.3686209,-3.4217424,-3.4063427,-3.3907986,-3.388343,-3.3821635,-3.3359056,-3.3226407,-3.283419,-3.294017,-3.4038343,-3.6574113,-4.2176213,-4.4380918,-4.450162,-4.3854203,-4.191544,-3.6555338,-3.3322892,-3.1238997,-3.0606315,-3.2148383,-3.4103122,-3.4761934,-3.5048604,-3.5291543,-3.445108,-3.2593353,-2.9840722,-2.5743294,-2.5621538,-3.0266206,-3.31878,-3.0883758,-2.9664876,-2.9498117,-2.9545455,-2.9964027,-3.0698388,-3.2155914,-3.2705274,-3.2657952,-3.1951444,-3.0776877,-3.0043526,-2.977602,-2.9977303,-2.9691534,-2.956589,-2.9161484,-2.8976426,-2.9145403,-2.922244,-2.9068007,-2.8819227,-2.8732834,-2.8607845,-2.895379,-2.9540458,-3.0763988,-3.2365527,-3.270474,-3.1125166,-2.842565,-3.0892243,-3.1540542,-3.471764,-3.267552,-2.7684784,-2.9775653,-3.1094213,-3.2570055,-3.4461012,-3.5796552,-3.7290387,-3.9346607,-4.2540274,-4.6076813,-4.681466,-4.8150043,-4.7583976,-4.791342,-5.1997128,-5.373617,-4.946462,-4.3099546,-4.14732,-4.066251,-3.9419074,-3.8702095,-3.7468264,-3.7749116,-3.663506,-3.326587,-2.6768527,-2.3774579,-2.294356,-2.1279182,-1.8512933,-1.6810688,-1.3050208,-1.0048769,-0.916391,-0.9911165,-1.0376881,-1.0345786,-1.1901784,-1.3831503,-1.6183708,-1.8924136,-1.8312901,-1.4792826,-2.3421102,-2.8114295,-3.625151,-3.9261198,-4.2454133,-4.387853,-4.5752177,-4.113077,-3.6797252,-3.6728413,-3.2817292,-3.3256605,-3.465904,-3.5948207,-3.5757031,-4.226244,-5.0786195,-5.4471817,-5.6518865,-5.75266,-5.7683907,-5.7983093,-5.812393,-5.753215,-5.50892,-5.2456484,-4.7164106,-4.20361,-4.129182,-3.976834,-3.9124072,-3.8553157,-3.6792586,-3.7442207,-3.9234476,-4.0283985,-4.0486565,-3.7965593,-3.34454,-3.1462245,-3.1228213,-3.0391536,-2.9808397,-2.7812798,-2.4344218,-2.244088,-2.4716573,-2.652134,-2.851518,-3.0858717,-2.6304893,-2.7858744,-2.8014667,-3.117817,-3.3704808,-3.2586284,-2.9178188,-2.7242846,-2.5760813,-2.4612374,-2.319244,-2.102759,-1.7424434,-1.6361561,-1.6720049,-1.5455406,-1.3788526,-1.1798513,-1.143347,-1.1003674,-1.1048874,-1.0571764,-1.3273404,-1.6520014,-1.8806758,-2.144415,-2.2229366,-2.1962674,-2.111438,-2.0144405,-1.9707141,-1.905959,-1.8295468,-1.7996178,-1.6972394,-1.6283358,-1.5301976,-1.3425103,-1.2474135,-1.2371974,-1.2710941,-1.4844071,-1.9620743,-2.3856072,-3.1673098,-3.5839968,-3.8276525,-3.8753996,-3.418225,-3.3253145,-3.1772277,-3.0071833,-2.9276383,-2.8488595,-2.8356874,-2.8225632,-2.772107,-2.7915,-2.7877743,-2.6866198,-2.6791158,-2.7804306,-2.6791532,-2.3201547,-2.188798,-2.0952377,-1.9891484,-1.9339672,-1.9157797,-1.8911511,-1.8719468,-1.8224593,-1.7983449,-1.7910209,-1.7885133,-1.7822617,-1.7642641,-1.6519421,-1.4238197,-1.0333484,-0.88595843,-1.1406662,-1.5709383,-1.913924,-2.0500798,-2.0496788,-2.0766354,-2.3042986,-2.5606375,-2.889644,-3.000566,-2.9359918,-3.0066254,-2.8786058,-3.1957116,-3.4406195,-3.5121565,-3.4113698,-3.5428653,-3.709124,-3.5451837,-3.2919009,-3.1619225,-3.3159695,-3.129065,-2.8705087,-2.811721,-2.8972106,-3.1139016,-3.5640898,-3.5172243,-3.0903764,-2.9958453,-2.9328837,-2.8998318,-2.9028735,-2.7351413,-2.5598567,-2.527627,-2.792863,-2.814758,-2.9654093,-3.1136513,-2.557303,-2.667314,-2.8326297,-2.9060516,-3.1126258,-2.9832706,-2.7749465,-2.6332307,-2.5652652,-2.520043,-2.5458655,-2.6474934,-2.6853237,-2.781456,-2.5842624,-2.2592165,-2.7588532,-3.1307197,-3.2058437,-3.2355292,-3.1543798,-2.89089,-2.5564604,-2.4117498,-2.2766361,-2.2869105,-2.3318012,-2.3466072,-2.376749,-2.5738044,-3.0009446,-3.1612625,-2.9590096,-2.8576436,-2.8426802,-2.8830643,-2.9343705,-2.8670616,-2.1971178,-1.2048436,-1.2504998,-1.5427121,-1.8471336,-2.0447516,-2.2337327,-2.3356411,-2.6067684,-2.8731222,-3.565238,-4.0762277,-3.6738162,-2.8592098,-2.5808551,-2.69142,-2.6450357,-1.971242,-1.2606089,-0.65247345,-0.26294023,-0.2920954,-0.42454454,-0.86871225,-1.4409711,-1.9493413,-2.3261275,-2.409227,-2.4406478,-2.534987,-2.4858897,-2.4049983,-2.2891662,-2.114929,-1.8801212,-1.6395319,-1.160016,-0.9438972,-0.7959629,-0.6795848,-0.7846976,-1.0676556,-1.5954691,-1.9391125,-1.954396,-1.8971115,-1.7751589,-1.6650358,-1.4072735,-1.4041165,-1.6627039,-2.0109758,-2.4106393,-2.8033636,-2.8725803,-2.4959683,-2.416185,-2.6602364,-2.9156199,-2.8528605,-2.9040089,-2.929021,-2.9648993,-2.9638796,-2.7148173,-2.215616,-1.9818993,-2.3638124,-2.6137016,-2.645392,-2.6366313,-2.6494343,-2.8510034,-3.2313333,-3.5774732,-3.907524,-3.9805844,-3.8851838,-3.6208506,-3.5862565,-3.5783439,-3.6067715,-3.659511,-3.5908463,-3.3834057,-3.179388,-3.0110707,-2.8611932,-2.9001286,-2.7971148,-2.6665773,-2.523024,-2.424173,-2.385879,-2.3619187,-2.3607035,-2.3493347,-2.3632631,-2.4001513,-2.426085,-2.504147,-2.6091902,-2.826833,-3.210995,-3.4194946,-3.3831325,-3.3883364,-3.650711,-3.7494664,-3.790432,-3.816582,-4.979044,-4.978652,-4.978628,-4.978693,-4.9786525
-1.9346163,-1.9525883,-1.9808186,-1.9389219,-1.895221,-1.8197399,-1.8444062,-1.8913647,-2.0634959,-1.9679348,-2.2108135,-2.517676,-2.4328048,-2.346243,-2.3584905,-2.2670407,-1.9591446,-2.1625395,-2.252095,-2.3076835,-2.4438705,-2.6554787,-2.9968064,-3.2907135,-3.516577,-3.2856674,-2.419125,-1.438291,-0.51417387,0.6180781,1.0166333,0.96953315,0.86751103,0.804344,0.7289671,0.6503494,0.66508615,0.6460079,0.6353545,0.55241156,0.5266097,0.4933524,0.43175313,0.2556462,-0.119889714,-0.49795333,-0.68715453,-0.86599576,-1.0041246,-0.7905346,-0.5157883,-0.3612813,-0.34240744,-0.61947584,-0.9929869,-1.0802546,-1.0258088,-1.0026901,-0.95095253,-0.84114397,-0.68527544,-0.5649284,-0.65713996,-1.1243207,-1.6524352,-1.7232115,-1.698322,-1.6991552,-1.6894691,-1.6084287,-1.5562156,-1.4542692,-1.3399729,-1.1261429,-0.9472386,-0.7917951,-0.8367905,-0.95233154,-1.0907406,-1.4095327,-1.7602063,-1.9448764,-2.0403535,-2.1364462,-2.2020414,-2.2411897,-2.2610664,-2.2722123,-2.2778032,-2.2997937,-2.333313,-2.3737636,-2.4368203,-2.3629334,-2.0083442,-1.9855443,-2.5477579,-2.8900354,-3.7582781,-3.5632362,-3.595075,-3.529377,-3.4859304,-3.4894087,-3.6074429,-3.879994,-4.0312963,-3.8094316,-3.69806,-3.8599713,-3.9731765,-4.194996,-4.208504,-4.0591435,-3.8620577,-3.2150226,-2.3633566,-1.9118762,-1.9066336,-1.8706725,-1.9203095,-1.9199698,-1.9601371,-2.0044298,-2.1159303,-2.3711658,-2.2771313,-2.1100307,-2.2336268,-1.7685766,-1.3662162,-1.5201025,-1.7640122,-1.9671267,-1.9974296,-1.9260252,-1.8231366,-1.6835884,-1.6954774,-1.8393929,-2.1086311,-2.1045282,-1.7792864,-1.8751937,-2.6701677,-2.713986,-2.6223469,-2.72379,-3.0069704,-3.3938687,-3.3961506,-2.9623344,-2.9675364,-2.7320275,-2.3766217,-2.007258,-1.7350367,-0.93636525,-0.052383274,0.333457,-0.18339568,-0.22322005,-0.22506449,-0.23333246,-0.28632307,-0.48321557,-0.76376235,-0.7498427,-0.4600307,-0.41552484,-1.3744669,-2.2249496,-2.3537772,-2.2556288,-2.1983109,-2.0992384,-2.0199351,-2.1546662,-2.3564749,-2.432391,-2.6118155,-2.930776,-3.160482,-3.2172596,-3.330965,-3.3135924,-3.3666494,-3.5128622,-3.488378,-3.1907754,-3.0626495,-3.3916564,-3.497909,-3.258892,-3.318944,-3.080062,-3.2074368,-3.2862144,-3.0097036,-3.0209208,-2.909233,-2.766274,-2.643713,-2.5836456,-2.5568216,-2.4763808,-2.052247,-2.0524583,-2.3733814,-2.4072583,-1.7657896,-1.3240299,-1.1452682,-1.1214435,-1.3075167,-1.6833597,-1.854366,-1.5032773,-1.045704,-0.76068914,-0.9982534,-1.4183531,-1.9148766,-2.2259586,-2.172663,-1.8065829,-1.5062642,-1.4721308,-1.4687719,-1.5247035,-1.5256127,-1.5003577,-1.5057983,-1.5616862,-1.6263828,-1.6547475,-1.7431543,-2.2561636,-2.740894,-2.55575,-2.2930021,-1.6595215,-1.1729755,0.074644804,1.1014256,1.4150078,1.4978912,1.5832283,1.4984899,1.3597112,1.3057625,1.2512739,1.1012542,0.6907091,0.3062204,-0.03691992,-1.110528,-1.487803,-1.5277827,-1.4842145,-1.4838647,-1.5132405,-1.4402502,-1.4213016,-1.4285259,-1.4878123,-1.5416737,-1.5896965,-1.6744852,-1.8282932,-1.9596117,-1.9636288,-1.683008,-1.2380965,-1.1730824,-1.3354769,-0.9717072,-0.5680511,-0.52158505,-0.57441354,-0.6698782,-1.0277076,-1.4874933,-2.189783,-2.4970124,-2.5436656,-2.5106664,-2.418261,-2.6661775,-3.316028,-3.304103,-3.2580085,-3.088627,-2.6296182,-2.38486,-2.774706,-2.768286,-2.4414454,-2.5892215,-3.0123117,-3.210011,-3.2225041,-3.0735283,-2.7792723,-2.711525,-3.0871542,-3.1463563,-3.2516863,-3.2805996,-3.403878,-3.5572848,-3.524876,-3.1857219,-3.1362414,-3.349866,-3.3623853,-3.150566,-3.0016518,-3.159503,-3.030416,-3.21042,-2.667748,-2.433854,-2.3838878,-2.1545544,-1.9424491,-1.7571534,-1.7249849,-1.8550835,-1.900249,-2.0321817,-1.7813971,-2.1608224,-2.6485834,-2.367013,-2.4785147,-2.5176191,-2.6652267,-2.977942,-2.9714289,-2.9719243,-3.0282953,-3.1660538,-3.3024745,-3.329307,-3.1111999,-2.5912287,-2.1876955,-2.3924203,-2.388633,-2.2947063,-2.2936587,-2.3078165,-1.9895692,-1.1061605,-0.03558497,0.41707087,0.5272994,0.80317384,1.1500392,1.3043344,1.1939108,1.0532072,0.8010202,0.48614883,-0.45554486,-0.9071985,-1.6090438,-2.2421534,-2.8963766,-3.4947758,-3.4616537,-3.317214,-3.475174,-3.7366028,-3.8911777,-3.7431579,-3.5819092,-3.2637117,-2.9275918,-2.635498,-2.3667748,-2.7477221,-3.0969954,-3.555713,-3.9893303,-4.5272174,-4.587661,-4.6937833,-4.5550766,-4.060562,-3.181097,-2.6170425,-2.373314,-2.3183937,-2.139304,-2.0237508,-2.089969,-2.3774753,-2.6171513,-2.7864444,-3.0092244,-3.3230066,-3.4753203,-3.762538,-4.0668526,-3.7757323,-3.6045249,-3.5198722,-3.4094381,-3.5879686,-4.094535,-4.0556574,-3.513268,-3.1332903,-3.1471152,-3.136518,-2.999481,-2.7216592,-2.220182,-1.6689851,-0.8387529,0.36504823,0.9306419,1.1231883,1.0610516,0.9525298,0.66383,0.113907695,-0.42015937,-1.2964209,-1.4531329,-2.1020172,-3.0843742,-3.443935,-3.52754,-3.5971549,-3.5926483,-3.5541673,-3.4651406,-3.1063938,-2.5530272,-2.464004,-2.3053215,-1.6694173,-1.2867526,-1.1321034,-1.0090308,-0.9664792,-0.9673535,-1.0074333,-1.0829263,-1.0928893,-1.1737883,-1.2410594,-1.3353994,-1.5093343,-1.7308342,-1.9208257,-1.8891718,-1.8511966,-2.1049325,-2.3437006,-2.2478023,-2.1103346,-2.1086087,-1.1338882,-1.1331031,-1.1330996,-1.1331165,-1.1330935
-1.1252837,-1.2523799,-1.3948268,-1.4453106,-1.4347166,-1.2991389,-1.119553,-0.9999945,-1.050746,-1.3574187,-1.2570329,-0.31121,0.3458119,0.68970966,0.4668517,0.10752851,0.22745764,-0.16281676,-0.52873135,-0.60881466,-0.8281097,-0.99536896,-1.0791814,-1.0310466,-0.8303448,-0.691375,-0.82821167,-0.9681928,-0.735191,-0.52163494,-0.9938445,-1.2215482,-1.3613555,-1.34612,-1.3960279,-1.3956449,-1.4835312,-1.5068545,-1.5804794,-1.5925834,-1.5928755,-1.5608196,-1.5548669,-1.4875801,-1.2760183,-1.1969403,-1.2820264,-1.4828043,-1.4418274,-0.9951755,-0.85832363,-0.73837817,-0.61711943,-0.2036634,0.54415524,1.006851,1.0188737,1.0112531,0.9291874,0.7918795,0.7132642,0.5241654,0.35268375,0.33201456,-0.10965419,-0.3712631,-0.3684066,-0.23574391,-0.03667718,0.24634762,0.44150352,0.71238554,0.8791925,0.82058895,0.5679911,-0.004803963,-0.45596027,-0.83731043,-0.99926955,-1.3074832,-1.4383161,-1.4380708,-1.4002693,-1.3240135,-1.2423813,-1.1224291,-1.0029378,-0.92606884,-0.805158,-0.6496702,-0.3533754,0.162005,1.1560509,3.393612,6.6622114,10.2735815,12.577512,12.558979,11.119621,8.05558,3.7607965,1.9324849,1.4844713,1.3812461,1.3488963,1.5036459,2.765433,5.8566227,9.202611,10.625055,10.860258,10.340896,10.333702,10.076163,9.073307,7.195963,4.187135,1.8125815,1.2214043,0.88023776,0.4952949,0.19589898,-0.16080326,-0.51467764,-0.45105264,-0.08631709,0.7104384,0.88319445,0.8469393,0.68058634,0.2699489,0.06447038,-0.11703083,-0.37153253,-0.6091986,-0.7688553,-0.9090049,-1.1299419,-1.2095646,-1.1432383,-0.69257295,0.0710109,0.46138716,0.998126,1.2171404,1.0784271,0.5494616,0.20353866,0.2829442,0.77131045,1.5152941,1.1690598,-0.12156859,-0.18782583,0.13683447,-0.022965968,0.14464739,0.26298937,0.23059848,0.29419768,0.20590785,0.36209196,0.472547,0.5408113,0.5178808,0.4666997,0.48652717,0.54321396,0.5596589,0.51052576,-0.07460222,-0.22530279,0.45501077,0.39134336,-0.36850154,-0.22189176,-0.15495585,-0.50562465,-0.45925263,-0.24986689,0.00677031,0.36214423,0.69731987,0.8410855,0.9065616,0.771129,0.41615933,-0.15969971,-0.8202108,-1.2258795,-1.4393872,-1.7195537,-1.1590083,0.71502125,2.4072266,3.5645099,3.5109718,2.7713308,1.9770881,1.288496,0.9797165,0.8565226,0.77067,0.66907704,0.69161147,0.6043177,0.81886375,0.795831,1.0817131,1.624007,2.261781,2.5341606,2.5822265,2.6128318,2.507721,2.1332572,1.398711,0.87420326,0.5707573,0.30240798,-0.27527255,-0.94399947,-1.2450341,-1.4177842,-1.4311345,-1.5084903,-1.5687565,-1.4567968,-1.2889209,-1.1928672,-1.1729308,-1.2397964,-1.2816547,-1.2976066,-1.3185692,-1.2094959,-1.0319676,-1.0193006,-0.8303602,-0.8245925,-0.9551722,-1.7083008,-1.7453866,-1.4198623,-1.4373956,-1.4022362,-1.4055442,-1.405041,-1.2883906,-1.1121333,-0.9104786,-0.78550714,-0.63220775,-0.4284542,-0.41392463,-0.4464727,-0.1367934,0.07176483,0.40602684,0.52507365,0.6011901,0.58593124,0.5369386,0.5024774,0.490381,0.46702904,0.44399998,0.42176458,0.42560786,0.43829763,0.49897596,0.83579904,1.3274738,1.6829237,1.6675835,1.9960744,2.437908,2.729409,2.447397,2.0844083,1.9471602,2.1558566,2.3620155,2.0907214,1.2584311,0.16315131,-0.18295184,-0.29373342,-0.033526137,-0.10376338,0.058588892,0.012324415,0.08867517,0.37127575,0.2376222,1.4252765,4.969073,8.409784,10.509452,11.393221,11.459719,10.935101,9.430333,7.148488,3.26501,1.6339796,1.5022559,1.5454912,1.3002055,0.8704774,0.07632352,-0.47281164,-0.9617781,-1.2671402,-1.5395175,-1.2656565,0.19538984,2.1462827,3.0647368,3.3140364,3.0273814,2.4346912,1.5244224,1.0886762,0.9477597,0.83408344,0.64857507,0.4219548,0.2712109,0.25993773,0.41228577,0.076027654,-0.16561262,0.6059445,0.6113004,0.34925982,0.29194766,0.5859034,1.1040721,1.3086741,1.4314433,1.6639056,1.5544024,1.2031721,0.91458917,0.67406535,0.12013146,-0.6003342,-1.2238305,-1.335307,-1.109935,-0.77289104,-0.35307756,-0.14264366,-0.5839983,-1.863237,-2.513039,-1.9233952,-1.1969606,-0.6038183,-0.4888585,-0.38495612,-0.401649,-0.4726048,-0.612546,-1.4141167,-1.6087561,-1.2057302,-0.98634154,-0.289163,0.9402735,0.68064094,0.55650103,0.42698544,-0.2606214,-1.1042464,-1.5202992,-1.5676655,-1.1878006,-0.53240347,0.20413591,1.0226746,1.1080395,1.1533033,1.4342737,1.5930046,1.9205084,1.985044,1.6338586,1.3416257,1.0299187,0.37150663,-0.0045521334,-0.11947329,0.058031023,0.5158903,0.9294007,1.2231139,1.3523254,1.2074251,1.0376213,0.87798977,0.96328616,1.2365346,2.1373272,3.6315627,4.3668203,4.352084,3.5093234,2.3444183,0.89666784,-0.20467958,-0.4121711,-0.5457056,-0.5688231,0.5605117,1.6998847,2.0658498,1.1549141,-0.21822,-0.72453606,-0.21653429,0.34300688,0.10948304,-0.20315579,-0.32390007,-0.31449884,-0.25198677,-0.20659487,-0.38364854,-1.1095935,-1.5193226,-1.8544548,-1.6846143,-1.4709326,-1.428813,-1.3621973,-1.3066132,-1.3361335,-1.3170073,-1.1483139,-0.7362639,-0.4799425,-0.059735015,0.8157578,1.2233413,1.0858982,0.75129664,0.73918986,0.6702105,0.6009643,0.51616323,0.6188982,0.72498226,0.7513319,0.8461121,0.9939921,1.0932591,1.1201202,0.7837645,0.117594644,-0.50859296,-0.73854256,-0.66780823,-0.7194225,-0.7844477,-0.038607895,-0.036816552,-0.036859497,-0.036765277,-0.036798835
-0.6337575,-0.5536673,-0.5131808,-0.4348917,-0.3963263,-0.4464225,-0.53070337,-0.5874992,-0.5172422,-0.6733792,-0.5919155,-0.53093255,-0.59798807,-0.6525183,-0.7555659,-0.4032563,-0.09834285,0.48550558,0.8644662,0.93301266,1.0316561,1.11144,1.1223733,1.0754199,0.87609005,0.5204979,-0.046107307,-0.6941934,-1.4987607,-2.1798275,-1.9988025,-1.835889,-1.7144437,-1.7205662,-1.6336102,-1.5497037,-1.5347557,-1.4794123,-1.4040296,-1.378442,-1.3605385,-1.3972316,-1.4207273,-1.4873856,-1.6204413,-1.5366656,-1.5487181,-1.4743482,-1.2564077,-1.0923886,-1.1472099,-1.0984952,-0.7204408,-0.4668886,-0.3128966,-0.3662416,-0.40927976,-0.49853128,-0.65824205,-0.818763,-0.7927665,-0.6473339,-0.20615995,0.26941815,0.9750086,1.377151,1.4434253,1.3544451,1.1371069,0.68416846,0.28770304,-0.31907165,-0.69152594,-1.044667,-1.3811188,-1.69034,-1.7780025,-1.7648286,-1.7329187,-1.4514855,-1.0950423,-0.8594214,-0.69568396,-0.53268677,-0.3517919,-0.20568208,-0.07037671,-0.009403437,0.0712944,0.07243076,0.029054195,-0.0398387,-0.14337401,-0.16148174,-0.19274798,-0.20863022,-1.2295952,-0.84387624,-0.4054495,-0.67932355,-0.2086042,-0.17878115,-0.22106402,-0.28018346,-0.34656072,-0.32404715,-0.46972278,-0.9597713,-1.757329,-2.316323,-2.3144689,-1.7651767,-1.7580776,-2.00915,-2.4888315,-3.0957942,-3.359113,-2.868431,-2.6608691,-2.5362096,-2.3145852,-2.157564,-2.0694618,-2.089347,-1.9002066,-1.5239986,-1.6331809,-1.6780115,-1.5688516,-1.327505,-1.0446354,-0.94432974,-0.84523046,-0.752682,-0.3456053,0.14554389,0.60665834,1.349349,1.768919,1.7627834,1.4116955,0.7843044,0.26004952,-0.35397762,-1.7770697,-1.5935086,-1.1684344,-1.1756246,-2.081732,-2.4537416,-3.0593987,-3.230207,-2.790462,-2.4935975,-1.9357191,-1.611731,-1.5480237,-1.2516869,-0.80234957,-0.25165305,0.22284794,0.43691152,0.46179324,0.41292822,0.47929174,0.65633076,0.81331825,0.5991136,0.08860496,-0.6448786,-1.661189,-2.5070956,-2.4999495,-1.8765595,-1.5079639,-1.6275718,-1.7158122,-2.042461,-2.266845,-2.407763,-2.3097115,-1.8645849,-1.2974397,-1.1375763,-1.2578373,-1.3323286,-1.3265276,-1.1758459,-0.96422035,-0.76262534,-0.7095109,-0.1311682,0.12955871,-0.2431072,-1.6007344,-2.4225118,-1.7730108,-0.70338756,-0.36805904,0.3235078,0.8883845,1.033112,1.0356205,0.9585085,0.7128478,0.270867,-0.89124227,-1.2948463,-1.4993393,-1.8383554,-2.2266388,-2.2207534,-2.1939826,-2.2021432,-2.280867,-2.3321996,-2.0437984,-1.6242448,-1.4519812,-1.4890969,-1.1576741,-0.5971604,-0.25918448,0.010130331,0.08697304,-0.24906702,-0.69337016,-1.1076977,-1.46527,-1.4887086,-1.4642988,-1.3408173,-1.2116653,-1.0996283,-0.9217735,-0.6041331,-0.44162375,0.04003173,-0.16069657,-0.8604826,-1.2417037,-1.5141004,-1.6982851,-1.9788251,-1.696994,-1.4233518,-1.3740909,-1.3291361,-1.293019,-1.2788477,-1.3390845,-1.4351399,-1.4894993,-1.4291952,-0.7729972,-0.039168805,0.8298552,1.1117167,0.99692607,0.92338103,0.7799182,0.7242758,0.70142686,0.6119727,0.5779809,0.5500318,0.507303,0.47203454,0.43581355,0.34998623,0.22904383,-0.21258026,-0.7684293,-1.3736639,-1.6415629,-1.4174995,-1.5139469,-1.7132692,-1.6627353,-1.4827654,-1.3220544,-1.2838651,-1.2551125,-1.3203992,-1.3217318,-1.4634707,-1.7232894,-1.6751056,-2.1286635,-1.8239684,-1.6156791,-1.6305662,-1.5655264,-1.7956793,-1.7627113,-2.0813074,-2.6705031,-2.3694768,-1.5998175,-1.2526687,-1.1704745,-1.2880278,-1.5876918,-2.1773777,-2.3048272,-1.6664786,-1.3622772,-1.4384537,-1.4485462,-1.4367243,-1.2085685,-1.0034809,-0.9861188,-0.86266834,-0.21893966,-0.014806703,-0.08921838,-1.1658872,-2.4788244,-2.375911,-1.3832273,-0.76539254,-0.14476515,0.32268757,0.3742083,0.31288362,0.22974327,0.11724478,0.047095455,-0.069640435,-0.6248639,-1.3596722,-1.5055864,-1.7113707,-2.3412313,-2.4002798,-2.3474526,-2.188573,-1.7252997,-1.432673,-1.3543737,-1.4977576,-1.6531051,-1.7691284,-2.031653,-2.5610561,-2.8544772,-2.4574494,-1.525666,-0.9558464,-0.7522813,-0.63822556,-0.60131466,-0.48675704,-0.29492024,0.05268316,-0.13138454,-0.77589285,-1.3105428,-1.5908442,-1.4934356,-1.3949163,-1.3144045,-1.4206041,-1.586299,-1.6103656,-1.8734113,-1.6015444,-1.041292,-1.0597155,-0.9566962,-0.44467264,0.41337296,1.1523347,1.8993635,2.2495756,1.9406561,1.4227419,0.37689358,-0.35160217,-0.92668986,-1.4790618,-1.536994,-1.4437606,-1.3665998,-1.2444143,-1.2727054,-1.242516,-0.9906564,-0.8489791,-0.8618028,-0.65334886,-0.14204109,0.4600013,0.7826124,0.74789697,0.746483,0.86445564,1.2492807,1.6656433,1.9377291,2.0760083,1.8286486,0.8411335,-0.038373917,-0.7844602,-1.3589535,-1.403636,-1.0216343,-0.8529644,-0.283856,0.35053504,0.20103103,-0.606623,-1.6404998,-2.219859,-2.3251214,-2.2128837,-2.052392,-1.8029722,-1.5736513,-1.749291,-2.2500052,-2.1435392,-1.8904524,-1.7487341,-1.7189013,-1.7217139,-1.7025197,-1.4921913,-0.77157277,-0.36542556,0.04611504,0.21367338,0.0627211,0.021705419,-0.11633128,-0.1984618,-0.2511397,-0.33731455,-0.72802967,-1.3290865,-1.3943965,-1.5245006,-1.7602463,-1.8059037,-1.6595232,-1.3922597,-1.2632755,-1.1685965,-1.1206665,-1.1034323,-1.1658297,-1.2121184,-1.2213321,-1.2171516,-1.277185,-1.3619583,-1.3804885,-1.3172077,-1.0652496,-1.3115001,-1.5534823,-1.7044711,-1.5649753,-1.661242,-2.370103,-2.37115,-2.3711035,-2.3712108,-2.3711584
-0.050492518,-0.101892315,-0.15424693,-0.06488606,0.05050867,0.0857168,0.15789026,0.14807063,0.20963979,0.4039541,0.08885499,-0.62649286,-1.0685031,-1.452852,-1.5710622,-1.6886063,-1.6496997,-1.8615407,-1.8641108,-1.8548887,-1.7780614,-1.6670424,-1.4121829,-0.94319665,-0.12659332,1.7096008,5.5140524,8.189866,9.885446,11.606498,11.861953,11.817446,11.762098,11.711716,11.6562195,11.583622,11.575361,11.552368,11.573107,11.559877,11.550322,11.503428,11.207787,10.694023,9.813291,8.651976,7.9214983,6.6105433,4.8770695,3.89072,3.9194036,3.7213135,2.916018,1.6764607,0.7011829,0.29671568,0.12183246,0.19480821,0.23990093,0.37689006,0.2605434,0.069367275,-0.028429568,-1.1733422,-1.9954863,-2.4100704,-2.5803497,-2.6315136,-2.653651,-2.6343637,-2.6339014,-2.5547786,-2.4243908,-2.2887971,-2.2499752,-2.3726296,-2.508411,-2.6058984,-2.640922,-2.7821734,-2.8460226,-2.8285487,-2.775266,-2.7100656,-2.62578,-2.522851,-2.4476194,-2.4320502,-2.4118423,-2.4416656,-2.483024,-2.55863,-2.722712,-2.7300951,-2.2031698,-0.36747047,0.23903778,-0.33107933,-1.0948548,-1.7541828,-2.5460873,-2.4427447,-2.3365786,-2.3420007,-2.5167835,-3.0112376,-3.2548842,-2.632646,-1.5506849,-1.0384703,-1.0551116,-1.2665434,-1.3148022,-1.2088346,-0.80060625,-0.83651185,-1.3040388,-1.5617322,-1.6085763,-1.6520848,-1.6733971,-1.5898662,-1.3273848,-0.880865,-0.6359529,-0.5620079,-0.5082663,-0.6758555,-0.847944,-0.46136576,-0.025748186,0.0014902577,-0.09433638,-0.15496111,-0.024159908,0.103884116,0.115499064,-0.14291662,-0.55364954,-0.8632573,-1.1134881,-0.96317255,-0.54717904,-0.4017983,-0.91961193,-1.2839618,-1.0954392,-1.4058996,-1.8104342,-2.2965736,-2.2041101,-1.5156611,-1.1478286,-0.6868111,-0.48274922,-0.31665808,-0.32155344,0.031074548,0.30468327,0.12612551,-0.272976,-0.23001109,-0.14504832,-0.15461321,-0.21581586,-0.44605833,-0.89563566,-0.8834245,-0.4012757,0.05403462,-0.1685317,-0.53709984,-0.53609353,-0.4181527,-0.1919801,0.28076118,1.0014555,1.2560048,1.4274061,1.6995215,1.7190862,1.2232219,0.32924604,-0.017012697,-0.13321473,0.048798285,0.102077164,-0.09749891,-0.36617148,-0.5175579,-1.0477091,-1.834378,-2.1121604,-1.9411595,-1.9916866,-1.5892991,-1.6779431,-0.98672515,-0.6184215,-0.97896934,-1.1596603,-1.192645,-1.2584779,-1.3781856,-1.560983,-1.6573949,-1.0443122,-0.5634521,-0.43597972,-0.34793752,0.2265056,0.63490725,0.8034829,0.7940194,0.578974,0.23349911,-0.17424427,-0.32319832,-0.46569306,-0.9549462,-1.7500559,-2.1845934,-2.2074027,-1.955699,-1.5128092,-1.168036,-0.9940032,-0.94396436,-0.8701415,-0.79567176,-0.8570552,-0.9928589,-1.0438542,-1.1179663,-1.1273556,-1.0046824,-0.82748836,-0.92359567,-0.22402681,0.51362115,1.4572346,4.0478716,7.125388,10.34651,11.648212,11.947569,12.062467,12.11919,12.164447,12.213858,12.251455,12.266676,12.292789,11.521971,9.856855,7.5497084,3.4651392,1.5527085,0.8450254,0.6152681,0.36519894,0.19612709,0.119766265,0.03161615,0.0051607788,-0.11231436,-0.20745848,-0.25287876,-0.34322953,-0.52242076,-0.7700832,-0.8677232,-0.7714934,-0.59097874,-0.31820816,0.16553172,1.0215528,1.5895483,1.6419163,1.4828442,1.3042564,0.923966,0.63976085,0.1330934,-0.21295746,-0.36026293,-0.38941234,-0.39609274,-0.66258836,-2.0660357,-2.6277032,-2.9413316,-2.8865275,-2.385667,-1.4436002,-0.9219041,-0.8851707,-1.3260218,-1.7144707,-1.8938673,-1.8186648,-1.3889164,-0.48187503,0.09773776,0.24176258,0.036076054,-0.32148743,-0.3220899,-0.20173153,-0.2129051,-0.35978648,-0.55176085,-0.66850007,-1.4676287,-2.0761793,-2.258444,-2.1699452,-1.8945394,-1.9275001,-1.7620318,-1.5914071,-0.5468919,-0.5911049,-0.87613654,-0.84413034,-0.8073529,-0.8085726,-0.9280436,-0.97204816,-0.80118954,-0.28765577,0.79209507,1.32749,1.1334221,1.1865748,1.2127068,1.5348407,1.6407604,0.76741326,0.23833275,0.07326056,-0.19460405,-0.4436571,-0.52906126,-0.5784186,-0.66097397,-0.3454326,-0.16474952,-0.6243223,-0.8626911,-0.89463794,-0.8300876,-0.62161696,0.063812256,2.4560258,6.0292687,9.266402,11.003084,12.014051,12.459948,12.49855,12.484587,12.464572,12.343005,12.104831,10.544532,7.570409,4.014017,0.96270573,-0.9863781,-1.4589376,-1.4668231,-2.0977569,-2.7134929,-2.994311,-2.9654474,-2.6718206,-2.4790235,-2.3514752,-2.3380084,-2.2165809,-1.9117072,-1.6598271,-1.5164667,-1.292309,-1.1802096,-1.0527854,-0.95395315,-1.0503935,-1.1773405,-1.2097434,-1.2194495,-1.2433599,-1.3668678,-1.4036334,-1.2254723,-0.9232892,-0.7913301,-0.7702871,-0.7769594,-0.86901295,-1.1209162,-1.5408303,-1.6308918,-1.506948,-1.6043444,-1.4463543,-1.4985667,-1.6604908,-1.8668389,-2.5590954,-2.9500759,-2.6843817,-1.7302577,-1.2594081,-1.2850175,-1.0771847,-0.19248673,1.7000418,4.2731767,7.1874294,9.418537,10.839591,11.161438,11.219364,11.159738,11.103011,10.917256,10.640938,10.161233,9.018745,7.906413,5.006314,1.9417193,0.8293162,0.616224,0.40658176,0.49646497,0.35245967,0.25023788,0.48317724,0.7442593,0.724568,1.3059165,2.314613,2.5232263,2.2380314,1.955447,1.8599448,1.6966138,1.658029,1.7094707,1.841085,1.8241739,1.783385,1.7045946,1.6208448,1.6308024,1.496237,1.8711156,1.8185266,1.5630759,0.8174689,0.6561537,0.40354168,0.2865541,1.0965658,1.0990089,1.098996,1.0990486,1.0990229
0.5110686,0.28105545,-0.024332255,-0.2718363,-0.31589192,-0.6706556,-0.8036809,-0.8735949,-0.9056413,-0.67106616,0.41263053,1.4719344,1.9251934,2.2947457,3.8059268,8.425535,10.625421,11.593089,11.951059,11.964396,12.019148,12.095636,12.074404,12.009449,11.928943,11.887739,11.167034,10.144194,8.767237,4.461297,1.51963,0.65124804,0.38337103,0.3718208,0.30292627,0.109868795,0.18857886,0.08428919,0.15377718,0.16246599,0.18922244,0.07782054,-0.07937616,-0.3871947,-0.7732878,-0.9090344,-0.9007276,-0.8175757,-0.33898652,0.11853325,0.29765445,0.59215987,0.88990086,1.038239,1.2564747,1.0993769,0.87029326,0.56282306,0.42522654,0.48154882,0.4959549,0.7640335,1.6866677,2.103528,2.365039,2.5874248,2.5964966,2.5607445,2.5254288,2.4449637,2.3622513,2.2166867,2.0543084,1.8143092,1.5947348,1.4012029,1.2877064,1.1854545,1.1159153,1.1248351,1.1228759,1.0886843,0.98615605,0.8068072,0.58826387,0.36220813,0.17295273,0.101383656,0.020551741,-0.058353484,-0.17887175,-0.31872618,-0.5388504,-0.9309027,-1.5513359,-0.84014356,-0.78061354,0.35756284,4.026445,7.8655443,9.658539,9.97752,9.974609,9.897749,9.728338,9.405521,9.127039,8.372419,6.5373116,3.9000359,2.2844205,1.0080484,0.84591854,0.0035408696,-0.73663414,-0.91476107,-0.9346909,-0.95900464,-0.98864007,-0.9888757,-0.9638605,-0.96173424,-0.99411964,-1.0259666,-0.8276525,-0.41234767,-0.055029154,-0.12636247,0.04302445,-0.51132655,-1.0927764,-1.0865426,-0.94003624,-1.0161345,-1.4661231,-2.0464938,-2.5085087,-2.7482,-2.431993,-1.8603516,-1.3359206,-1.003741,-0.8280369,-0.48070204,-0.8638965,-0.55025625,-0.154827,-0.21356845,-0.33733964,-0.102038056,-0.5213036,-0.52790695,-0.48968458,-0.7580228,-0.7955188,-0.8008853,-0.4828152,-0.8227248,-1.69669,-2.1533566,-1.6601663,-1.1957393,-0.8728218,-0.73230237,-0.5442372,-0.26618403,0.056460544,-0.08194996,-0.6077562,-1.2296276,-1.6268873,-1.5367084,-1.4383261,-1.1746469,-0.7773763,-0.76043355,-1.1744537,-1.0915549,-0.99266076,-0.92570937,-0.6968137,-0.29424053,-0.05065337,0.18595585,0.46517426,0.8380162,0.9711962,1.4963378,2.2668185,2.7944381,3.4303432,4.288927,4.443439,3.3794894,1.6382558,-0.34039733,0.09026931,1.6026875,2.301704,3.3791218,3.8365326,3.86982,3.7798042,3.7071867,3.3616562,2.3928666,0.46095166,-0.23713937,-0.5351526,-0.70719707,-1.1354189,-1.5198743,-1.536054,-1.2642509,-0.683352,0.20680994,1.0103961,0.7440005,0.19224691,-0.00015296042,0.2195079,0.33230925,0.28789616,0.003276527,-0.48179084,-0.87160915,-1.2972289,-1.8637655,-2.5418372,-2.6375782,-2.4312444,-2.2122843,-1.9583176,-1.6907402,-1.2583634,-0.61285406,0.13389716,1.5652688,3.2017608,3.0639253,2.7760386,2.2323303,2.0879087,1.2613125,-0.013700515,-0.48047435,-0.65095425,-0.78069806,-0.8599577,-0.93753636,-0.9906132,-0.93799365,-0.6457951,-0.1545816,0.16872162,0.29553854,1.507498,2.2370522,2.4039717,2.4179337,2.5364757,2.628191,2.6103091,2.642476,2.6948452,2.7282467,2.7316937,2.7784758,2.8361902,2.885467,2.8906612,2.5497255,1.9159744,1.0493617,0.42366758,0.28477067,-0.37426925,-1.1557053,-1.1879214,-1.1241783,-0.98115456,-0.8307595,-0.55721796,0.10759354,1.0986581,1.4879707,1.5567619,1.4375648,1.974386,4.2877655,4.7653627,5.1353173,4.503599,3.635282,3.5850654,3.8387883,2.350294,0.4876964,-0.61254036,-0.9434966,-0.8061615,-0.659598,-0.16515984,0.34236747,0.35649753,0.39501768,0.46371824,0.6875198,1.0619547,1.1228216,1.8042269,2.5416121,3.3694847,4.107945,4.7888317,4.8982635,4.2517695,2.4570403,0.34891626,-0.31249076,0.67359364,1.3228976,2.6353211,3.3288915,3.3468595,3.2622862,3.07124,2.7013392,2.13171,1.6381819,0.3894602,-0.3370282,-0.3170813,-0.26254392,-1.0420263,-1.0069878,-0.83851016,-0.55987597,-0.05375293,-0.03203705,0.035164803,0.11305988,0.15909389,0.20173326,0.06505272,-0.18774545,-0.07366171,-0.5265059,-0.5103479,-0.32894778,-0.16922921,0.14373264,0.35564262,0.33043772,-0.06282147,-0.21778595,0.060450397,0.44846392,0.70806396,0.6902715,0.6296321,0.64480567,0.9420749,2.0508244,3.1876626,6.663123,9.100113,10.229794,9.948591,8.586993,6.4942393,7.566922,8.834572,9.192874,9.148771,8.780806,8.393282,8.003776,7.4407225,6.5509663,5.0460806,2.811924,1.0885271,0.5726813,0.30111888,0.11728415,0.059684172,-0.10074793,-0.18666507,-0.2376458,-0.33568048,-0.5845988,-0.41222513,0.3499434,1.1720588,1.4688175,0.95670044,0.6854272,1.2038227,1.7404399,2.061719,2.2297502,2.1329749,1.2923331,0.7517428,0.07181433,-1.0534949,-0.9409765,-0.29399112,-0.21588868,0.27418387,1.1026162,1.1448205,0.9273187,0.64631176,-0.11937699,-0.44396293,-0.5956516,-0.7919735,-0.56265616,0.047336563,0.5050177,0.32984766,0.15246832,-0.07468569,0.086352736,0.31723422,1.0263224,2.3380718,3.9375634,6.6797953,8.08795,9.454041,10.094571,10.254876,10.290413,10.358073,10.314646,10.369604,10.381096,10.058874,9.012964,7.930154,6.1759367,3.1236336,1.31351,0.5865067,0.2510162,0.14327271,0.10224678,0.12998673,0.25128046,0.3125771,0.39903006,0.44126934,0.32301706,-0.0041922927,-0.18824248,-0.78613496,-1.6571169,-1.9378853,-1.7907964,-1.4296569,-1.3622056,-1.3608005,-1.2370089,-1.4779221,-1.478575,-1.4785793,-1.4785538,-1.4785691
-1.5598291,-1.5516809,-1.5627916,-1.6145811,-1.6707488,-1.8218491,-1.9725611,-2.0180154,-1.999295,-1.8434519,-1.0532964,-0.42693555,-0.2860313,-0.11588809,-0.19423842,-0.620361,-0.12006381,0.82219243,1.3102534,1.3603139,1.4550619,1.6849548,2.1261778,2.453373,2.6296737,2.6119175,2.1910868,1.7373378,1.7190208,2.9859931,3.422534,3.3446183,3.2290173,3.1324944,3.0131269,2.8529806,2.8519258,2.8283024,2.878515,2.8798704,2.9012997,2.8692555,2.708877,2.3304267,1.6325202,0.94212246,0.6073251,0.19668435,-0.08338357,-0.11180633,0.0077400506,0.15231669,0.35077065,0.44620985,0.7515043,0.958686,0.92184776,1.0588437,1.1952393,1.1033677,0.9804486,0.48183292,-0.07571183,0.3101508,0.8778006,1.3235223,1.5868644,1.8222483,1.9594319,2.0156684,1.9407153,1.8157237,1.7458737,1.5709238,1.275214,0.7620125,0.5181025,0.42702138,0.4089892,0.612198,0.95119655,1.2467285,1.4203978,1.560648,1.6679134,1.811044,1.9022613,1.94485,1.9671493,2.0020902,2.059081,2.103071,2.1397448,1.9829552,1.343647,1.1926135,2.728094,2.9374747,1.8662691,0.8698874,1.6582205,1.7606446,1.7900217,1.8563371,2.0283499,2.1205018,1.9845533,1.7854187,1.9996713,2.5640864,2.9784937,3.0034113,2.8976874,2.4401174,1.1423818,-0.5930124,-1.6670076,-1.509815,-1.3153672,-1.2360178,-1.1067517,-1.0011576,-0.7190218,0.049413756,1.0842645,2.314303,3.263575,3.0035214,2.4825616,2.1582966,2.9472275,3.2761724,3.2184007,2.5315557,1.5632479,1.1039437,1.0650452,1.4125621,1.6727343,1.6854436,1.4658787,0.7062894,0.06592131,0.07361427,0.9831205,0.59533805,-0.050169498,-0.06187181,0.4251934,1.2099519,1.3594165,1.3875735,1.8706232,2.625382,3.4512174,3.229267,2.616363,1.5618253,0.6578053,0.41457668,1.1535871,1.4690078,1.5831871,1.6209247,1.6662691,1.7059256,1.7227979,1.6197551,1.31688,1.2584795,2.2168312,2.7856302,2.7922933,2.353613,2.0553641,2.0454817,1.7092751,1.8375037,1.9681859,2.726131,3.6108131,4.565813,4.8464527,4.8063836,4.7418356,4.658982,4.4304605,3.8814578,3.1504648,2.603184,2.6841943,3.4768057,3.6705475,2.59452,2.8017147,3.926475,3.8633225,3.0378556,2.5378647,3.1140375,3.6598203,3.945961,4.1599545,4.336338,4.4484906,3.9573917,2.9826398,2.684857,3.0184102,3.6545718,4.206975,4.434036,4.4696407,4.4885154,4.3938684,4.167923,3.525043,2.781028,2.1600513,1.9845665,2.2604814,2.5932446,2.6629474,2.4948807,2.2350821,2.2893353,2.7830205,3.5740085,4.24618,4.41875,4.4200397,4.349471,4.2454348,4.0946217,3.8109994,3.1545,2.5168786,2.5404334,2.6202269,2.3717499,2.2837176,2.2155404,2.3312957,3.0347257,3.8022518,4.1051373,4.2430725,4.323502,4.4116564,4.501136,4.54352,4.5271235,4.3275824,3.2455344,2.399233,2.4081514,3.536558,3.905151,3.9321675,3.9500997,3.8690958,3.8345008,3.8961654,3.8657916,3.8676836,3.867485,3.8750653,3.8735552,3.8616147,3.780835,3.6367476,3.1329868,2.432545,1.4626615,1.021529,1.6219517,2.3165433,2.7735765,2.8509588,2.7687535,2.7388847,2.520544,2.155836,1.4379249,0.9613699,0.29977345,-0.0845947,0.035745583,0.11996382,0.78988385,1.0606039,0.99215186,0.95596206,0.59541345,0.17500123,0.19466814,0.9202949,1.2237064,1.3557817,1.48445,1.4418653,1.1231378,0.95499116,1.4715493,2.883572,4.1279716,4.2811685,4.4646964,4.462454,4.212413,3.4821544,2.808295,2.3104048,2.6825333,3.334461,3.4164987,2.4141986,2.0259023,3.263421,3.551928,3.0327868,2.0337024,2.6268418,3.3008163,3.6330113,3.8430882,3.989654,4.1241484,4.223166,4.1929293,3.6256757,2.7150226,2.0769606,2.812788,3.2147417,3.0967627,3.4182181,4.076297,4.4487805,4.4672737,4.512828,4.400007,4.369647,4.2123,3.8019955,2.9103494,1.8044927,1.7764134,2.661299,3.2782118,3.5899782,3.7376695,3.7506194,3.583075,3.122736,2.569608,2.635305,3.642333,4.5902405,4.9995427,5.0658355,5.0035625,4.993451,4.815272,4.490921,2.9457655,1.7674662,1.7105315,1.5184724,1.5333576,2.4194572,2.1197696,2.0809104,2.0729427,1.9801931,1.5278118,1.3284453,1.3237016,1.6731758,2.1229165,2.3729568,2.1592915,1.7434707,1.6411555,1.8620591,2.3306594,3.2413747,3.6360931,3.6473508,3.469739,3.1611366,3.2853744,4.085259,4.660924,4.7674284,4.5481734,4.0924816,3.9673896,4.2545743,4.6266165,4.8453274,4.882986,4.605861,3.6464572,3.6711495,4.4526815,4.6607575,4.3235064,3.4013553,3.005186,3.2912705,3.7791948,3.714603,3.2422366,3.3688278,4.466549,5.275657,5.5300612,5.193266,4.5585756,4.0473156,4.458702,5.7702565,6.4299507,6.5743785,6.616528,6.6468925,6.569728,6.293831,5.8207703,4.7641697,4.4453316,4.5268717,4.5161,4.342441,4.253153,4.155078,4.1472077,4.0086727,3.7397819,3.2438092,2.5400257,2.435647,2.8782153,3.818651,4.13731,4.1678104,4.103389,4.111367,4.0817256,4.029288,4.0817633,4.1570697,4.183805,4.204701,4.1770782,4.1205482,3.9785347,3.209285,2.0364122,0.8914567,0.1790774,0.06524604,0.030189127,0.027006775,-0.0450041,-1.2215364,-1.220856,-1.2208623,-1.2208538,-1.2208544
-5.1164794,-5.0784187,-4.99724,-4.8432746,-4.7500324,-4.523653,-4.3995457,-4.30635,-4.2650595,-4.068061,-4.271791,-4.126045,-3.672975,-3.3086214,-3.049785,-2.8670914,-3.162726,-3.8502922,-4.146284,-4.1957345,-4.378139,-4.6221485,-4.9562984,-5.0973496,-5.1350574,-4.9491897,-4.489458,-3.9846954,-3.865089,-4.18841,-3.974532,-3.8333843,-3.8153415,-3.850748,-3.8239594,-3.747749,-3.7655642,-3.7104847,-3.672947,-3.6589293,-3.6471915,-3.6177335,-3.6757455,-3.8214378,-4.3269043,-4.5827775,-4.638756,-4.77081,-4.9355597,-4.855314,-4.6803446,-4.5504375,-4.485957,-4.7816596,-5.0745435,-5.026745,-4.869529,-4.825977,-4.6852884,-4.437269,-4.025975,-3.443893,-3.0569267,-3.4407334,-4.007174,-4.0363097,-4.0507483,-4.1215343,-4.162282,-4.170425,-4.157501,-4.1414404,-4.0759687,-3.8628545,-3.5547152,-3.1311398,-2.9689927,-2.9055676,-2.9229646,-3.0723763,-3.2979612,-3.4339914,-3.4964166,-3.5618653,-3.601746,-3.6063848,-3.5882607,-3.582518,-3.5622387,-3.5836759,-3.6148767,-3.6667106,-3.7220838,-3.4680276,-2.8692665,-3.0150256,-3.9535942,-4.1547318,-4.5822935,-4.48651,-5.1089287,-5.225454,-5.269418,-5.401639,-5.617981,-5.78922,-5.762047,-5.398097,-5.432974,-5.7875824,-5.968212,-6.294094,-6.225731,-6.0265646,-5.7928805,-5.287221,-4.7699366,-4.562086,-4.5457945,-4.524845,-4.5244718,-4.477315,-4.3941417,-4.362255,-4.4739065,-4.463309,-3.8448374,-3.3940415,-3.2900062,-2.9307175,-3.1769605,-3.5976896,-3.7873077,-3.6616602,-3.3369398,-3.0829515,-2.951055,-2.9103851,-2.9354334,-3.006864,-3.1785042,-3.2803788,-3.1269283,-3.5017853,-4.542883,-4.623555,-4.948578,-5.1559486,-5.3866997,-5.6171703,-5.3327646,-4.7343717,-4.5268087,-4.420862,-4.0705857,-3.6462407,-3.2282827,-2.2402103,-1.0158556,-0.38773277,-0.945486,-1.3086846,-1.5371139,-1.6566688,-1.7472856,-1.9627681,-2.385839,-2.7286682,-2.8995361,-3.175641,-4.2361875,-4.9792686,-5.195619,-5.289834,-5.3625817,-5.3214955,-5.0173454,-5.0872493,-5.18108,-5.2398925,-5.3032556,-5.139043,-4.667864,-4.4785314,-4.6445127,-4.5695057,-4.5324917,-4.344669,-3.9116282,-3.4404576,-3.727175,-4.793731,-5.2198954,-5.061616,-4.9456196,-4.9883943,-5.033631,-5.2157626,-5.292584,-5.640604,-5.615078,-5.5109787,-5.4120393,-5.328581,-5.1441045,-4.523278,-3.7586968,-3.7791438,-3.9295568,-3.6791582,-2.972661,-2.4802604,-2.3867779,-2.3626935,-2.4818869,-2.6330738,-2.5765634,-2.184118,-1.816298,-1.8640558,-2.3654966,-2.8642046,-3.1342475,-3.18364,-3.0150447,-2.811012,-2.8437328,-3.1412094,-3.3467157,-3.3305082,-3.24993,-3.1963198,-3.2511086,-3.3993459,-3.6473327,-3.9618611,-4.335279,-4.9542336,-5.307049,-5.092858,-5.02029,-4.88082,-4.632024,-4.3237,-3.881953,-3.6469162,-3.5529313,-3.480465,-3.4819782,-3.488683,-3.4585502,-3.5489655,-3.6530635,-3.5702116,-3.4442725,-3.70062,-4.5309715,-4.5354347,-4.4163604,-4.3381844,-4.2438774,-4.215917,-4.189662,-4.1519957,-4.133357,-4.1442375,-4.1578827,-4.178179,-4.198973,-4.227646,-4.213814,-3.9273725,-3.3196788,-2.495127,-2.3300362,-2.9530911,-3.3455,-3.3440332,-3.3644843,-3.3078663,-3.368897,-3.6187596,-3.9024727,-4.219945,-4.169055,-3.6499133,-3.5465193,-3.1491146,-3.4668205,-4.091947,-4.1563945,-4.148125,-4.282021,-4.054726,-3.9189548,-4.5734673,-4.845122,-4.2188206,-3.6432662,-3.3143299,-3.2186072,-3.1731198,-3.2590227,-3.6512718,-4.1344824,-4.134,-4.089649,-4.267554,-4.304622,-4.3273916,-4.1357574,-3.8286057,-3.5199344,-4.148242,-4.887157,-5.113085,-4.983338,-4.624144,-5.0399323,-4.887675,-5.0185175,-4.723588,-5.071753,-5.12956,-5.0257015,-4.9287696,-4.845436,-4.869772,-4.9713063,-4.917743,-4.666207,-4.1505556,-4.104,-4.556006,-4.4130816,-4.3530664,-4.3493032,-4.2918754,-4.022538,-3.6866515,-3.5918775,-3.5674927,-3.6374242,-3.696053,-3.5870585,-3.153245,-2.4069076,-2.558456,-3.5100908,-3.8995676,-4.0688944,-4.232337,-4.294139,-4.1561646,-3.5780187,-2.538937,-1.6746471,-2.059574,-2.5980988,-2.9829278,-3.1727114,-3.3435142,-3.4710245,-3.820702,-4.1710825,-4.8754597,-5.202241,-5.2758303,-5.071716,-4.999446,-4.9940066,-4.8608694,-4.4371367,-4.2297783,-4.1551023,-3.887235,-3.7721663,-3.7900457,-4.0592194,-4.3412447,-4.38848,-4.0754275,-3.9042873,-3.9806685,-4.218032,-4.378534,-4.5668225,-4.412532,-4.2674847,-4.024673,-3.6611,-3.2312572,-3.4842591,-4.098359,-4.4639235,-4.5106373,-4.2501125,-4.217907,-4.502651,-4.719369,-4.8211346,-4.841647,-4.734551,-4.292012,-4.562415,-4.9443436,-4.832993,-4.812691,-4.7336802,-4.630232,-4.7101374,-5.271681,-5.4697394,-5.2786303,-5.2073135,-5.5217485,-5.640764,-5.614417,-5.452244,-5.043889,-4.3828344,-3.982269,-4.1808596,-4.288646,-4.272457,-4.3509645,-4.4507422,-4.8443723,-5.354207,-5.8225555,-6.15827,-6.111317,-6.4626837,-6.7933106,-6.8362007,-6.8107758,-6.752919,-6.744338,-6.626653,-6.4015713,-5.9897795,-5.3617196,-5.2306814,-5.3631263,-5.136842,-4.7876277,-4.524905,-4.346131,-4.2793894,-4.252863,-4.2708006,-4.3248405,-4.335373,-4.417657,-4.487807,-4.577602,-4.7164435,-4.942589,-5.1632624,-4.94956,-4.6772504,-4.7084446,-5.0209155,-4.9922676,-4.874666,-4.918684,-3.990201,-3.9886346,-3.9886103,-3.988654,-3.9886098
